1989
47307
0.9982784145 -0.0584517372 0.0048581452 0.0560336522 0.9259380960 -0.3734954781 0.0173331178 0.3731246933 0.9276192787
0.9849798592 -0.1726005718 0.0048702817 0.1619030190 0.9133931185 -0.3734975549 0.0600174098 0.3686760823 0.9276183789
0.9586725584 -0.2844698364 0.0048824171 0.2656337411 0.8887838527 -0.3734996368 0.1019099671 0.3593607871 0.9276174768
0.9197039573 -0.3925820605 0.0048945515 0.3658557224 0.8524353657 -0.3735017238 0.1424577876 0.3453017131 0.9276165725
0.8685887206 -0.4955093934 0.0049066848 0.4612452133 0.8048277782 -0.3735038160 0.1811256131 0.3266843866 0.9276156660
0.8060019346 -0.5918924621 0.0049188171 0.5505422954 0.7465899234 -0.3735059134 0.2174029954 0.3037545056 0.9276147573
0.7327701920 -0.6804583245 0.0049309483 0.6325675226 0.6784910401 -0.3735080159 0.2508110344 0.2768146982 0.9276138463
0.6498606746 -0.7600372817 0.0049430784 0.7062374995 0.6014306127 -0.3735101235 0.2809087003 0.2462205281 0.9276129331
0.5583683793 -0.8295783260 0.0049552075 0.7705791909 0.5164264903 -0.3735122363 0.3072986553 0.2123758018 0.9276120176
0.4595016571 -0.8881630215 0.0049673355 0.8247427735 0.4246014423 -0.3735143542 0.3296324996 0.1757272388 0.9276111000
0.3545662534 -0.9350176346 0.0049794625 0.8680128605 0.3271683284 -0.3735164773 0.3476153707 0.1367585754 0.9276101801
0.2449480634 -0.9695233521 0.0049915883 0.8998179507 0.2254140788 -0.3735186055 0.3610098362 0.0959841799 0.9276092579
0.1320948284 -0.9912244545 0.0050037131 0.9197379760 0.1206826960 -0.3735207389 0.3696390290 0.0539422629 0.9276083336
0.0174970149 -0.9998343342 0.0050158369 0.9275098502 0.0143575024 -0.3735228774 0.3733889825 0.0111877735 0.9276074070
-0.0973318697 -0.9952392812 0.0050279595 0.9230309431 -0.0921571304 -0.3735250210 0.3722101358 -0.0317149265 0.9276064781
-0.2108752667 -0.9774999844 0.0050400811 0.9063604362 -0.1974543315 -0.3735271698 0.3661179885 -0.0741995115 0.9276055471
-0.3216335948 -0.9468507305 0.0050522016 0.8777185404 -0.3001433126 -0.3735293238 0.3551928976 -0.1157051682 0.9276046138
-0.4281440560 -0.9036963096 0.0050643210 0.8374835871 -0.3988677383 -0.3735314829 0.3395790168 -0.1556839984 0.9276036783
-0.5289999543 -0.8486066687 0.0050764393 0.7861870310 -0.4923236403 -0.3735336471 0.3194823950 -0.1936082515 0.9276027405
-0.6228692744 -0.7823093848 0.0050885565 0.7245064301 -0.5792766408 -0.3735358165 0.2951682567 -0.2289772911 0.9276018006
-0.7085122739 -0.7056800556 0.0051006726 0.6532564961 -0.6585782563 -0.3735379910 0.2669575023 -0.2613242039 0.9276008584
-0.7847978565 -0.6197307349 0.0051127876 0.5733783331 -0.7291810667 -0.3735401706 0.2352224724 -0.2902219636 0.9275999139
-0.8507185105 -0.5255965671 0.0051249015 0.4859270074 -0.7901525500 -0.3735423554 0.2003820337 -0.3152890681 0.9275989673
-0.9054036151 -0.4245207943 0.0051370144 0.3920576112 -0.8406873986 -0.3735445453 0.1628960503 -0.3361945762 0.9275980184
-0.9481309392 -0.3178383372 0.0051491261 0.2930100059 -0.8801181564 -0.3735467404 0.1232593142 -0.3526624763 0.9275970673
-0.9783361793 -0.2069581646 0.0051612367 0.1900924458 -0.9079240337 -0.3735489406 0.0819950140 -0.3644753312 0.9275961139
-0.9956204128 -0.0933446847 0.0051733462 0.0846642977 -0.9237377864 -0.3735511459 0.0396478293 -0.3714771484 0.9275951584
-0.9997553663 0.0215015953 0.0051854546 -0.0218819136 -0.9273505657 -0.3735533564 -0.0032232589 -0.3735754404 0.9275942006
-0.9906864308 0.1360638867 0.0051975618 -0.1281388984 -0.9187146768 -0.3735555720 -0.0460523467 -0.3707424462 0.9275932406
-0.9685333823 0.2488291516 0.0052096680 -0.2327031899 -0.8979442081 -0.3735577928 -0.0882740775 -0.3630154989 0.9275922783
-0.9335888006 0.3583080859 0.0052217730 -0.3341936815 -0.8653135245 -0.3735600187 -0.1293311044 -0.3504965334 0.9275913138
-0.8863142046 0.4630547886 0.0052338769 -0.4312698689 -0.8212536428 -0.3735622497 -0.1686814481 -0.3333507416 0.9275903471
-0.8273339570 0.5616858581 0.0052459797 -0.5226495554 -0.7663465385 -0.3735644859 -0.2058056504 -0.3118043933 0.9275893782
-0.7574270186 0.6528986629 0.0052580814 -0.6071257878 -0.7013174589 -0.3735667272 -0.2402136324 -0.2861418492 0.9275884071
-0.6775166601 0.7354885454 0.0052701819 -0.6835827976 -0.6270253430 -0.3735689736 -0.2714511634 -0.2567018090 0.9275874337
-0.5886582684 0.8083647323 0.0052822813 -0.7510107382 -0.5444514770 -0.3735712252 -0.2991058576 -0.2238728405 0.9275864581
-0.4920254082 0.8705647404 0.0052943795 -0.8085190234 -0.4546865320 -0.3735734819 -0.3228126182 -0.1880882515 0.9275854803
-0.3888943220 0.9212670881 0.0053064766 -0.8553480898 -0.3589161588 -0.3735757437 -0.3422584574 -0.1498203702 0.9275845002
-0.2806270755 0.9598021449 0.0053185726 -0.8908794290 -0.2584053269 -0.3735780107 -0.3571866284 -0.1095743115 0.9275835179
-0.1686535676 0.9856609752 0.0053306674 -0.9146437572 -0.1544816162 -0.3735802828 -0.3674000157 -0.0678813092 0.9275825334
-0.0544526465 0.9985020602 0.0053427611 -0.9263272129 -0.0485176825 -0.3735825600 -0.3727637374 -0.0252917041 0.9275815467
0.0604674224 0.9981558077 0.0053548537 -0.9257755023 0.0580868739 -0.3735848424 -0.3732069268 0.0176323201 0.9275805577
0.1745888759 0.9846267924 0.0053669450 -0.9129959369 0.1639239935 -0.3735871299 -0.3687236684 0.0603241580 0.9275795666
0.2864044984 0.9580936955 0.0053790353 -0.8881573366 0.2675957565 -0.3735894225 -0.3593730774 0.1022202615 0.9275785732
0.3944375280 0.9189069443 0.0053911243 -0.8515877996 0.3677328461 -0.3735917202 -0.3452785195 0.1427675789 0.9275775775
0.4972611600 0.8675840847 0.0054032123 -0.8037703685 0.4630126355 -0.3735940231 -0.3266259841 0.1814308554 0.9275765797
0.5935173911 0.8048029455 0.0054152990 -0.7453366497 0.5521766566 -0.3735963311 -0.3036616294 0.2176996989 0.9275755796
0.6819349546 0.7313926861 0.0054273846 -0.6770584708 0.6340472224 -0.3735986443 -0.2766885341 0.2510953178 0.9275745773
0.7613461103 0.6483228459 0.0054394690 -0.5998376858 0.7075429821 -0.3736009625 -0.2460626974 0.2811768411 0.9275735728
0.8307020667 0.5566905397 0.0054515523 -0.5146942631 0.7716932034 -0.3736032859 -0.2121883407 0.3075471390 0.9275725661
0.8890868327 0.4577059674 0.0054636343 -0.4227528130 0.8256505944 -0.3736056144 -0.1755125721 0.3298580656 0.9275715571
0.9357293154 0.3526764309 0.0054757152 -0.3252277333 0.8687024937 -0.3736079481 -0.1365194852 0.3478150550 0.9275705459
0.9700135033 0.2429890687 0.0054877950 -0.2234071696 0.9002802842 -0.3736102868 -0.0957237693 0.3611810105 0.9275695325
0.9914866028 0.1300925356 0.0054998735 -0.1186360002 0.9199669025 -0.3736126307 -0.0536639161 0.3697794350 0.9275685169
0.9998650179 0.0154778700 0.0055119509 -0.0122980733 0.9275023473 -0.3736149797 -0.0108951114 0.3734967620 0.9275674991
0.9950380955 -0.0993411985 0.0055240270 0.0942020718 0.9227871139 -0.3736173339 0.0320180927 0.3722838551 0.9275664790
0.9770695871 -0.2128482405 0.0055361020 0.1994577560 0.9058835071 -0.3736196932 0.0745092308 0.3661566578 0.9275654567
0.9461968069 -0.3235441552 0.0055481758 0.3020787404 0.8770148190 -0.3736220575 0.1160174005 0.3551959838 0.9275644322
0.9028274970 -0.4299669688 0.0055602484 0.4007095885 0.8365623785 -0.3736244271 0.1559946677 0.3395464512 0.9275634055
0.8475344428 -0.5307111433 0.0055723199 0.4940475695 0.7850605150 -0.3736268017 0.1939132988 0.3194145743 0.9275623765
0.7810479078 -0.6244461389 0.0055843901 0.5808598645 0.7231894998 -0.3736291814 0.2292727275 0.2950660385 0.9275613453
0.7042459892 -0.7099339873 0.0055964591 0.6599998502 0.6517665612 -0.3736315663 0.2616061628 0.2668221942 0.9275603119
0.6181430205 -0.7860456416 0.0056085269 0.7304222434 0.5717350900 -0.3736339563 0.2904867513 0.2350558151 0.9275592763
0.5238761750 -0.8517758873 0.0056205935 0.7911969067 0.4841521782 -0.3736363514 0.3155332122 0.2001861788 0.9275582385
0.4226904475 -0.9062566186 0.0056326589 0.8415211347 0.3901746571 -0.3736387517 0.3364148709 0.1626735327 0.9275571985
0.3159222109 -0.9487683035 0.0056447231 0.8807302552 0.2910438170 -0.3736411570 0.3528560249 0.1230130188 0.9275561562
0.2049815666 -0.9787494869 0.0056567860 0.9083064082 0.1880690118 -0.3736435675 0.3646395838 0.0817281388 0.9275551117
0.0913337216 -0.9958042054 0.0056688478 0.9238853863 0.0826103646 -0.3736459831 0.3716099357 0.0393638438 0.9275540650
-0.0235203631 -0.9997072170 0.0056809083 0.9272614438 -0.0239391972 -0.3736484038 0.3736750023 -0.0035206589 0.9275530161
-0.1380637958 -0.9904069762 0.0056929676 0.9183900149 -0.1301723399 -0.3736508296 0.3708074552 -0.0463592872 0.9275519649
-0.2507837877 -0.9680263140 0.0057050257 0.8973883013 -0.2346859124 -0.3736532606 0.3630450777 -0.0885865566 0.9275509116
-0.3601916328 -0.9328608163 0.0057170826 0.8645337244 -0.3360994789 -0.3736556966 0.3504902667 -0.1296450448 0.9275498560
-0.4648423690 -0.8853749200 0.0057291382 0.8202602601 -0.4330735523 -0.3736581378 0.3333086821 -0.1689927496 0.9275487982
-0.5633538624 -0.8261957785 0.0057411926 0.7651527070 -0.5243272860 -0.3736605841 0.3117270611 -0.2061102442 0.9275477382
-0.6544250608 -0.7561049795 0.0057532458 0.6999389614 -0.6086553920 -0.3736630355 0.2860302259 -0.2405075338 0.9275466759
-0.7368531769 -0.6760282220 0.0057652977 0.6254804032 -0.6849440600 -0.3736654920 0.2565573246 -0.2717305242 0.9275456115
-0.8095495743 -0.5870230907 0.0057773484 0.5427605180 -0.7521856689 -0.3736679537 0.2236973558 -0.2993670162 0.9275445448
-0.8715541441 -0.4902650883 0.0057893979 0.4528719067 -0.8094920957 -0.3736704204 0.1878840335 -0.3230521478 0.9275434760
-0.9220479862 -0.3870321102 0.0058014461 0.3570018544 -0.8561064452 -0.3736728923 0.1495900634 -0.3424732108 0.9275424049
-0.9603642241 -0.2786875676 0.0058134930 0.2564166475 -0.8914130475 -0.3736753692 0.1093209032 -0.3573737796 0.9275413315
-0.9859968124 -0.1666623804 0.0058255387 0.1524448489 -0.9149455894 -0.3736778513 0.0676080912 -0.3675570969 0.9275402560
-0.9986072202 -0.0524360792 0.0058375832 0.0464597492 -0.9263932730 -0.3736803385 0.0250022296 -0.3728886714 0.9275391783
-0.9980289022 0.0624827354 0.0058496264 -0.0601387717 -0.9256049212 -0.3736828308 -0.0179342825 -0.3732980547 0.9275380983
-0.9842694982 0.1765763168 0.0058616683 -0.1659427347 -0.9125909731 -0.3736853282 -0.0606346733 -0.3687797718 0.9275370162
-0.9575107323 0.2883378177 0.0058737090 -0.2695546587 -0.8875233468 -0.3736878307 -0.1025352797 -0.3593933941 0.9275359318
-0.9181060123 0.3962911910 0.0058857484 -0.3696060182 -0.8507331675 -0.3736903383 -0.1430829878 -0.3452627544 0.9275348452
-0.8665757631 0.4990106842 0.0058977866 -0.4647753200 -0.8027063940 -0.3736928511 -0.1817425343 -0.3265743132 0.9275337563
-0.8036005523 0.5951396695 0.0059098235 -0.5538055568 -0.7440773995 -0.3736953689 -0.2180035723 -0.3035746980 0.9275326653
-0.7300121029 0.6834085610 0.0059218591 -0.6355208104 -0.6756205926 -0.3736978919 -0.2513874086 -0.2765674486 0.9275315721
-0.6467823076 0.7626515819 0.0059338935 -0.7088417832 -0.5982401880 -0.3737004199 -0.2814533229 -0.2459090116 0.9275304766
-0.5550103937 0.8318221618 0.0059459265 -0.7728000535 -0.5129582636 -0.3737029531 -0.3078043861 -0.2120040355 0.9275293789
-0.4559084050 0.8900067578 0.0059579583 -0.8265508667 -0.4209012598 -0.3737054914 -0.3300927006 -0.1753000301 0.9275282791
-0.3507851943 0.9364369208 0.0059699888 -0.8693842924 -0.3232851016 -0.3737080347 -0.3480239929 -0.1362814601 0.9275271770
-0.2410291371 0.9704994439 0.0059820181 -0.9007346012 -0.2213991379 -0.3737105832 -0.3613614995 -0.0954633500 0.9275260727
-0.1280897954 0.9917444609 0.0059940460 -0.9201877366 -0.1165891112 -0.3737131368 -0.3699290929 -0.0533844869 0.9275249661
-0.0134587730 0.9998913884 0.0060060727 -0.9274867837 -0.0102393826 -0.3737156955 -0.3736136071 -0.0106003077 0.9275238574
0.1013499844 0.9948326307 0.0060180980 -0.9225353623 0.0962453530 -0.3737182593 -0.3723663330 0.0323244315 0.9275227465
0.2148201839 0.9766350015 0.0060301221 -0.9053988993 0.2014586206 -0.3737208281 -0.3662036616 0.0748231111 0.9275216333
0.3254532112 0.9455388410 0.0060421449 -0.8763037642 0.3040107424 -0.3737234021 -0.3552068694 0.1163347270 0.9275205179
0.4317879234 0.9019548416 0.0060541663 -0.8356342792 0.4025471927 -0.3737259812 -0.3395210459 0.1563112964 0.9275194004
0.5324199459 0.8464586243 0.0060661865 -0.7839276421 0.4957664887 -0.3737285654 -0.3193531793 0.1942250913 0.9275182806
0.6260202204 0.7797831360 0.0060782054 -0.7218668309 0.5824373807 -0.3737311547 -0.2949694258 0.2295756050 0.9275171586
0.7113525581 0.7028089693 0.0060902230 -0.6502715821 0.6614151150 -0.3737337491 -0.2666915965 0.2618961595 0.9275160344
0.7872899659 0.6165527328 0.0061022392 -0.5700875637 0.7316565529 -0.3737363486 -0.2348929104 0.2907600664 0.9275149079
0.8528295308 0.5221536242 0.0061142542 -0.4823738839 0.7922339497 -0.3737389532 -0.1999930686 0.3157862596 0.9275137793
0.9071056657 0.4208583848 0.0061262678 -0.3882891018 0.8423472073 -0.3737415628 -0.1624527150 0.3366443262 0.9275126485
0.9494015408 0.3140048340 0.0061382801 -0.2890759252 0.8813344423 -0.3737441776 -0.1227673561 0.3530588691 0.9275115154
0.9791585513 0.2030042001 0.0061502911 -0.1860447957 0.9086807279 -0.3737467975 -0.0814608206 0.3648131432 0.9275103801
0.9959836948 0.0893224821 0.0061623008 -0.0805565806 0.9240248950 -0.3737494225 -0.0390783454 0.3717519168 0.9275092427
0.9996547614 -0.0255389115 0.0061743091 0.0259954023 0.9271643017 -0.3737520525 0.0038206216 0.3737835225 0.9275081030
0.9901232689 -0.1400629926 0.0061863161 0.1322037881 0.9180575101 -0.3737546877 0.0466698060 0.3708810676 0.9275069611
0.9675151029 -0.2527372281 0.0061983218 0.2366657532 0.8968248330 -0.3737573280 0.0889035821 0.3630827901 0.9275058170
0.9321288541 -0.3620735164 0.0062103262 0.3380015444 0.8637467443 -0.3737599733 0.1299644388 0.3504915555 0.9275046707
0.8844318747 -0.4666278406 0.0062223292 0.4348727031 0.8192601743 -0.3737626238 0.1693103395 0.3332734992 0.9275035222
0.8250541063 -0.5650193401 0.0062343309 0.5259997435 0.7639527379 -0.3737652793 0.2064218773 0.3116558349 0.9275023715
0.7547797599 -0.6559485478 0.0062463313 0.6101790525 0.6985549735 -0.3737679399 0.2408091316 0.2859238564 0.9275012186
0.6745369587 -0.7382145519 0.0062583303 0.6862987871 0.6239306926 -0.3737706056 0.2720181358 0.2564171721 0.9275000634
0.5853854804 -0.8107308569 0.0062703279 0.7533535594 0.5410655713 -0.3737732764 0.2996368701 0.2235252229 0.9274989061
0.4885027604 -0.8725397329 0.0062823242 0.8104577161 0.4510541296 -0.3737759523 0.3233007013 0.1876821427 0.9274977465
0.3851683416 -0.9228248643 0.0062943192 0.8568570360 0.3550852758 -0.3737786333 0.3426971965 0.1493610280 0.9274965848
0.2767469746 -0.9609221313 0.0063063128 0.8919386916 0.2544266019 -0.3737813194 0.3575702484 0.1090676937 0.9274954208
0.1646705942 -0.9863283806 0.0063183051 0.9152393430 0.1504076411 -0.3737840106 0.3677234565 0.0673339965 0.9274942547
0.0504194070 -0.9987080708 0.0063302960 0.9264512577 0.0444023071 -0.3737867068 0.3730227211 0.0247108148 0.9274930863
-0.0644976580 -0.9978977039 0.0063422855 0.9254263748 -0.0621892532 -0.3737894082 0.3733980142 -0.0182392231 0.9274919157
-0.1785628772 -0.9839079846 0.0063542737 0.9121782599 -0.1679591533 -0.3737921146 0.3688443046 -0.0609491651 0.9274907429
-0.2902697780 -0.9569236786 0.0063662605 0.8868819261 -0.2715103627 -0.3737948261 0.3594216258 -0.1028552198 0.9274895680
-0.3981430345 -0.9173011730 0.0063782460 0.8498715216 -0.3714751591 -0.3737975427 0.3452542844 -0.1434041984 0.9274883908
-0.5007579525 -0.8655637689 0.0063902300 0.8016359158 -0.4665331938 -0.3738002644 0.3265292201 -0.1820608171 0.9274872114
-0.5967592854 -0.8023947700 0.0064022127 0.7428122420 -0.5554289306 -0.3738029912 0.3034935393 -0.2183147639 0.9274860298
-0.6848791334 -0.7286284586 0.0064141941 0.6741774817 -0.6369882296 -0.3738057230 0.2764512539 -0.2516874345 0.9274848460
-0.7639536884 -0.6452390768 0.0064261740 0.5966382015 -0.7101338548 -0.3738084600 0.2457592693 -0.2817382509 0.9274836600
-0.8329386049 -0.5533279594 0.0064381526 0.5112185787 -0.7738997028 -0.3738112020 0.2118226740 -0.3080704779 0.9274824718
-0.8909227925 -0.4541089887 0.0064501298 0.4190468736 -0.8274435625 -0.3738139491 0.1750893927 -0.3303364607 0.9274812814
-0.9371404489 -0.3488925625 0.0064621056 0.3213405269 -0.8700582392 -0.3738167013 0.1360442750 -0.3482422149 0.9274800887
-0.9709811740 -0.2390682876 0.0064740800 0.2193900788 -0.9011808951 -0.3738194586 0.0952026950 -0.3615513078 0.9274788939
-0.9919980311 -0.1260866267 0.0064860530 0.1145421239 -0.9204004829 -0.3738222209 0.0531037491 -0.3700879808 0.9274776969
-0.9999134502 -0.0114397426 0.0064980246 0.0081815241 -0.9274631749 -0.3738249883 0.0103031402 -0.3737394701 0.9274764977
-0.9946228936 0.1033582097 0.0065099948 -0.0982868825 -0.9222757147 -0.3738277608 -0.0326341580 -0.3724574963 0.9274752963
-0.9761962362 0.2167910800 0.0065219637 -0.2034568375 -0.9049066492 -0.3738305384 -0.0751413579 -0.3662589027 0.9274740926
-0.9448768433 0.3273607472 0.0065339311 -0.3059392357 -0.8755854225 -0.3738333211 -0.1166573405 -0.3552254342 0.9274728868
-0.9010783557 0.4336069051 0.0065458971 -0.4043804737 -0.8346993448 -0.3738361088 -0.1566340621 -0.3395026592 0.9274716788
-0.8453792272 0.5341263490 0.0065578617 -0.4974803277 -0.7827884767 -0.3738389016 -0.1945437891 -0.3192980490 0.9274704686
-0.7785150846 0.6275915076 0.0065698249 -0.5840091271 -0.7205384952 -0.3738416995 -0.2298860640 -0.2948782401 0.9274692561
-0.7013690124 0.7127679766 0.0065817867 -0.6628239967 -0.6487716373 -0.3738445025 -0.2621943131 -0.2665655157 0.9274680415
-0.6149598894 0.7885308218 0.0065937471 -0.7328839511 -0.5684358386 -0.3738473105 -0.2910420048 -0.2347335522 0.9274668247
-0.5204289327 0.8538794357 0.0066057061 -0.7932636445 -0.4805922132 -0.3738501237 -0.3160482817 -0.1998024873 0.9274656057
-0.4190246248 0.9079507533 0.0066176636 -0.8431655924 -0.3864010374 -0.3738529419 -0.3368829881 -0.1622333750 0.9274643844
-0.3120862256 0.9500306500 0.0066296198 -0.8819307046 -0.2871064247 -0.3738557651 -0.3532710291 -0.1225220999 0.9274631610
-0.2010260841 0.9795633737 0.0066415745 -0.9090469906 -0.1840198928 -0.3738585935 -0.3649960033 -0.0811928323 0.9274619354
-0.0873109851 0.9961588841 0.0066535278 -0.9241563212 -0.0785030407 -0.3738614269 -0.3719030597 -0.0387911092 0.9274607076
0.0275572221 0.9995980046 0.0066654796 -0.9270591589 0.0280504360 -0.3738642653 -0.3739009433 0.0041233667 0.9274594775
0.1420614595 0.9898353164 0.0066774300 -0.9177171926 0.1342331528 -0.3738671089 -0.3709632005 0.0469841148 0.9274582453
0.2546894562 0.9669997586 0.0066893790 -0.8962538434 0.2386426261 -0.3738699575 -0.3631285296 0.0892253545 0.9274570109
0.3639537213 0.9313929251 0.0067013265 -0.8629526342 0.3398997971 -0.3738728112 -0.3505002708 0.1302894735 0.9274557743
0.4684111893 0.8834850818 0.0067132726 -0.8182534442 0.4366672468 -0.3738756700 -0.3332450431 0.1696343888 0.9274545355
0.5666822790 0.8239089550 0.0067252173 -0.7627466985 0.5276668607 -0.3738785338 -0.3115905464 0.2067407023 0.9274532945
0.6574691135 0.7534513757 0.0067371605 -0.6971655695 0.6116967104 -0.3738814027 -0.2858225561 0.2411185580 0.9274520513
0.7395726616 0.6730428871 0.0067491023 -0.6223762922 0.6876469287 -0.3738842767 -0.2562811525 0.2723141084 0.9274508059
0.8119085736 0.5837454551 0.0067610426 -0.5393667230 0.7545143689 -0.3738871557 -0.2233562317 0.2999155059 0.9274495583
0.8735215022 0.4867384430 0.0067729815 -0.4492332910 0.8114158542 -0.3738900398 -0.1874823604 0.3235583404 0.9274483085
0.9235977199 0.3833030350 0.0067849189 -0.3531665163 0.8575998423 -0.3738929289 -0.1491330398 0.3429304505 0.9274470565
0.9614758662 0.2748053157 0.0067968549 -0.2524352847 0.8924563521 -0.3738958232 -0.1088144560 0.3577760445 0.9274458023
0.9866556818 0.1626782281 0.0068087894 -0.1483700880 0.9155250200 -0.3738987225 -0.0670587987 0.3678990783 0.9274445459
0.9988046162 0.0484026483 0.0068207224 -0.0423454507 0.9265011799 -0.3739016268 -0.0244172363 0.3731658443 0.9274432873
0.9977622191 -0.0665121722 0.0068326540 0.0642382260 0.9252398868 -0.3739045362 0.0185473589 0.3735067374 0.9274420266
0.9835422596 -0.1805485398 0.0068445841 0.1699731603 0.9117578314 -0.3739074507 0.0612678411 0.3689171745 0.9274407636
0.9563325447 -0.2922003631 0.0068565127 0.2734627842 0.8862331187 -0.3739103703 0.1031802773 0.3594576569 0.9274394984
0.9164924384 -0.3999930436 0.0068684398 0.3733401901 0.8490029154 -0.3739132949 0.1437313914 0.3452529720 0.9274382311
0.8645481157 -0.5025029514 0.0068803655 0.4682861848 0.8005589961 -0.3739162245 0.1823858679 0.3264905475 0.9274369615
0.8011856134 -0.5983762271 0.0068922897 0.5570467136 0.7415412472 -0.3739191592 0.2186334186 0.3034179783 0.9274356898
0.7272417695 -0.6863466621 0.0069042125 0.6384494240 0.6727292151 -0.3739220990 0.2519955191 0.2763397594 0.9274344159
0.6436931706 -0.7652524219 0.0069161337 0.7114191505 0.5950318091 -0.3739250439 0.2820317259 0.2456132670 0.9274331397
0.5516432546 -0.8340513903 0.0069280535 0.7749921147 0.5094752964 -0.3739279937 0.3083454910 0.2116440423 0.9274318614
0.4523077369 -0.8918349331 0.0069399717 0.8283286554 0.4171897461 -0.3739309487 0.3305893976 0.1748804386 0.9274305809
0.3469985544 -0.9378398981 0.0069518885 0.8707243185 0.3193941030 -0.3739339087 0.3484697466 0.1358077042 0.9274292982
0.2371065391 -0.9714586942 0.0069638038 0.9016191613 0.2173800874 -0.3739368738 0.3617504348 0.0949415769 0.9274280133
0.1240830482 -0.9922473162 0.0069757176 0.9206051478 0.1124951334 -0.3739398439 0.3702560722 0.0528214772 0.9274267262
0.0094207969 -0.9999312084 0.0069876299 0.9274315379 0.0061245915 -0.3739428191 0.3738742986 0.0100033877 0.9274254369
-0.1053658568 -0.9944088911 0.0069995407 0.9220081988 -0.1003265694 -0.3739457993 0.3725572675 -0.0329474857 0.9274241455
-0.2187609121 -0.9757533002 0.0070114499 0.9044067951 -0.2054523193 -0.3739487846 0.3663222793 -0.0754641742 0.9274228518
-0.3292667475 -0.9442108247 0.0070233577 0.8748598417 -0.3078641380 -0.3739517749 0.3552515538 -0.1169854310 0.9274215560
-0.4354238999 -0.9001980518 0.0070352640 0.8337576323 -0.4062093554 -0.3739547703 0.3394911457 -0.1569631394 0.9274202579
-0.5358303402 -0.8442962655 0.0070471688 0.7816430840 -0.4991890173 -0.3739577707 0.3192490185 -0.1948695488 0.9274189577
-0.6291599897 -0.7772437693 0.0070590720 0.7192045658 -0.5855750425 -0.3739607762 0.2947922997 -0.2302042413 0.9274176553
-0.7141802340 -0.6999261352 0.0070709737 0.6472668062 -0.6642264431 -0.3739637868 0.2664437557 -0.2625007381 0.9274163507
-0.7897682022 -0.6133645080 0.0070828739 0.5667799996 -0.7341043950 -0.3739668024 0.2345775326 -0.2913326579 0.9274150439
-0.8549255968 -0.5187021188 0.0070947726 0.4788072555 -0.7942859583 -0.3739698230 0.1996142178 -0.3163193455 0.9274137349
-0.9087918783 -0.4171891863 0.0071066698 0.3845105564 -0.8439762677 -0.3739728487 0.1620152891 -0.3371308980 0.9274124237
-0.9506556303 -0.3101664047 0.0071185655 0.2851354101 -0.8825190307 -0.3739758794 0.1222770234 -0.3534925203 0.9274111104
-0.9799639554 -0.1990472375 0.0071304596 0.1819943983 -0.9094051957 -0.3739789152 0.0809239469 -0.3651881533 0.9274097948
-0.9963297772 -0.0852992490 0.0071423521 0.0764498393 -0.9242796755 -0.3739819560 0.0385019109 -0.3720633273 0.9274084771
-0.9995369527 0.0295752771 0.0071542432 -0.0301042052 -0.9269460368 -0.3739850019 -0.0044291127 -0.3740272020 0.9274071572
-0.9895431266 0.1440591795 0.0071661327 -0.1362603442 -0.9173690942 -0.3739880528 -0.0473024233 -0.3710537668 0.9274058351
-0.9664802908 0.2566404559 0.0071780207 -0.2406164457 -0.8956753746 -0.3739911088 -0.0895520723 -0.3631821854 0.9274045108
-0.9306530411 0.3658322326 0.0071899071 -0.3417941569 -0.8621514457 -0.3739941698 -0.1306203333 -0.3505162797 0.9274031843
-0.8825345543 0.4701924017 0.0072017920 -0.4384571097 -0.8172401303 -0.3739972358 -0.1699650651 -0.3332231608 0.9274018556
-0.8227603392 0.5683426669 0.0072136753 -0.5293285712 -0.7615346572 -0.3740003069 -0.2070668681 -0.3115310239 0.9274005247
-0.7521198428 0.6589867475 0.0072255571 -0.6132083075 -0.6957708251 -0.3740033831 -0.2414359411 -0.2857261373 0.9273991917
-0.6715460241 0.7409274978 0.0072374374 -0.6889884361 -0.6208172836 -0.3740064642 -0.2726185475 -0.2561490647 0.9273978565
-0.5821030329 0.8130827181 0.0072493161 -0.7556680586 -0.5376640600 -0.3740095504 -0.3002030052 -0.2231901702 0.9273965191
-0.4849721545 0.8744994479 0.0072611932 -0.8123664811 -0.4474094815 -0.3740126417 -0.3238251220 -0.1872844666 0.9273951795
-0.3814362093 0.9243665510 0.0072730688 -0.8583348459 -0.3512456692 -0.3740157380 -0.3431730039 -0.1489058737 0.9273938377
-0.2728626097 0.9620254289 0.0072849428 -0.8929660219 -0.2504427908 -0.3740188393 -0.3579911729 -0.1085609629 0.9273924937
-0.1606853007 0.9869787184 0.0072968152 -0.9158026242 -0.1463322849 -0.3740219457 -0.3680839410 -0.0667822713 0.9273911476
-0.0463858217 0.9988968609 0.0073086861 -0.9265430541 -0.0402892738 -0.3740250571 -0.3733179938 -0.0241212719 0.9273897993
0.0685262603 0.9976224542 0.0073205554 -0.9250454826 0.0662855986 -0.3740281735 -0.3736241518 0.0188589053 0.9273884487
0.1825332880 0.9831723320 0.0073324231 -0.9113297233 0.1719846674 -0.3740312950 -0.3689982849 0.0615909069 0.9273870960
0.2941295574 0.9557373410 0.0073442893 -0.8855769702 0.2754118396 -0.3740344215 -0.3595013677 0.1035106454 0.9273857412
0.4018412040 0.9156798206 0.0073561539 -0.8481274040 0.3752010334 -0.3740375531 -0.3452586760 0.1440647450 0.9273843841
0.5042456682 0.8635288174 0.0073680169 -0.7994756985 0.4700342221 -0.3740406897 -0.3264581345 0.1827178470 0.9273830249
0.5999904833 0.7999730979 0.0073798783 -0.7402644864 0.5586588426 -0.3740438313 -0.3033478367 0.2189596773 0.9273816634
0.6878111376 0.7258520519 0.0073917381 -0.6712758709 0.6399043393 -0.3740469779 -0.2762327718 0.2523117819 0.9273802998
0.7665477748 0.6421446066 0.0074035964 -0.5934210949 0.7126976250 -0.3740501296 -0.2454707989 0.2823338442 0.9273789340
0.8351605126 0.5499562976 0.0074154531 -0.5077285052 0.7760772539 -0.3740532863 -0.2114679249 0.3086294974 0.9273775661
0.8927431764 0.4505046682 0.0074273081 -0.4153299690 0.8292061206 -0.3740564481 -0.1746729454 0.3308515579 0.9273761959
0.9385352672 0.3451031890 0.0074391616 -0.3174459242 0.8713825163 -0.3740596148 -0.1355715213 0.3487066090 0.9273748236
0.9719320057 0.2351439105 0.0074510135 -0.2153692588 0.9020493967 -0.3740627866 -0.0946797686 0.3619588752 0.9273734491
0.9924923195 0.1220790786 0.0074628638 -0.1104482346 0.9208017390 -0.3740659635 -0.0525374461 0.3704333356 0.9273720724
0.9999446683 0.0074019542 0.0074747124 -0.0040686782 0.9273918915 -0.3740691453 -0.0097008304 0.3740180352 0.9273706935
0.9941906306 -0.1073729082 0.0074865595 0.1023643230 0.9217328440 -0.3740723322 0.0332646264 0.3726655644 0.9273693125
0.9753062029 -0.2207296638 0.0074984050 0.2074449795 0.9038993765 -0.3740755241 0.0757917611 0.3663936855 0.9273679292
0.9435407964 -0.3311711969 0.0075102488 0.3097853678 0.8741270711 -0.3740787210 0.1173191860 0.3552850996 0.9273665438
0.8993139429 -0.4372388938 0.0075220911 0.4080337624 0.8328092000 -0.3740819230 0.1572986996 0.3394863562 0.9273651563
0.8432097537 -0.5375319070 0.0075339317 0.5008924895 0.7804915307 -0.3740851300 0.1952025234 0.3192059201 0.9273637665
0.7759692057 -0.6307256560 0.0075457707 0.5871350669 0.7178651166 -0.3740883420 0.2305302694 0.2947114202 0.9273623746
0.6984803544 -0.7155893215 0.0075576081 0.6656224032 0.6457571694 -0.3740915590 0.2628155453 0.2663261180 0.9273609804
0.6117666061 -0.7910021006 0.0075694438 0.7353178432 0.5651201325 -0.3740947811 0.2916321125 0.2344246417 0.9273595841
0.5169732009 -0.8559680098 0.0075812780 0.7953008599 0.4770191008 -0.3740980081 0.3165995131 0.1994280416 0.9273581857
0.4153520879 -0.9096290385 0.0075931105 0.8447792126 0.3826177518 -0.3741012402 0.3373880926 0.1617982331 0.9273567850
0.3082453901 -0.9512764816 0.0076049414 0.8830994106 0.2831629761 -0.3741044773 0.3537233531 0.1220318998 0.9273553822
0.1970676790 -0.9803602984 0.0076167706 0.9097553444 0.1799684073 -0.3741077195 0.3653895774 0.0806539378 0.9273539772
0.0832872924 -0.9964963780 0.0076285982 0.9243949699 0.0743970711 -0.3741109666 0.3722326779 0.0382105273 0.9273525700
-0.0315930585 -0.9994716117 0.0076404242 0.9268249582 -0.0321566176 -0.3741142188 0.3741622314 -0.0047380765 0.9273511607
-0.1460561354 -0.9892467076 0.0076522485 0.9170132482 -0.1382852730 -0.3741174760 0.3711526746 -0.0476249394 0.9273497492
-0.2585902112 -0.9659567095 0.0076640712 0.8950894699 -0.2425871270 -0.3741207382 0.3632436423 -0.0898839312 0.9273483355
-0.3677090357 -0.9299092137 0.0076758923 0.8613432315 -0.3436845445 -0.3741240054 0.3505394453 -0.1309571994 0.9273469196
-0.4719714645 -0.8815803059 0.0076877117 0.8162202942 -0.4402422191 -0.3741272776 0.3332076951 -0.1703025328 0.9273455015
-0.5700004926 -0.8216082739 0.0076995294 0.7603166835 -0.5309848102 -0.3741305549 0.3114770926 -0.2074005199 0.9273440813
-0.6605014403 -0.7507851773 0.0077113455 0.6943708169 -0.6147137875 -0.3741338372 0.2856344097 -0.2417614050 0.9273426589
-0.7422790526 -0.6700463871 0.0077231600 0.6192537496 -0.6903232618 -0.3741371244 0.2560207055 -0.2729315545 0.9273412343
-0.8142532847 -0.5804582315 0.0077349728 0.5359576697 -0.7568145908 -0.3741404167 0.2230268249 -0.3004994453 0.9273398076
-0.8754735663 -0.4832039135 0.0077467839 0.4455827925 -0.8133095698 -0.3741437140 0.1870882403 -0.3241010981 0.9273383787
-0.9251313562 -0.3795678833 0.0077585933 0.3493228283 -0.8590620302 -0.3741470163 0.1486793040 -0.3434248829 0.9273369476
-0.9625708202 -0.2709188754 0.0077704011 0.2484492155 -0.8934676953 -0.3741503237 0.1083069873 -0.3582156338 0.9273355143
-0.9872974932 -0.1586918306 0.0077822072 0.1442943267 -0.9160721609 -0.3741536360 0.0665041888 -0.3682780185 0.9273340789
-0.9989848097 -0.0443689452 0.0077940117 0.0382338705 -0.9265768967 -0.3741569533 0.0238227005 -0.3734791176 0.9273326413
-0.9974784163 0.0705399049 0.0078058145 -0.0683312793 -0.9248431891 -0.3741602757 -0.0191740759 -0.3737501805 0.9273312015
-0.9827982106 0.1845171051 0.0078176156 -0.1739935871 -0.9108939729 -0.3741636030 -0.0619185659 -0.3690875345 0.9273297596
-0.9551380782 0.2960573454 0.0078294150 -0.2773574462 -0.8849135277 -0.3741669354 -0.1038465144 -0.3595526342 0.9273283155
-0.9148633321 0.4036875015 0.0078412128 -0.3770576123 -0.8472450437 -0.3741702728 -0.1444044339 -0.3452712515 0.9273268692
-0.8625058879 0.5059860903 0.0078530088 -0.4717772360 -0.7983860879 -0.3741736151 -0.1830569116 -0.3264318170 0.9273254208
-0.7987572387 0.6016020433 0.0078648032 -0.5602652558 -0.7389820322 -0.3741769625 -0.2192936770 -0.3032829333 0.9273239701
-0.7244593224 0.6892725509 0.0078765959 -0.6413529222 -0.6698175282 -0.3741803149 -0.2526363382 -0.2761300952 0.9273225173
-0.6405934021 0.7678397402 0.0078883869 -0.7139692346 -0.5918061434 -0.3741836723 -0.2826446979 -0.2453316572 0.9273210624
-0.5482671065 0.8362659667 0.0079001762 -0.7771550868 -0.5059782941 -0.3741870347 -0.3089225646 -0.2112941049 0.9273196053
-0.4486998014 0.8936475195 0.0079119638 -0.8300759350 -0.4134676348 -0.3741904021 -0.3311229837 -0.1744666898 0.9273181460
-0.3432064849 0.9392265557 0.0079237497 -0.8720328202 -0.3154960849 -0.3741937745 -0.3489528179 -0.1353354998 0.9273166845
-0.2331804206 0.9724011100 0.0079355339 -0.9024715998 -0.2133576884 -0.3741971519 -0.3621766187 -0.0944170432 0.9273152209
-0.1200747362 0.9927330446 0.0079473164 -0.9209902660 -0.1084015222 -0.3742005343 -0.3706197345 -0.0522514315 0.9273137551
-0.0053832323 0.9999538357 0.0079590972 -0.9273442561 -0.0020138771 -0.3742039216 -0.3741706181 -0.0093952497 0.9273122871
0.1093793470 0.9939681200 0.0079708763 -0.9214496812 0.1044000533 -0.3742073140 -0.3727823003 0.0335857902 0.9273108170
0.2226973191 0.9748549540 0.0079826537 -0.9033844345 0.2094347321 -0.3742107114 -0.3664730108 0.0761243171 0.9273093447
0.3330740806 0.9428667700 0.0079944294 -0.8733871615 0.3117028444 -0.3742141138 -0.3553259391 0.1176587899 0.9273078702
0.4390518735 0.8984260421 0.0080062033 -0.8318541078 0.4098536205 -0.3742175212 -0.3394881378 0.1576409107 0.9273063936
0.5392310378 0.8421197064 0.0080179755 -0.7793338847 0.5025906774 -0.3742209336 -0.3191685825 0.1955428623 0.9273049148
0.6322884967 0.7746914096 0.0080297460 -0.7165202228 0.5886891417 -0.3742243509 -0.2946354142 0.2308642768 0.9273034338
0.7169952310 0.6970316870 0.0080415148 -0.6442428082 0.6670118274 -0.3742277733 -0.2662124016 0.2631388407 0.9273019507
0.7922325108 0.6101662015 0.0080532819 -0.5634563239 0.7365242559 -0.3742312006 -0.2342746676 0.2919404511 0.9273004654
0.8570066704 0.5152421974 0.0080650472 -0.4752278395 0.7963083197 -0.3742346330 -0.1992437388 0.3168888418 0.9272989779
0.9104622320 0.4135133484 0.0080768108 -0.3807227170 0.8455744080 -0.3742380703 -0.1615819821 0.3376546034 0.9272974883
0.9518932040 0.3063232005 0.0080885727 -0.2811892177 0.8836718362 -0.3742415127 -0.1217865018 0.3539635331 0.9272959965
0.9807524052 0.1950874273 0.0081003328 -0.1779420151 0.9100974394 -0.3742449600 -0.0803825786 0.3656002551 0.9272945026
0.9966586912 0.0812751333 0.0081120912 -0.0723448302 0.9245022182 -0.3742484123 -0.0379167359 0.3724110649 0.9272930065
0.9994019882 -0.0336105488 0.0081238479 0.0342075812 0.9266959477 -0.3742518696 0.0050504738 0.3743059598 0.9272915082
0.9889460679 -0.1480523106 0.0081356028 0.1403078507 0.9166496897 -0.3742553319 0.0479518689 0.3712598278 0.9272900078
0.9654290254 -0.2605387065 0.0081473559 0.2445545862 0.8944961742 -0.3742587991 0.0902211247 0.3633127810 0.9272885052
0.9291614553 -0.3695841162 0.0081591074 0.3455708817 0.8605280460 -0.3742622714 0.1313002501 0.3505696267 0.9272870004
0.8806223502 -0.4737483650 0.0081708570 0.4420225036 0.8151939988 -0.3742657486 0.1706469529 0.3331984859 0.9272854935
0.8204527741 -0.5716557447 0.0081826049 0.5326355137 0.7590928483 -0.3742692309 0.2077417990 0.3114285747 0.9272839844
0.7494473956 -0.6620131825 0.0081943511 0.6162130950 0.6929656225 -0.3742727181 0.2420950696 0.2855471803 0.9272824732
0.6685439931 -0.7436273188 0.0082060955 0.6916513599 0.6176857735 -0.3742762103 0.2732532263 0.2558958692 0.9272809598
0.5788110691 -0.8154202680 0.0082178381 0.7579539295 0.5342476405 -0.3742797075 0.3008048988 0.2228659803 0.9272794442
0.4814337382 -0.8764438543 0.0082295790 0.8142450944 0.4437533157 -0.3742832096 0.3243863159 0.1868934591 0.9272779265
0.3776980757 -0.9258921343 0.0082413181 0.8597813804 0.3473980879 -0.3742867168 0.3436861089 0.1484531045 0.9272764066
0.2689741316 -0.9631120411 0.0082530554 0.8939613684 0.2464546539 -0.3742902289 0.3584494224 0.1080523020 0.9272748846
0.1566978364 -0.9876120095 0.0082647910 0.9163336370 0.1422563085 -0.3742937460 0.3684812800 0.0662243261 0.9272733604
0.0423520368 -0.9990684682 0.0082765247 0.9266027255 0.0361793343 -0.3742972681 0.3736491591 0.0235213020 0.9272718341
-0.0725530887 -0.9973301129 0.0082882568 0.9246330349 -0.0703751775 -0.3743007952 0.3738847418 -0.0194930828 0.9272703055
-0.1864999749 -0.9824199049 0.0082999870 0.9104506190 -0.1759998324 -0.3743043272 0.3691848179 -0.0622510193 0.9272687749
-0.2979837122 -0.9545347677 0.0083117154 0.8842428398 -0.2792995220 -0.3743078642 0.3596113283 -0.1041880720 0.9272672421
-0.4055319226 -0.9140429859 0.0083234421 0.8463558921 -0.3789098509 -0.3743114062 0.3452905496 -0.1447506300 0.9272657071
-0.5077242055 -0.8614793417 0.0083351670 0.7972902302 -0.4735151577 -0.3743149532 0.3264114273 -0.1834032150 0.9272641699
-0.6032108966 -0.7975380515 0.0083468901 0.7376939579 -0.5618658926 -0.3743185051 0.3032230840 -0.2196355507 0.9272626306
-0.6907308937 -0.7230635976 0.0083586114 0.6683542670 -0.6427951211 -0.3743220620 0.2760315314 -0.2529692988 0.9272610892
-0.7691283115 -0.6390395747 0.0083703309 0.5901870402 -0.7152339372 -0.3743256239 0.2451956322 -0.2829643743 0.9272595456
-0.8373677483 -0.5465756995 0.0083820486 0.5042247530 -0.7782255813 -0.3743291908 0.2111223639 -0.3092247552 0.9272579998
-0.8945479601 -0.4468931548 0.0083937645 0.4116028364 -0.8309380771 -0.3743327626 0.1742614478 -0.3314037119 0.9272564519
-0.9399137633 -0.3413084608 0.0084054786 0.3135446797 -0.8726752195 -0.3743363394 0.1350994127 -0.3492083844 0.9272549018
-0.9728660091 -0.2312160879 0.0084171909 0.2113454712 -0.9028857709 -0.3743399212 0.0941531740 -0.3624036500 0.9272533496
-0.9929694957 -0.1180700394 0.0084289014 0.1063550910 -0.9211707403 -0.3743435079 0.0519632101 -0.3708152277 0.9272517952
-0.9999587168 -0.0033646488 0.0084406101 -0.0000397189 -0.9272886538 -0.3743470996 0.0090864285 -0.3743319806 0.9272502387
-0.9937413674 0.1113851563 0.0084523170 -0.1064336706 -0.9211587431 -0.3743506963 -0.0339111851 -0.3729073839 0.9272486800
-0.9743995635 0.2246638621 0.0084640220 -0.2114214920 -0.9028620118 -0.3743542979 -0.0764620384 -0.3665601407 0.9272471191
-0.9421887572 0.3349753841 0.0084757253 -0.3136164882 -0.8726401650 -0.3743579045 -0.1180044246 -0.3553739360 0.9272455561
-0.8975343627 0.4408628260 0.0084874267 -0.4116688565 -0.8308924165 -0.3743615161 -0.1579899375 -0.3394963340 0.9272439910
-0.8410261384 0.5409277211 0.0084991263 -0.5042835154 -0.7781702150 -0.3743651327 -0.1958907111 -0.3191368312 0.9272424237
-0.7734103971 0.6338485020 0.0085108241 -0.5902372097 -0.7151699604 -0.3743687542 -0.2312063883 -0.2945640919 0.9272408542
-0.6955801500 0.7183979549 0.0085225201 -0.6683946674 -0.6427238047 -0.3743723806 -0.2634707261 -0.2661024036 0.9272392826
-0.6085633120 0.7934594271 0.0085342142 -0.7377235946 -0.5617886609 -0.3743760121 -0.2922577513 -0.2341273970 0.9272377089
-0.5135091264 0.8580415751 0.0085459065 -0.7973083095 -0.4734335629 -0.3743796484 -0.3171873843 -0.1990610885 0.9272361330
-0.4116729863 0.9112914572 0.0085575969 -0.8463618365 -0.3788255456 -0.3743832898 -0.3379304574 -0.1613663104 0.9272345549
-0.3043998545 0.9525057984 0.0085692856 -0.8842363010 -0.2792142298 -0.3743869361 -0.3542130610 -0.1215406023 0.9272329747
-0.1931065008 0.9811402786 0.0085809724 -0.9104314853 -0.1759153169 -0.3743905874 -0.3658201607 -0.0801096437 0.9272313924
-0.0792627899 0.9968167216 0.0085926573 -0.9246014357 -0.0702932108 -0.3743942436 -0.3725984370 -0.0376203155 0.9272298079
0.0356277308 0.9993280893 0.0086043404 -0.9265590313 0.0362570042 -0.3743979048 -0.3744583104 0.0053665184 0.9272282212
0.1500476887 0.9886412167 0.0086160217 -0.9162784550 0.1423279892 -0.3744015709 -0.3713751256 0.0482834154 0.9272266324
0.2624859266 0.9648972490 0.0086277011 -0.8938955339 0.2465187400 -0.3744052420 -0.3633894780 0.0905638434 0.9272250415
0.3714574603 0.9284097782 0.0086393786 -0.8597059448 0.3474530911 -0.3744089181 -0.3506066794 0.1316496607 0.9272234484
0.4755230909 0.8796607012 0.0086510543 -0.8141613084 0.4437978928 -0.3744125991 -0.3331953691 0.1709984827 0.9272218531
0.5733084128 0.8192938551 0.0086627282 -0.7578632234 0.5342806192 -0.3744162850 -0.3113852893 0.2080908430 0.9272202557
0.6635219653 0.7481065140 0.0086744001 -0.6915553206 0.6177061762 -0.3744199759 -0.2854642535 0.2424370507 0.9272186562
0.7449722895 0.6670388595 0.0086860703 -0.6161134397 0.6929726859 -0.3744236718 -0.2557743485 0.2735836554 0.9272170545
0.8165836632 0.5771615635 0.0086977385 -0.5325340611 0.7590860402 -0.3744273726 -0.2227074197 0.3011194335 0.9272154507
0.8774103090 0.4796616473 0.0087094049 -0.4419211434 0.8151730310 -0.3744310784 -0.1866998998 0.3246808180 0.9272138447
0.9266488847 0.3758268050 0.0087210694 -0.3454715422 0.8604928833 -0.3744347891 -0.1482270487 0.3439566984 0.9272122366
0.9636490932 0.2670283967 0.0087327321 -0.2444592012 0.8944470387 -0.3744385048 -0.1077966799 0.3586925289 0.9272106263
0.9879222709 0.1547033362 0.0087443929 -0.1402183253 0.9165870614 -0.3744422254 -0.0659424588 0.3686936895 0.9272090139
