1991
48037
-0.1369503455 0.9903723225 0.0201808236 -0.9166491615 -0.1189804673 -0.3815730115 -0.3754982258 -0.0707552908 0.9241183751
-0.0224184098 0.9995448083 0.0201888873 -0.9242434263 -0.0130222879 -0.3815815889 -0.3811449906 -0.0272138988 0.9241146573
0.0924095701 0.9955162252 0.0201969467 -0.9196303687 0.0931070745 -0.3815901697 -0.3817596839 0.0166888580 0.9241109380
0.2060170521 0.9783397836 0.0202050017 -0.9028710115 0.1980058779 -0.3815987539 -0.3773339514 0.0603733400 0.9241072172
0.3169036139 0.9482423382 0.0202130525 -0.8741868032 0.3002886445 -0.3816073415 -0.3679259879 0.1032627619 0.9241034950
0.4236047688 0.9056213927 0.0202210988 -0.8339566926 0.3986044592 -0.3816159326 -0.3536597725 0.1447908082 0.9240997712
0.5247113079 0.8510398493 0.0202291409 -0.7827121219 0.4916548125 -0.3816245270 -0.3347234344 0.1844091109 0.9240960460
0.6188879112 0.7852185747 0.0202371786 -0.7211300065 0.5782107502 -0.3816331249 -0.3113667726 0.2215944907 0.9240923193
0.7048907832 0.7090268790 0.0202452120 -0.6500237935 0.6571291051 -0.3816417262 -0.2838979601 0.2558558657 0.9240885911
0.7815840800 0.6234710355 0.0202532411 -0.5703327162 0.7273675947 -0.3816503308 -0.2526794782 0.2867407367 0.9240848615
0.8479549104 0.5296809898 0.0202612658 -0.4831093886 0.7879985869 -0.3816589389 -0.2181233333 0.3138411637 0.9240811303
0.9031267132 0.4288954370 0.0202692861 -0.3895059009 0.8382213515 -0.3816675504 -0.1806856192 0.3367991538 0.9240773977
0.9463708338 0.3224454619 0.0202773022 -0.2907586029 0.8773726344 -0.3816761653 -0.1408604975 0.3553113908 0.9240736636
0.9771161477 0.2117369595 0.0202853139 -0.1881717733 0.9049354174 -0.3816847836 -0.0991736745 0.3691332419 0.9240699281
0.9949566031 0.0982320669 0.0202933212 -0.0831003926 0.9205457453 -0.3816934053 -0.0561754626 0.3780819910 0.9240661911
0.9996565843 -0.0165701472 0.0203013242 0.0230677536 0.9239975318 -0.3817020304 -0.0124335146 0.3820392538 0.9240624526
0.9911540223 -0.1311534806 0.0203093229 0.1289304046 0.9152452806 -0.3817106589 0.0314746696 0.3809525441 0.9240587126
0.9695612156 -0.2440046225 0.0203173172 0.2330893457 0.8944046847 -0.3817192908 0.0749693678 0.3748359697 0.9240549711
0.9351633464 -0.3536331397 0.0203253071 0.3341688751 0.8617510971 -0.3817279260 0.1174762893 0.3637700497 0.9240512282
0.8884147140 -0.4585911611 0.0203332927 0.4308339744 0.8177158930 -0.3817365647 0.1584341578 0.3479006543 0.9240474838
0.8299327355 -0.5574924996 0.0203412740 0.5218079406 0.7628807707 -0.3817452067 0.1973021228 0.3274370820 0.9240437380
0.7604897906 -0.6490309595 0.0203492508 0.6058892483 0.6979700676 -0.3817538522 0.2335669010 0.3026492994 0.9240399907
0.6810030212 -0.7319975878 0.0203572234 0.6819674184 0.6238411922 -0.3817625010 0.2667495553 0.2738643796 0.9240362419
0.5925222186 -0.8052966407 0.0203651915 0.7490376851 0.5414732985 -0.3817711532 0.2964118197 0.2414621866 0.9240324916
0.4962159583 -0.8679600551 0.0203731553 0.8062142649 0.4519543525 -0.3817798087 0.3221618876 0.2058703621 0.9240287399
0.3933561672 -0.9191602341 0.0203811148 0.8527420558 0.3564667617 -0.3817884677 0.3436595873 0.1675586820 0.9240249867
0.2853013245 -0.9582209766 0.0203890699 0.8880066092 0.2562717571 -0.3817971300 0.3606208760 0.1270328557 0.9240212321
0.1734785205 -0.9846264086 0.0203970206 0.9115422442 0.1526927350 -0.3818057957 0.3728215926 0.0848278505 0.9240174760
0.0593646088 -0.9980277955 0.0204049669 0.9230381974 0.0470977765 -0.3818144648 0.3801004200 0.0415008302 0.9240137184
-0.0555332986 -0.9982481485 0.0204129089 0.9223427259 -0.0591184216 -0.3818231372 0.3823610187 -0.0023762003 0.9240099594
-0.1696977361 -0.9852845616 0.0204208465 0.9094651105 -0.1645529682 -0.3818318131 0.3795733015 -0.0462239468 0.9240061989
-0.2816209254 -0.9593082504 0.0204287797 0.8845755315 -0.2678133071 -0.3818404922 0.3717738336 -0.0894634741 0.9240024369
-0.3898246893 -0.9206622902 0.0204367086 0.8480028203 -0.3675356098 -0.3818491748 0.3590653539 -0.1315238494 0.9239986735
-0.4928799734 -0.8698570853 0.0204446330 0.8002301144 -0.4624027879 -0.3818578607 0.3416154210 -0.1718496812 0.9239949086
-0.5894257205 -0.8075636279 0.0204525531 0.7418884752 -0.5511618894 -0.3818665500 0.3196542043 -0.2099084529 0.9239911423
-0.6781868457 -0.7346046362 0.0204604688 0.6737485522 -0.6326406464 -0.3818752426 0.2934714479 -0.2451975550 0.9239873745
-0.7579910765 -0.6519436888 0.0204683802 0.5967104027 -0.7057629579 -0.3818839386 0.2634126481 -0.2772509223 0.9239836053
-0.8277844354 -0.5606724981 0.0204762871 0.5117916034 -0.7695631019 -0.3818926379 0.2298744944 -0.3056451899 0.9239798346
-0.8866451594 -0.4619964927 0.0204841897 0.4201138094 -0.8231984895 -0.3819013406 0.1932996340 -0.3300052841 0.9239760625
-0.9337958740 -0.3572188965 0.0204920879 0.3228879385 -0.8659607932 -0.3819100467 0.1541708301 -0.3500093778 0.9239722889
-0.9686138600 -0.2477235171 0.0204999817 0.2213981772 -0.8972853007 -0.3819187561 0.1130045897 -0.3653931420 0.9239685138
-0.9906392777 -0.1349564699 0.0205078710 0.1169850187 -0.9167583727 -0.3819274688 0.0703443454 -0.3759532382 0.9239647373
-0.9995812398 -0.0204070790 0.0205157561 0.0110275574 -0.9241229050 -0.3819361849 0.0267532820 -0.3815500066 0.9239609593
-0.9953216534 0.0944117925 0.0205236367 -0.0950747263 -0.9192817231 -0.3819449044 -0.0171930990 -0.3821093129 0.9239571799
-0.9779167797 0.2079837231 0.0205315129 -0.1999204502 -0.9022988642 -0.3819536272 -0.0609145767 -0.3776235303 0.9239533991
-0.9475964902 0.3188087598 0.0205393847 -0.3021248397 -0.8733987302 -0.3819623533 -0.1038338716 -0.3681516437 0.9239496168
-0.9047612318 0.4254232291 0.0205472521 -0.4003380172 -0.8329631228 -0.3819710827 -0.1453842682 -0.3538184735 0.9239458330
-0.8499767369 0.5264190668 0.0205551151 -0.4932628311 -0.7815261992 -0.3819798155 -0.1850170970 -0.3348130315 0.9239420478
-0.7839665525 0.6204624152 0.0205629738 -0.5796719878 -0.7197674159 -0.3819885517 -0.2222089809 -0.3113860278 0.9239382612
-0.7076024837 0.7063112388 0.0205708280 -0.6584242611 -0.6485025535 -0.3819972912 -0.2564687455 -0.2838465642 0.9239344731
-0.6218930800 0.7828317284 0.0205786778 -0.7284795648 -0.5686729409 -0.3820060340 -0.2873439066 -0.2525580553 0.9239306836
-0.5279703150 0.8490132752 0.0205865232 -0.7889126888 -0.4813330211 -0.3820147801 -0.3144266462 -0.2179334331 0.9239268926
-0.4270746365 0.9039818178 0.0205943642 -0.8389255185 -0.3876364240 -0.3820235295 -0.3373591990 -0.1804296977 0.9239231002
-0.3205385837 0.9470113863 0.0206022007 -0.8778575752 -0.2888207280 -0.3820322823 -0.3558385787 -0.1405418847 0.9239193063
-0.2097691880 0.9775336896 0.0206100329 -0.9051947381 -0.1861911142 -0.3820410384 -0.3696205809 -0.0987965318 0.9239155110
-0.0962293907 0.9951456216 0.0206178607 -0.9205760342 -0.0811031266 -0.3820497979 -0.3785230106 -0.0557447277 0.9239117143
0.0185812787 0.9996145843 0.0206256840 -0.9237984042 0.0250552314 -0.3820585606 -0.3824280905 -0.0119548374 0.9239079161
0.1331465065 0.9908815602 0.0206335029 -0.9148193835 0.1308818304 -0.3820673267 -0.3812840194 0.0319950014 0.9239041165
0.2459532212 0.9690618912 0.0206413174 -0.8937576615 0.2349789336 -0.3820760961 -0.3751056590 0.0755245110 0.9239003154
0.3555115766 0.9344437556 0.0206491275 -0.8608915133 0.3359716585 -0.3820848688 -0.3639743414 0.1180589355 0.9238965129
0.4603746282 0.8874843620 0.0206569332 -0.8166551224 0.4325261353 -0.3820936448 -0.3480367980 0.1590366294 0.9238927090
0.5591574434 0.8288039106 0.0206647344 -0.7616328449 0.5233671245 -0.3821024241 -0.3275032260 0.1979164741 0.9238889036
0.6505553921 0.7591774024 0.0206725312 -0.6965514907 0.6072948596 -0.3821112067 -0.3026445153 0.2341850235 0.9238850968
0.7333613770 0.6795244035 0.0206803236 -0.6222707223 0.6832008924 -0.3821199927 -0.2737886756 0.2673632841 0.9238812886
0.8064817762 0.5908969003 0.0206881115 -0.5397716996 0.7500827330 -0.3821287819 -0.2413165080 0.2970130416 0.9238774789
0.8689508860 0.4944654059 0.0206958951 -0.4501441202 0.8070570892 -0.3821375745 -0.2056565797 0.3227426484 0.9238736678
0.9199436759 0.3915035008 0.0207036741 -0.3545718255 0.8533715324 -0.3821463703 -0.1672795679 0.3442121971 0.9238698553
0.9587866838 0.2833710128 0.0207114488 -0.2543171644 0.8884144339 -0.3821551695 -0.1266920475 0.3611380107 0.9238660413
0.9849669112 0.1714960575 0.0207192190 -0.1507043197 0.9117230427 -0.3821639719 -0.0844298039 0.3732963912 0.9238622259
0.9981385981 0.0573561770 0.0207269848 -0.0451018179 0.9229895958 -0.3821727777 -0.0410507608 0.3805265758 0.9238584091
0.9981277892 -0.0575411739 0.0207347461 0.0610955464 0.9220653822 -0.3821815867 0.0028723855 0.3827328628 0.9238545909
0.9849346316 -0.1716785371 0.0207425030 0.1664851329 0.9089627052 -0.3821903990 0.0467597269 0.3798858782 0.9238507712
0.9587333725 -0.2835484921 0.0207502555 0.2696749812 0.8838547193 -0.3821992146 0.0900317997 0.3720229668 0.9238469501
0.9198700582 -0.3916735647 0.0207580035 0.3693021960 0.8470731415 -0.3822080335 0.1321172357 0.3592477024 0.9238431276
0.8688579636 -0.4946257402 0.0207657471 0.4640509474 0.7991038689 -0.3822168557 0.1724603063 0.3417285235 0.9238393036
0.8063708131 -0.5910453231 0.0207734862 0.5526698499 0.7405805599 -0.3822256812 0.2105282612 0.3196965129 0.9238354783
0.7332338830 -0.6796588951 0.0207812209 0.6339884897 0.6722762634 -0.3822345100 0.2458183632 0.2934423488 0.9238316515
0.6504131016 -0.7592961324 0.0207889511 0.7069328833 0.5950932078 -0.3822433420 0.2778645276 0.2633124708 0.9238278232
0.5590022924 -0.8289052632 0.0207966769 0.7705396609 0.5100508836 -0.3822521773 0.3062434782 0.2297045078 0.9238239936
0.4602087276 -0.8875669575 0.0208043982 0.8239687903 0.4182725765 -0.3822610159 0.3305803377 0.1930620306 0.9238201625
0.3553371835 -0.9345064697 0.0208121150 0.8665146703 0.3209705313 -0.3822698578 0.3505535797 0.1538686976 0.9238163301
0.2457727084 -0.9691038699 0.0208198274 0.8976154494 0.2194299394 -0.3822787030 0.3658992769 0.1126418710 0.9238124962
0.1329623301 -0.9909022316 0.0208275354 0.9168604454 0.1149919640 -0.3822875514 0.3764145886 0.0699257870 0.9238086608
0.0183959448 -0.9996136664 0.0208352389 0.9239955684 0.0090360255 -0.3822964031 0.3819604414 0.0262843719 0.9238048241
-0.0964133602 -0.9951231260 0.0208429379 0.9189266756 -0.0970384175 -0.3823052580 0.3824633692 -0.0177062029 0.9238009859
-0.2099492898 -0.9774899216 0.0208506325 0.9017208134 -0.2018303526 -0.3823141162 0.3779164860 -0.0614651279 0.9237971464
-0.3207123669 -0.9469469405 0.0208583225 0.8726053303 -0.3039557176 -0.3823229777 0.3683795804 -0.1044146237 0.9237933054
-0.4272397361 -0.9038975703 0.0208660082 0.8319648733 -0.4020656811 -0.3823318425 0.3539783293 -0.1459875696 0.9237894630
-0.5281244839 -0.8489103714 0.0208736893 0.7803363059 -0.4948644570 -0.3823407105 0.3349026415 -0.1856349928 0.9237856192
-0.6220342198 -0.7827115675 0.0208813660 0.7184016163 -0.5811264191 -0.3823495817 0.3114041539 -0.2228333167 0.9237817740
-0.7077286732 -0.7061754550 0.0208890382 0.6469789087 -0.6597122878 -0.3823584563 0.2837929120 -0.2570912758 0.9237779273
-0.7840760736 -0.6203128553 0.0208967060 0.5670115965 -0.7295841770 -0.3823673340 0.2524332788 -0.2879564033 0.9237740793
-0.8500680984 -0.5262577651 0.0209043692 0.4795559412 -0.7898193018 -0.3823762151 0.2177391267 -0.3150210076 0.9237702298
-0.9048331894 -0.4252523797 0.0209120280 0.3857671004 -0.8396221650 -0.3823850993 0.1801683757 -0.3379275566 0.9237663790
-0.9476480635 -0.3186306870 0.0209196823 0.2868838702 -0.8783350635 -0.3823939869 0.1402169493 -0.3563734017 0.9237625267
-0.9779472653 -0.2078008494 0.0209273322 0.1842123221 -0.9054467735 -0.3824028776 0.0984122282 -0.3701147760 0.9237586730
-0.9953306352 -0.0942266062 0.0209349775 0.0791085527 -0.9205993014 -0.3824117717 0.0553060891 -0.3789700158 0.9237548179
-0.9995685939 0.0205920583 0.0209426184 -0.0270392279 -0.9235926116 -0.3824206689 0.0114676189 -0.3828219625 0.9237509614
-0.9906051745 0.1351387251 0.0209502547 -0.1328290319 -0.9143872663 -0.3824295694 -0.0325243983 -0.3816195124 0.9237471035
-0.9685587620 0.2479005679 0.0209578866 -0.2368636106 -0.8931049458 -0.3824384732 -0.0760891225 -0.3753782948 0.9237432442
-0.9337205291 0.3573883333 0.0209655140 -0.3377689094 -0.8600268399 -0.3824473801 -0.1186513270 -0.3641804689 0.9237393835
-0.8865505911 0.4621560093 0.0209731370 -0.4342122157 -0.8155899323 -0.3824562904 -0.1596489935 -0.3481736426 0.9237355214
-0.8276719289 0.5608199230 0.0209807554 -0.5249197607 -0.7603812285 -0.3824652038 -0.1985407336 -0.3275689261 0.9237316579
-0.7578621611 0.6520770147 0.0209883693 -0.6086935429 -0.6951300008 -0.3824741205 -0.2348129375 -0.3026381484 0.9237277930
-0.6780432740 0.7347220477 0.0209959787 -0.6844271500 -0.6206981555 -0.3824830404 -0.2679865574 -0.2737102708 0.9237239267
-0.5892694449 0.8076635258 0.0210035837 -0.7511203719 -0.5380688476 -0.3824919635 -0.2976234338 -0.2411670466 0.9237200590
-0.4927131190 0.8699381084 0.0210111841 -0.8078924102 -0.4483334950 -0.3825008899 -0.3233320830 -0.2054379826 0.9237161898
-0.3896495255 0.9207233342 0.0210187800 -0.8539935108 -0.3526773618 -0.3825098195 -0.3447728685 -0.1669946714 0.9237123193
-0.2814398349 0.9593484826 0.0210263715 -0.8888148652 -0.2523639032 -0.3825187523 -0.3616624874 -0.1263445660 0.9237084474
-0.1695131824 0.9853034322 0.0210339584 -0.9118966505 -0.1487180770 -0.3825276883 -0.3737777144 -0.0840242820 0.9237045741
-0.0553477926 0.9982453984 0.0210415408 -0.9229341017 -0.0431088440 -0.3825366275 -0.3809583517 -0.0405925135 0.9237006994
0.0595485430 0.9980034597 0.0210491188 -0.9217815354 0.0630689142 -0.3825455700 -0.3831093474 0.0033773423 0.9236968234
0.1736583798 0.9845808158 0.0210566922 -0.9084542725 0.1684128180 -0.3825545157 -0.3802020540 0.0473047554 0.9236929459
0.2854746610 0.9581547447 0.0210642611 -0.8831284352 0.2715315129 -0.3825634646 -0.3722746094 0.0906097274 0.9236890670
0.3935206215 0.9190742617 0.0210718255 -0.8461386189 0.3710630453 -0.3825724167 -0.3594314371 0.1327204499 0.9236851867
0.4963692916 0.8678555098 0.0210793854 -0.7979734719 0.4656928516 -0.3825813720 -0.3418418707 0.1730808543 0.9236813051
0.5926623430 0.8051749425 0.0210869407 -0.7392692399 0.5541711197 -0.3825903305 -0.3197379209 0.2111579550 0.9236774220
0.6811280284 0.7318603906 0.0210944916 -0.6708013621 0.6353292959 -0.3825992922 -0.2934112159 0.2464488879 0.9236735376
0.7605979774 0.6488801281 0.0211020379 -0.5934742271 0.7080955185 -0.3826082571 -0.2632091534 0.2784875509 0.9236696518
0.8300226277 0.5573300846 0.0211095797 -0.5083092281 0.7715087735 -0.3826172252 -0.2295303165 0.3068507605 0.9236657645
0.8884850858 0.4584193709 0.0211171170 -0.4164312705 0.8247315870 -0.3826261966 -0.1928192138 0.3311638412 0.9236618759
0.9352132375 0.3534543106 0.0211246498 -0.3190539143 0.8670610853 -0.3826351711 -0.1535604124 0.3511055749 0.9236579860
0.9695899442 0.2438211867 0.0211321780 -0.2174633444 0.8979382770 -0.3826441488 -0.1122721420 0.3664124448 0.9236540946
0.9911611945 0.1309679335 0.0211397018 -0.1130013827 0.9169554350 -0.3826531297 -0.0694994541 0.3768821176 0.9236502018
0.9996420991 0.0163850133 0.0211472209 -0.0070477648 0.9238614808 -0.3826621138 -0.0258070267 0.3823761180 0.9236463077
0.9949206546 -0.0984142684 0.0211547356 0.0989980833 0.9185652987 -0.3826711011 0.0182282904 0.3828216606 0.9236424122
0.9770592215 -0.2119137490 0.0211622457 0.2037355288 0.9011369385 -0.3826800915 0.0620250915 0.3782126137 0.9236385153
0.9462937014 -0.3226144330 0.0211697513 0.3057812315 0.8718066888 -0.3826890852 0.1050050914 0.3686095836 0.9236346170
0.9030304208 -0.4290542891 0.0211772524 0.4037874143 0.8309620340 -0.3826980820 0.1466007608 0.3541391181 0.9236307173
0.8478407652 -0.5298275600 0.0211847489 0.4964596646 0.7791425356 -0.3827070821 0.1862628205 0.3349920387 0.9236268163
0.7814536321 -0.6236033273 0.0211922409 0.5825740295 0.7170327038 -0.3827160853 0.2234674944 0.3114209241 0.9236229139
0.7047458049 -0.7091430899 0.0211997284 0.6609931813 0.6454529560 -0.3827250917 0.2577234267 0.2837367787 0.9236190101
0.6187303728 -0.7853171206 0.0212072113 0.7306814387 0.5653487799 -0.3827341012 0.2885781713 0.2523049288 0.9236151049
0.5245433508 -0.8511193865 0.0212146897 0.7907184443 0.4777782441 -0.3827431139 0.3156241671 0.2175402019 0.9236111983
0.4234286765 -0.9056808354 0.0212221635 0.8403113204 0.3838980228 -0.3827521298 0.3385041221 0.1799014520 0.9236072904
0.3167217810 -0.9482808741 0.0212296328 0.8788051394 0.2849481178 -0.3827611489 0.3569157330 0.1398855032 0.9236033811
0.2058319517 -0.9783568844 0.0212370975 0.9056915732 0.1822354803 -0.3827701712 0.3706156794 0.0980205917 0.9235994704
0.0922237202 -0.9955116545 0.0212445577 0.9206156059 0.0771167479 -0.3827791966 0.3794228401 0.0548593929 0.9235955584
-0.0226024806 -0.9995186240 0.0212520134 0.9233802214 -0.0290196734 -0.3827882251 0.3832206866 0.0109717254 0.9235916449
-0.1371301322 -0.9903248770 0.0212594645 0.9139490042 -0.1347719477 -0.3827972569 0.3819588258 -0.0330629721 0.9235877302
-0.2498466598 -0.9680518401 0.0212669110 0.8924466192 -0.2387433241 -0.3828062918 0.3756536682 -0.0766632905 0.9235838140
-0.3592634085 -0.9329936791 0.0212743530 0.8591571639 -0.3395605851 -0.3828153298 0.3643882147 -0.1192535274 0.9235798965
-0.4639353044 -0.8856134138 0.0212817904 0.8145204145 -0.4358921832 -0.3828243710 0.3483109642 -0.1602712883 0.9235759776
-0.5624799397 -0.8265368028 0.0212892233 0.7591260162 -0.5264658275 -0.3828334154 0.3276339557 -0.1991749131 0.9235720573
-0.6535958302 -0.7565440789 0.0212966516 0.6937056945 -0.6100852875 -0.3828424629 0.3026299723 -0.2354506289 0.9235681357
-0.7360796041 -0.6765596446 0.0213040753 0.6191235890 -0.6856461916 -0.3828515136 0.2736289421 -0.2686193350 0.9235642127
-0.8088418950 -0.5876398634 0.0213114945 0.5363648390 -0.7521506135 -0.3828605674 0.2410135852 -0.2982429305 0.9235602883
-0.8709217292 -0.4909591080 0.0213189092 0.4465225715 -0.8087202507 -0.3828696244 0.2052143628 -0.3239301012 0.9235563626
-0.9214992172 -0.3877942507 0.0213263192 0.3507834619 -0.8546080247 -0.3828786845 0.1667037961 -0.3453414879 0.9235524355
-0.9599063820 -0.2795077994 0.0213337247 0.2504120601 -0.8892079469 -0.3828877477 0.1259902293 -0.3621941707 0.9235485070
-0.9856359815 -0.1675299026 0.0213411256 0.1467340880 -0.9120631213 -0.3828968141 0.0836111196 -0.3742654066 0.9235445772
-0.9983482070 -0.0533394618 0.0213485220 0.0411189292 -0.9228717776 -0.3829058837 0.0401259422 -0.3813955740 0.9235406460
-0.9978751713 0.0615554010 0.0213559138 -0.0650384581 -0.9214912562 -0.3829149563 -0.0038911959 -0.3834902833 0.9235367135
-0.9842231262 0.1756372606 0.0213633010 -0.1703359655 -0.9079398903 -0.3829240321 -0.0478591349 -0.3805216265 0.9235327796
-0.9575723792 0.2873994301 0.0213706836 -0.2733828533 -0.8823967633 -0.3829331111 -0.0911973359 -0.3725285487 0.9235288443
-0.9182749130 0.3953658591 0.0213780616 -0.3728181188 -0.8451993416 -0.3829421931 -0.1333335456 -0.3596163378 0.9235249077
-0.8668497361 0.4981106285 0.0213854351 -0.4673284722 -0.7968390161 -0.3829512783 -0.1737113528 -0.3419552373 0.9235209698
-0.8039760283 0.5942767822 0.0213928040 -0.5556656815 -0.7379546110 -0.3829603667 -0.2117975360 -0.3197782016 0.9235170304
-0.7304841709 0.6825942490 0.0214001683 -0.6366630588 -0.6693239453 -0.3829694581 -0.2470891046 -0.2933778237 0.9235130898
-0.6473447796 0.7618966164 0.0214075281 -0.7092508685 -0.5918535577 -0.3829785527 -0.2791199418 -0.2631024747 0.9235091477
-0.5556558854 0.8311365350 0.0214148832 -0.7724704556 -0.5065667329 -0.3829876504 -0.3074669613 -0.2293517065 0.9235052043
-0.4566284327 0.8893995516 0.0214222338 -0.8254869067 -0.4145899847 -0.3829967512 -0.3317556952 -0.1925709797 0.9235012596
-0.3515702868 0.9359161857 0.0214295797 -0.8676000758 -0.3171381770 -0.3830058551 -0.3516652412 -0.1532457833 0.9234973135
-0.2418689599 0.9700720925 0.0214369211 -0.8982538312 -0.2154984768 -0.3830149622 -0.3669325020 -0.1118952271 0.9234933661
-0.1289732869 0.9914161765 0.0214442579 -0.9170433988 -0.1110133534 -0.3830240724 -0.3773556623 -0.0690651887 0.9234894173
-0.0143742901 0.9996665489 0.0214515901 -0.9237207079 -0.0050628468 -0.3830331856 -0.3827968567 -0.0253211081 0.9234854671
0.1004145127 0.9947142507 0.0214589177 -0.9181976657 0.1009536602 -0.3830423020 -0.3831839927 0.0187594780 0.9234815156
0.2138770977 0.9766246913 0.0214662407 -0.9005473198 0.2056359243 -0.3830514215 -0.3785117065 0.0625945607 0.9234775628
0.3245149566 0.9456367850 0.0214735591 -0.8710028917 0.3076013364 -0.3830605441 -0.3688414369 0.1056053437 0.9234736086
0.4308668882 0.9021597956 0.0214808730 -0.8299546959 0.4055031823 -0.3830696698 -0.3543006173 0.1472238852 0.9234696531
0.5315282963 0.8467679306 0.0214881822 -0.7779449824 0.4980484297 -0.3830787986 -0.3350809969 0.1869005977 0.9234656962
0.6251697403 0.7801927582 0.0214954868 -0.7156607745 0.5840148057 -0.3830879305 -0.3114361117 0.2241115053 0.9234617380
0.7105544931 0.7033135450 0.0215027868 -0.6439247927 0.6622669399 -0.3830970655 -0.2836779400 0.2583651637 0.9234577784
0.7865548748 0.6171456435 0.0215100822 -0.5636845879 0.7317713592 -0.3831062036 -0.2521727867 0.2892091502 0.9234538175
0.8521671458 0.5228270825 0.0215173730 -0.4760000248 0.7916101369 -0.3831153448 -0.2173364486 0.3162360399 0.9234498553
0.9065247637 0.4216035364 0.0215246592 -0.3820292830 0.8409930159 -0.3831244891 -0.1796287275 0.3390887868 0.9234458917
0.9489098268 0.3148118741 0.0215319408 -0.2830135589 0.8792678443 -0.3831336365 -0.1395473613 0.3574654415 0.9234419268
0.9787625566 0.2038625024 0.0215392177 -0.1802606713 0.9059291888 -0.3831427870 -0.0976214534 0.3711231399 0.9234379605
0.9956886898 0.0902207390 0.0215464901 -0.0751277883 0.9206250083 -0.3831519405 -0.0544044888 0.3798813135 0.9234339929
0.9994646859 -0.0246125405 0.0215537578 0.0309964993 0.9231613026 -0.3831610972 -0.0104670271 0.3836240767 0.9234300240
0.9900406792 -0.1391207242 0.0215610209 0.1367105175 0.9135046736 -0.3831702569 0.0336108302 0.3823017597 0.9234260537
0.9675411374 -0.2517914945 0.0215682795 0.2406180232 0.8917827646 -0.3831794197 0.0772470989 0.3759315683 0.9234220821
0.9322632178 -0.3611368012 0.0215755333 0.3413466446 0.8582825736 -0.3831885856 0.1198655957 0.3645973597 0.9234181091
0.8846728423 -0.4657125139 0.0215827826 0.4375660072 0.8134466610 -0.3831977545 0.1609035471 0.3484485387 0.9234141348
0.8253985444 -0.5641374954 0.0215900273 0.5280053051 0.7578673032 -0.3832069265 0.1998190200 0.3276980883 0.9234101592
0.7552231676 -0.6551118418 0.0215972673 0.6114700846 0.6922786686 -0.3832161017 0.2360980787 0.3026197610 0.9234061823
0.6750735265 -0.7374340508 0.0216045027 0.6868580199 0.6175471199 -0.3832252798 0.2692615721 0.2735444670 0.9234022040
0.5860081665 -0.8100168898 0.0216117334 0.7531734715 0.5346597701 -0.3832344611 0.2988714618 0.2408559082 0.9233982244
0.4892033828 -0.8719017553 0.0216189596 0.8095406352 0.4447114437 -0.3832436454 0.3245366084 0.2049855140 0.9233942435
0.3859376855 -0.9222713327 0.0216261811 0.8552151093 0.3488902162 -0.3832528328 0.3459179378 0.1664067481 0.9233902612
0.2775749141 -0.9604603912 0.0216333980 0.8895937245 0.2484617210 -0.3832620232 0.3627329215 0.1256288583 0.9233862776
0.1655462251 -0.9859645690 0.0216406102 0.9122225100 0.1447524327 -0.3832712167 0.3747593090 0.0831901549 0.9233822927
0.0513311903 -0.9984470346 0.0216478178 0.9228026874 0.0391321467 -0.3832804133 0.3818380665 0.0396509043 0.9233783064
-0.0635617433 -0.9977429353 0.0216550208 0.9211946165 -0.0670041129 -0.3832896129 0.3838754789 -0.0044140674 0.9233743189
-0.1776151764 -0.9838615743 0.0216622192 0.9074196376 -0.1722545187 -0.3832988156 0.3808443912 -0.0484229637 0.9233703300
-0.2893227976 -0.9569862880 0.0216694129 0.8816597887 -0.2752289554 -0.3833080213 0.3727845703 -0.0917946991 0.9233663397
-0.3972092771 -0.9174720242 0.0216766019 0.8442553994 -0.3745673795 -0.3833172301 0.3598021829 -0.1339565716 0.9233623482
-0.4998497517 -0.8658406546 0.0216837863 0.7957005951 -0.4689577827 -0.3833264419 0.3420683977 -0.1743518251 0.9233583553
-0.5958886430 -0.8027740822 0.0216909661 0.7366367692 -0.5571535198 -0.3833356568 0.3198171282 -0.2124470011 0.9233543611
-0.6840575607 -0.7291052354 0.0216981413 0.6678441102 -0.6379897738 -0.3833448747 0.2933419473 -0.2477389841 0.9233503656
-0.7631920542 -0.6458070670 0.0217053117 0.5902312966 -0.7103989400 -0.3833540956 0.2629922146 -0.2797616455 0.9233463688
-0.8322469914 -0.5539797050 0.0217124776 0.5048234935 -0.7734247252 -0.3833633196 0.2291684657 -0.3080920006 0.9233423707
-0.8903103621 -0.4548359225 0.0217196388 0.4127488120 -0.8262347782 -0.3833725467 0.1923171268 -0.3323557958 0.9233383712
-0.9366153227 -0.3496851207 0.0217267953 0.3152234084 -0.8681316813 -0.3833817768 0.1529246222 -0.3522324521 0.9233343704
-0.9705503240 -0.2399160356 0.0217339472 0.2135354205 -0.8985621613 -0.3833910099 0.1115109537 -0.3674593013 0.9233303683
-0.9916671879 -0.1269783968 0.0217410944 0.1090279539 -0.9171243954 -0.3834002460 0.0686228366 -0.3778350568 0.9233263649
-0.9996870266 -0.0123637805 0.0217482370 0.0030813418 -0.9235733171 -0.3834094852 0.0248264821 -0.3832224745 0.9233223602
-0.9945039256 0.1024140893 0.0217553749 -0.1029050861 -0.9178238517 -0.3834187274 -0.0192998778 -0.3835501683 0.9233183542
-0.9761863426 0.2158393333 0.0217625081 -0.2075314861 -0.8999520388 -0.3834279726 -0.0631736244 -0.3788135559 0.9233143468
-0.9449762034 0.3264139365 0.0217696367 -0.3094159891 -0.8701940262 -0.3834372209 -0.1062154449 -0.3690749229 0.9233103382
-0.9012857065 0.4326775334 0.0217767607 -0.4072129520 -0.8289429502 -0.3834464722 -0.1478569816 -0.3544626036 0.9233063282
-0.8456918794 0.5332266945 0.0217838799 -0.4996307300 -0.7767437411 -0.3834557265 -0.1875483372 -0.3351692898 0.9233023169
-0.7789289573 0.6267334618 0.0217909945 -0.5854487366 -0.7142859252 -0.3834649838 -0.2247653361 -0.3114494902 0.9232983043
-0.7018786863 0.7119628869 0.0217981045 -0.6635335634 -0.6423945161 -0.3834742442 -0.2590164472 -0.2836161727 0.9232942904
-0.6155586781 0.7877893415 0.0218052097 -0.7328539496 -0.5620191171 -0.3834835075 -0.2898492752 -0.2520366351 0.9232902752
-0.5211089700 0.8532113832 0.0218123103 -0.7924944018 -0.4742213782 -0.3834927739 -0.3168565362 -0.2171276582 0.9232862587
-0.4197769684 0.9073649819 0.0218194063 -0.8416672844 -0.3801609728 -0.3835020433 -0.3396814379 -0.1793500055 0.9232822409
-0.3129009744 0.9495349305 0.0218264975 -0.8797232217 -0.2810802804 -0.3835113157 -0.3580223925 -0.1392023411 0.9232782217
-0.2018925084 0.9791642914 0.0218335841 -0.9061596733 -0.1782879767 -0.3835205911 -0.3716370023 -0.0972146476 0.9232742013
-0.0882176684 0.9958617516 0.0218406660 -0.9206275706 -0.0731417487 -0.3835298695 -0.3803452631 -0.0539412301 0.9232701796
0.0266222332 0.9994067905 0.0218477432 -0.9229359255 0.0329696383 -0.3835391509 -0.3840319440 -0.0099533984 0.9232661565
0.1411104975 0.9897525926 0.0218548158 -0.9130543520 0.1386446828 -0.3835484353 -0.3826481123 0.0341680759 0.9232621322
0.2537350700 0.9670266658 0.0218618836 -0.8911134657 0.2424876586 -0.3835577227 -0.3762117827 0.0778406267 0.9232581066
0.3630085107 0.9315291570 0.0218689468 -0.8574031579 0.3431270483 -0.3835670132 -0.3648076836 0.1204875861 0.9232540796
0.4674876387 0.8837288883 0.0218760053 -0.8123687648 0.4392336587 -0.3835763066 -0.3485861409 0.1615457984 0.9232500514
0.5657925922 0.8242571652 0.0218830591 -0.7566051850 0.5295381754 -0.3835856030 -0.3277610969 0.2004730566 0.9232460219
0.6566250529 0.7538994383 0.0218901083 -0.6908490201 0.6128479275 -0.3835949024 -0.3026072889 0.2367552632 0.9232419911
0.7387853924 0.6735849306 0.0218971527 -0.6159688455 0.6880626392 -0.3836042048 -0.2734566243 0.2699132190 0.9232379589
0.8111885160 0.5843743645 0.0219041925 -0.5329537367 0.7541889613 -0.3836135101 -0.2406938014 0.2995089528 0.9232339255
0.8728781938 0.4874459529 0.0219112275 -0.4429002052 0.8103535903 -0.3836228185 -0.2047512322 0.3251515057 0.9232298908
0.9230396891 0.3840798385 0.0219182579 -0.3469977149 0.8558148017 -0.3836321298 -0.1661033360 0.3465020964 0.9232258548
0.9610105192 0.2756411868 0.0219252836 -0.2465129712 0.8899722453 -0.3836414441 -0.1252602768 0.3632785966 0.9232218175
0.9862892046 0.1635621563 0.0219323046 -0.1427731903 0.9123748733 -0.3836507614 -0.0827612294 0.3752592592 0.9232177789
0.9985418917 0.0493229836 0.0219393209 -0.0371485686 0.9227268965 -0.3836600817 -0.0391672614 0.3822856494 0.9232137390
0.9976067626 -0.0655675659 0.0219463324 0.0689658144 0.9208916897 -0.3836694050 0.0049460738 0.3842647397 0.9232096978
0.9834961717 -0.1795921244 0.0219533393 0.1741684224 0.9068935946 -0.3836787312 0.0489963356 0.3811701418 0.9232056554
0.9563964826 -0.2912447620 0.0219603415 0.2770697734 0.8809175971 -0.3836880604 0.0924018865 0.3730424583 0.9232016116
0.9166656070 -0.3990508752 0.0219673390 0.3763107919 0.8433068830 -0.3836973926 0.1345895722 0.3599887500 0.9231975666
0.8648282770 -0.5015866625 0.0219743318 0.4705807583 0.7945583031 -0.3837067277 0.1750022892 0.3421811259 0.9231935203
0.8015691158 -0.5974979282 0.0219813199 0.5586346207 0.7353158106 -0.3837160658 0.2131063423 0.3198544739 0.9231894726
0.7277235950 -0.6855179675 0.0219883032 0.6393094386 0.6663619541 -0.3837254069 0.2483984923 0.2933033624 0.9231854237
0.6442670009 -0.7644842962 0.0219952819 0.7115397418 0.5886075406 -0.3837347509 0.2804126022 0.2628781543 0.9231813736
0.5523015534 -0.8333540033 0.0220022558 0.7743716021 0.5030796051 -0.3837440979 0.3087257941 0.2289803835 0.9231773221
0.4530418492 -0.8912175250 0.0220092251 0.8269752320 0.4109078447 -0.3837534479 0.3329640348 0.1920574557 0.9231732694
0.3477988205 -0.9373106571 0.0220161896 0.8686559426 0.3133096967 -0.3837628008 0.3528070773 0.1525967434 0.9231692153
0.2379624209 -0.9710246480 0.0220231494 0.8988633183 0.2115742584 -0.3837721567 0.3679926918 0.1111191526 0.9231651600
0.1249832690 -0.9919142387 0.0220301045 0.9171984848 0.1070452605 -0.3837815155 0.3783201315 0.0681722469 0.9231611034
0.0103534892 -0.9997035428 0.0220370549 0.9234193767 0.0011033190 -0.3837908772 0.3836527858 0.0243230182 0.9231570456
-0.1044129947 -0.9942896905 0.0220440005 0.9174439326 -0.1048523003 -0.3838002419 0.3839199879 -0.0198495981 0.9231529864
-0.2178004536 -0.9757441870 0.0220509414 0.8993511780 -0.2094221625 -0.3838096096 0.3791179513 -0.0637623669 0.9231489260
-0.3283113719 -0.9443119681 0.0220578777 0.8693801803 -0.3112251478 -0.3838189802 0.3693098228 -0.1068354543 0.9231448643
-0.4344862253 -0.9004081653 0.0220648091 0.8279268893 -0.4089166919 -0.3838283537 0.3546248526 -0.1485000838 0.9231408013
-0.5349227564 -0.8446126231 0.0220717359 0.7755389068 -0.5012065451 -0.3838377302 0.3352566907 -0.1882060467 0.9231367371
-0.6282944949 -0.7776622407 0.0220786579 0.7129082527 -0.5868758128 -0.3838471096 0.3114608337 -0.2254289684 0.9231326715
-0.7133682758 -0.7004412398 0.0220855753 0.6408622233 -0.6647930537 -0.3838564920 0.2835512542 -0.2596772330 0.9231286048
-0.7890205265 -0.6139694868 0.0220924878 0.5603524639 -0.7339292230 -0.3838658773 0.2518962581 -0.2904984766 0.9231245367
-0.8542521055 -0.5193890228 0.0220993957 0.4724423984 -0.7933712628 -0.3838752655 0.2169136245 -0.3174855623 0.9231204673
-0.9082014978 -0.4179489812 0.0221062988 0.3782931829 -0.8423341606 -0.3838846567 0.1790650918 -0.3402819580 0.9231163967
-0.9501561938 -0.3109890896 0.0221131972 0.2791483687 -0.8801713163 -0.3838940507 0.1388502632 -0.3585864472 0.9231123249
-0.9795620986 -0.1999219764 0.0221200908 0.1763174771 -0.9063830813 -0.3839034477 0.0968000121 -0.3721571083 0.9231082517
-0.9960308501 -0.0862145139 0.0221269797 0.0711587029 -0.9206233564 -0.3839128477 0.0534694739 -0.3808145129 0.9231041773
-0.9993449485 0.0286315548 0.0221338639 -0.0349390245 -0.9227041618 -0.3839222505 0.0094307174 -0.3844440973 0.9231001016
-0.9894606283 0.1430994494 0.0221407433 -0.1405743862 -0.9125981181 -0.3839316563 -0.0347348079 -0.3829976793 0.9230960247
-0.9665084365 0.2556773848 0.0221476180 -0.2443521823 -0.8904388074 -0.3839410650 -0.0784439488 -0.3764940972 0.9230919465
-0.9307915083 0.3648785369 0.0221544880 -0.3449017586 -0.8565190065 -0.3839504766 -0.1211195481 -0.3650189651 0.9230878670
-0.8827815635 0.4692606797 0.0221613532 -0.4408951106 -0.8112868195 -0.3839598911 -0.1621980658 -0.3487235453 0.9230837863
-0.8231126766 0.5674452325 0.0221682136 -0.5310644223 -0.7553397576 -0.3839693085 -0.2011370205 -0.3278227548 0.9230797043
-0.7525729022 0.6581354672 0.0221750693 -0.6142188110 -0.6894168463 -0.3839787289 -0.2374221538 -0.3025923311 0.9230756210
-0.6720938673 0.7401336338 0.0221819203 -0.6892600555 -0.6143888629 -0.3839881521 -0.2705742216 -0.2733651938 0.9230715365
-0.5827384671 0.8123567797 0.0221887665 -0.7551971003 -0.5312468349 -0.3839975783 -0.3001553242 -0.2405270523 0.9230674507
-0.4856868273 0.8738510518 0.0221956079 -0.8111591442 -0.4410889492 -0.3840070073 -0.3257746899 -0.2045113154 0.9230633636
-0.3822207178 0.9238042944 0.0222024447 -0.8564071407 -0.3451060470 -0.3840164393 -0.3470938378 -0.1657933712 0.9230592753
-0.2737066246 0.9615567751 0.0222092766 -0.8903435579 -0.2445658948 -0.3840258742 -0.3638310495 -0.1248843121 0.9230551858
-0.1615777023 0.9866098980 0.0222161038 -0.9125202694 -0.1407964388 -0.3840353119 -0.3757650916 -0.0823241883 0.9230510950
-0.0473148464 0.9986327888 0.0222229262 -0.9226444717 -0.0351682657 -0.3840447526 -0.3827381405 -0.0386748785 0.9230470029
0.0675728651 0.9974666643 0.0222297439 -0.9205825501 0.0709235000 -0.3840541961 -0.3846578692 0.0054873281 0.9230429096
0.1815681022 0.9831269296 0.0222365568 -0.9063618423 0.1760776228 -0.3840636426 -0.3814986698 0.0495793401 0.9230388150
0.2931653223 0.9558029747 0.0222433650 -0.8801702756 0.2789052635 -0.3840730919 -0.3733019953 0.0930189631 0.9230347192
0.4008906540 0.9158556729 0.0222501684 -0.8423538837 0.3780483223 -0.3840825441 -0.3601758157 0.1352325866 0.9230306221
0.5033213626 0.8638126147 0.0222569670 -0.7934122347 0.4721973761 -0.3840919992 -0.3422931955 0.1756627585 0.9230265238
0.5991046406 0.8003611401 0.0222637609 -0.7339918321 0.5601089724 -0.3841014572 -0.3198900124 0.2137755468 0.9230224242
0.6869754735 0.7263392606 0.0222705499 -0.6648775743 0.6406220523 -0.3841109180 -0.2932618456 0.2490675906 0.9230183233
0.7657733477 0.6427245913 0.0222773343 -0.5869823866 0.7126732843 -0.3841203818 -0.2627600764 0.2810727479 0.9230142213
0.8344575772 0.5506214399 0.0222841138 -0.5013351628 0.7753111079 -0.3841298484 -0.2287872512 0.3093682528 0.9230101179
0.8921210477 0.4512462216 0.0222908886 -0.4090671747 0.8277083007 -0.3841393179 -0.1917917693 0.3335803000 0.9230060134
0.9380021973 0.3459113937 0.0222976586 -0.3113971294 0.8691729027 -0.3841487903 -0.1522619641 0.3533889825 0.9230019076
0.9714950740 0.2360081225 0.0223044238 -0.2096150724 0.8991573547 -0.3841582655 -0.1107196577 0.3685325192 0.9229978005
0.9921573390 0.1229879092 0.0223111843 -0.1050653487 0.9172657288 -0.3841677436 -0.0677132723 0.3788107139 0.9229936922
0.9997161081 0.0083434205 0.0223179400 0.0008711539 0.9232589567 -0.3841772246 -0.0238105901 0.3840876022 0.9229895826
0.9940715564 -0.1064112257 0.0223246909 0.1067952434 0.9170579856 -0.3841867085 0.0204087425 0.3842932500 0.9229854718
0.9752982357 -0.2197604568 0.0223314370 0.2113079036 0.8987448211 -0.3841961952 0.0643608680 0.3794246805 0.9229813598
0.9436440906 -0.3302072623 0.0223381783 0.3130287724 0.8685614425 -0.3842056847 0.1074654269 0.3695459165 0.9229772465
0.8995271834 -0.4362929647 0.0223449149 0.4106143726 0.8269066058 -0.3842151772 0.1491532210 0.3547871394 0.9229731320
0.8435301730 -0.5366164842 0.0223516467 0.5027758562 0.7743305751 -0.3842246725 0.1888737295 0.3353429727 0.9229690163
0.7763926192 -0.6298528431 0.0223583736 0.5882960266 0.7115278541 -0.3842341706 0.2261023791 0.3114699165 0.9229648993
0.6990012158 -0.7147706645 0.0223650958 0.6660454144 0.6393280119 -0.3842436716 0.2603474722 0.2834829631 0.9229607810
0.6123780792 -0.7902484357 0.0223718132 0.7349971942 0.5586847247 -0.3842531754 0.2911566805 0.2517514415 0.9229566616
0.5176672500 -0.8552893194 0.0223785258 0.7942407460 0.4706631795 -0.3842626821 0.3181230198 0.2166941430 0.9229525409
0.4161195829 -0.9090343195 0.0223852337 0.8429936811 0.3764260037 -0.3842721917 0.3408902262 0.1787737946 0.9229484189
0.3090762269 -0.9507736256 0.0223919367 0.8806121749 0.2772179094 -0.3842817041 0.3591574632 0.1384909512 0.9229442958
0.1979509125 -0.9799559875 0.0223986349 0.9065994689 0.1743492520 -0.3842912193 0.3726832960 0.0963773880 0.9229401714
0.0842112805 -0.9961959955 0.0224053284 0.9206124306 0.0691787236 -0.3843007374 0.3812888836 0.0529890810 0.9229360457
-0.0306405013 -0.9992791708 0.0224120170 0.9224660841 -0.0369045932 -0.3843102583 0.3848603426 0.0088988666 0.9229319189
-0.1450875774 -0.9891647976 0.0224187008 0.9121360519 -0.1424995719 -0.3843197820 0.3833502547 -0.0353111209 0.9229277908
-0.2576184376 -0.9659864611 0.0224253799 0.8897588753 -0.2462115481 -0.3843293086 0.3767782962 -0.0790571352 0.9229236615
-0.3667468798 -0.9300502831 0.0224320541 0.8556302099 -0.3466707394 -0.3843388380 0.3652309819 -0.1217615265 0.9229195309
-0.4710316384 -0.8818308791 0.0224387235 0.8102009190 -0.4425503375 -0.3843483703 0.3488605259 -0.1628603681 0.9229153991
-0.5690954191 -0.8219650896 0.0224453882 0.7540711175 -0.5325840313 -0.3843579053 0.3278828354 -0.2018109043 0.9229112661
-0.6596430887 -0.7512435698 0.0224520480 0.6879822445 -0.6155827319 -0.3843674432 0.3025746632 -0.2380987171 0.9229071319
-0.7414787803 -0.6706003467 0.0224587030 0.6128072693 -0.6904502770 -0.3843769840 0.2732699564 -0.2712445208 0.9229029965
-0.8135216872 -0.5811004839 0.0224653532 0.5295391600 -0.7561979076 -0.3843865275 0.2403554502 -0.3008104921 0.9228988598
-0.8748203368 -0.4839260146 0.0224719986 0.4392777683 -0.8119573269 -0.3843960739 0.2042655640 -0.3264060534 0.9228947219
-0.9245651569 -0.3803603311 0.0224786392 0.3432153014 -0.8569921667 -0.3844056231 0.1654766677 -0.3476930323 0.9228905828
-0.9620991678 -0.2717712341 0.0224852749 0.2426205752 -0.8907077128 -0.3844151751 0.1245007943 -0.3643901297 0.9228864424
-0.9869266591 -0.1595928687 0.0224919059 0.1388222552 -0.9126587580 -0.3844247299 0.0818788803 -0.3762766372 0.9228823009
-0.9987197362 -0.0453067832 0.0224985320 0.0331913077 -0.9225554811 -0.3844342875 0.0381736249 -0.3831953545 0.9228781581
-0.9973226511 0.0695776379 0.0225051533 -0.0728771083 -0.9202672736 -0.3844438480 -0.0060379387 -0.3850546681 0.9228740141
-0.9827538592 0.1835431080 0.0225117698 -0.1779820678 -0.9058244632 -0.3844534112 -0.0501720622 -0.3818297649 0.9228698689
-0.9552057754 0.2950844779 0.0225183815 -0.2807353832 -0.8794179119 -0.3844629773 -0.0936459889 -0.3735629628 0.9228657224
-0.9150422331 0.4027286139 0.0225249883 -0.3797799387 -0.8413964936 -0.3844725461 -0.1358856494 -0.3603631559 0.9228615748
-0.8627936787 0.5050538540 0.0225315904 -0.4738076149 -0.7922624850 -0.3844821178 -0.1763332416 -0.3424043799 0.9228574259
-0.7991501659 0.6007087834 0.0225381876 -0.5615765648 -0.7326649306 -0.3844916922 -0.2144545970 -0.3199235176 0.9228532758
-0.7249522423 0.6884300830 0.0225447800 -0.6419276161 -0.6633910683 -0.3845012695 -0.2497462352 -0.2932171744 0.9228491245
-0.6411798481 0.7670592143 0.0225513675 -0.7137995799 -0.5853559313 -0.3845108496 -0.2817420134 -0.2626377648 0.9228449720
-0.5489393737 0.8355577197 0.0225579502 -0.7762432660 -0.4995902612 -0.3845204324 -0.3100192834 -0.2285888623 0.9228408183
-0.4494490477 0.8930209379 0.0225645281 -0.8284340183 -0.4072268933 -0.3845300180 -0.3342044747 -0.1915198731 0.9228366634
-0.3440228477 0.9386899518 0.0225711012 -0.8696826058 -0.3094857932 -0.3845396065 -0.3539780295 -0.1519201046 0.9228325073
