1965
38541
0.5140171407 -0.8573652946 -0.0266670341 0.7808644848 0.4805669073 -0.3991316874 0.3550169509 0.1843371889 0.9165057367
0.4122555381 -0.9106778788 -0.0266678157 0.8308489281 0.3878053360 -0.3991203828 0.3738120248 0.1423826621 0.9165106369
0.3050492614 -0.9519630951 -0.0266685915 0.8698607787 0.2899209712 -0.3991090779 0.3876688970 0.0985499676 0.9165155373
0.1938141892 -0.9806756881 -0.0266693617 0.8973846835 0.1882065293 -0.3990977727 0.3964048309 0.0534181345 0.9165204378
0.0800194083 -0.9964364499 -0.0266701262 0.9130570065 0.0840053251 -0.3990864671 0.3999047351 0.0075833174 0.9165253385
-0.0348321879 -0.9990372278 -0.0266708850 0.9166706333 -0.0213064693 -0.3990751613 0.3981226804 -0.0383490780 0.9165302393
-0.1492237492 -0.9884436739 -0.0266716380 0.9081777082 -0.1263379990 -0.3990638551 0.3910825016 -0.0837723917 0.9165351402
-0.2616445008 -0.9647956981 -0.0266723854 0.8876902674 -0.2297020954 -0.3990525485 0.3788774793 -0.1280867218 0.9165400413
-0.3706096966 -0.9284056210 -0.0266731271 0.8554787620 -0.3300335971 -0.3990412417 0.3616691037 -0.1707068473 0.9165449425
-0.4746802283 -0.8797540485 -0.0266738631 0.8119684869 -0.4260073797 -0.3990299346 0.3396849379 -0.2110699567 0.9165498439
-0.5724816319 -0.8194835247 -0.0266745934 0.7577339664 -0.5163558573 -0.3990186271 0.3132156084 -0.2486430802 0.9165547454
-0.6627222396 -0.7483900457 -0.0266753179 0.6934913672 -0.5998857247 -0.3990073193 0.2826109635 -0.2829301270 0.9165596470
-0.7442102401 -0.6674125468 -0.0266760368 0.6200890421 -0.6754937179 -0.3989960112 0.2482754487 -0.3134784354 0.9165645488
-0.8158694176 -0.5776205021 -0.0266767500 0.5384963267 -0.7421811861 -0.3989847029 0.2106627624 -0.3398847491 0.9165694507
-0.8767533666 -0.4801997995 -0.0266774575 0.4497907389 -0.7990672825 -0.3989733942 0.1702698604 -0.3618005398 0.9165743527
-0.9260579902 -0.3764370793 -0.0266781593 0.3551437488 -0.8454005987 -0.3989620852 0.1276303903 -0.3789366083 0.9165792548
-0.9631321204 -0.2677027406 -0.0266788554 0.2558053081 -0.8805690903 -0.3989507759 0.0833076407 -0.3910668996 0.9165841571
-0.9874861179 -0.1554328433 -0.0266795457 0.1530873429 -0.9041081615 -0.3989394664 0.0378871005 -0.3980314857 0.9165890595
-0.9987983388 -0.0411101413 -0.0266802304 0.0483464272 -0.9157068029 -0.3989281565 -0.0080312756 -0.3997386738 0.9165939620
-0.9969193825 0.0737555002 -0.0266809094 -0.0570341329 -0.9152117009 -0.3989168464 -0.0538409920 -0.3961662136 0.9165988647
-0.9818740650 0.1876470451 -0.0266815827 -0.1616625683 -0.9026292636 -0.3989055359 -0.0989370224 -0.3873615869 0.9166037675
-0.9538610910 0.2990603225 -0.0266822503 -0.2641570283 -0.8781255386 -0.3988942252 -0.1427238010 -0.3734413769 0.9166086704
-0.9132504296 0.4065238923 -0.0266829122 -0.3631638311 -0.8420240214 -0.3988829142 -0.1846230878 -0.3545897241 0.9166135734
-0.8605784282 0.5086184780 -0.0266835683 -0.4573753419 -0.7948013846 -0.3988716029 -0.2240816046 -0.3310558909 0.9166184766
-0.7965407287 0.6039957119 -0.0266842188 -0.5455472441 -0.7370811844 -0.3988602913 -0.2605783412 -0.3031509651 0.9166233798
-0.7219830805 0.6913959426 -0.0266848636 -0.6265149735 -0.6696256264 -0.3988489795 -0.2936314347 -0.2712437483 0.9166282832
-0.6378901703 0.7696648716 -0.0266855027 -0.6992090997 -0.5933255008 -0.3988376674 -0.3228045313 -0.2357558813 0.9166331867
-0.5453726175 0.8377687976 -0.0266861361 -0.7626694517 -0.5091884189 -0.3988263550 -0.3477125473 -0.1971562724 0.9166380904
-0.4456523058 0.8948082694 -0.0266867637 -0.8160577996 -0.4183255069 -0.3988150424 -0.3680267518 -0.1559549016 0.9166429941
-0.3400462466 0.9400299642 -0.0266873857 -0.8586689269 -0.3219367319 -0.3988037295 -0.3834791053 -0.1126960825 0.9166478979
-0.2299491840 0.9728366375 -0.0266880020 -0.8899399459 -0.2212950550 -0.3987924163 -0.3938657962 -0.0679512717 0.9166528019
-0.1168151753 0.9927950104 -0.0266886125 -0.9094577333 -0.1177296196 -0.3987811029 -0.3990499294 -0.0223115194 0.9166577060
-0.0021383868 0.9996414922 -0.0266892174 -0.9169643878 -0.0126081983 -0.3987697892 -0.3989633300 0.0236203378 0.9166626102
0.1125666397 0.9932856615 -0.0266898166 -0.9123606384 0.0926808715 -0.3987584752 -0.3936074404 0.0692376397 0.9166675145
0.2257849897 0.9738114604 -0.0266904100 -0.8957071566 0.1967470231 -0.3987471610 -0.3830532965 0.1139379149 0.9166724189
0.3360213831 0.9414760861 -0.0266909978 -0.8672237575 0.2982158262 -0.3987358466 -0.3674405863 0.1571308381 0.9166773234
0.4418199228 0.8967065938 -0.0266915798 -0.8272864979 0.3957471390 -0.3987245319 -0.3469758005 0.1982460255 0.9166822281
0.5417833227 0.8400942566 -0.0266921562 -0.7764227116 0.4880528082 -0.3987132169 -0.3219295018 0.2367405678 0.9166871328
0.6345913617 0.7723867568 -0.0266927268 -0.7153040463 0.5739136824 -0.3987019017 -0.2926327477 0.2721061982 0.9166920376
0.7190183197 0.6944783107 -0.0266932918 -0.6447375950 0.6521957145 -0.3986905863 -0.2594727144 0.3038760042 0.9166969426
0.7939491665 0.6073978592 -0.0266938510 -0.5656552374 0.7218649400 -0.3986792707 -0.2228875803 0.3316305913 0.9167018476
0.8583942869 0.5122954782 -0.0266944046 -0.4791013345 0.7820011337 -0.3986679548 -0.1833607359 0.3550036196 0.9167067528
0.9115025517 0.4104271894 -0.0266949524 -0.3862189364 0.8318099649 -0.3986566386 -0.1414143963 0.3736866395 0.9167116580
0.9525725577 0.3031383724 -0.0266954945 -0.2882346869 0.8706334891 -0.3986453223 -0.0976027026 0.3874331617 0.9167165634
0.9810618920 0.1918459958 -0.0266960310 -0.1864426240 0.8979588395 -0.3986340057 -0.0525044008 0.3960619098 0.9167214689
0.9965942947 0.0780199032 -0.0266965617 -0.0821870904 0.9134250019 -0.3986226888 -0.0067151967 0.3994592102 0.9167263744
0.9989646293 -0.0368365987 -0.0266970867 0.0231550215 0.9168275843 -0.3986113718 0.0391601126 0.3975804896 0.9167312801
0.9881415908 -0.1512065947 -0.0266976060 0.1281924536 0.9081215180 -0.3986000545 0.0845156274 0.3904508604 0.9167361858
0.9642681202 -0.2635795949 -0.0266981196 0.2315379569 0.8874216547 -0.3985887370 0.1287523473 0.3781647841 0.9167410916
0.9276595157 -0.3724714838 -0.0266986275 0.3318266126 0.8550012514 -0.3985774193 0.1712860828 0.3608848206 0.9167459976
0.8787992692 -0.4764441214 -0.0266991297 0.4277338597 0.8112883631 -0.3985661014 0.2115551693 0.3388394769 0.9167509036
0.8183326808 -0.5741243363 -0.0266996262 0.5179929886 0.7568601908 -0.3985547833 0.2490278846 0.3123201851 0.9167558097
0.7470583356 -0.6642220614 -0.0267001170 0.6014118717 0.6924354606 -0.3985434649 0.2832094697 0.2816774502 0.9167607159
0.6659175578 -0.7455473721 -0.0267006021 0.6768887086 0.6188649323 -0.3985321464 0.3136486608 0.2473162175 0.9167656222
0.5759819774 -0.8170262015 -0.0267010815 0.7434265790 0.5371201650 -0.3985208277 0.3399436473 0.2096905207 0.9167705286
0.4784393783 -0.8777145255 -0.0267015552 0.8001466099 0.4482806867 -0.3985095087 0.3617473758 0.1692974827 0.9167754351
0.3745780102 -0.9268108309 -0.0267020232 0.8462995850 0.3535197384 -0.3984981895 0.3787721304 0.1266707478 0.9167803417
0.2657695753 -0.9636667007 -0.0267024854 0.8812758402 0.2540887793 -0.3984868702 0.3907933294 0.0823734310 0.9167852483
0.1534511118 -0.9877953782 -0.0267029420 0.9046133180 0.1513009599 -0.3984755507 0.3976524880 0.0369906793 0.9167901551
0.0391060149 -0.9988781950 -0.0267033928 0.9160036708 0.0465137795 -0.3984642309 0.3992593075 -0.0088780577 0.9167950619
-0.0757555542 -0.9967687801 -0.0267038380 0.9152963356 -0.0588888420 -0.3984529110 0.3955928639 -0.0546269462 0.9167999688
-0.1896166134 -0.9814949931 -0.0267042774 0.9025005237 -0.1635148413 -0.3984415909 0.3867018808 -0.0996517695 0.9168048758
-0.3009733943 -0.9532585558 -0.0267047112 0.8777851011 -0.2659823975 -0.3984302706 0.3727040812 -0.1433579086 0.9168097828
-0.4083552030 -0.9124323886 -0.0267051392 0.8414763599 -0.3649381810 -0.3984189501 0.3537846294 -0.1851681946 0.9168146900
-0.5103438427 -0.8595556847 -0.0267055616 0.7940537106 -0.4590752286 -0.3984076294 0.3301936809 -0.2245305308 0.9168195972
-0.6055923450 -0.7953267897 -0.0267059782 0.7361433521 -0.5471502047 -0.3983963086 0.3022430757 -0.2609251831 0.9168245045
-0.6928427586 -0.7205939777 -0.0267063891 0.6685100032 -0.6279998227 -0.3983849876 0.2703022152 -0.2938716420 0.9168294119
-0.7709427633 -0.6363442487 -0.0267067943 0.5920468039 -0.7005562104 -0.3983736664 0.2347931808 -0.3229349674 0.9168343193
-0.8388608889 -0.5436902931 -0.0267071938 0.5077635213 -0.7638610139 -0.3983623450 0.1961851560 -0.3477315296 0.9168392268
-0.8957001379 -0.4438557962 -0.0267075876 0.4167732148 -0.8170780560 -0.3983510235 0.1549882269 -0.3679340738 0.9168441344
-0.9407098317 -0.3381592769 -0.0267079757 0.3202775362 -0.8595043815 -0.3983397018 0.1117466434 -0.3832760385 0.9168490421
-0.9732955256 -0.2279966743 -0.0267083581 0.2195508612 -0.8905795422 -0.3983283799 0.0670316286 -0.3935550729 0.9168539498
-0.9930268589 -0.1148229112 -0.0267087348 0.1159234585 -0.9098930009 -0.3983170579 0.0214338333 -0.3986357058 0.9168588576
-0.9996432394 -0.0001326788 -0.0267091058 0.0107639217 -0.9171895545 -0.3983057358 -0.0244444661 -0.3984511307 0.9168637655
-0.9930572844 0.1145593037 -0.0267094710 -0.0945389056 -0.9123727065 -0.3982944134 -0.0699973231 -0.3930040844 0.9168686735
-0.9733559752 0.2277382939 -0.0267098306 -0.1985942725 -0.8955059433 -0.3982830909 -0.1146231236 -0.3823668070 0.9168735815
-0.9407995082 0.3379095315 -0.0267101844 -0.3000278882 -0.8668118971 -0.3982717683 -0.1577325323 -0.3666800835 0.9168784896
-0.8958178584 0.4436179799 -0.0267105326 -0.3975000730 -0.8266694076 -0.3982604455 -0.1987562745 -0.3461513807 0.9168833977
-0.8390051007 0.5434675428 -0.0267108750 -0.4897234520 -0.7756085204 -0.3982491226 -0.2371526543 -0.3210521033 0.9168883059
-0.7711115643 0.6361395025 -0.0267112118 -0.5754799585 -0.7143034876 -0.3982377995 -0.2724147074 -0.2917140055 0.9168932142
-0.6930339223 0.7204099361 -0.0267115428 -0.6536369214 -0.6435638651 -0.3982264763 -0.3040768941 -0.2585248062 0.9168981225
-0.6058033500 0.7951658803 -0.0267118681 -0.7231620261 -0.5643238219 -0.3982151529 -0.3317212461 -0.2219230650 0.9169030309
-0.5105719059 0.8594200300 -0.0267121877 -0.7831369491 -0.4776298036 -0.3982038294 -0.3549828840 -0.1823923869 0.9169079394
-0.4085973162 0.9123237778 -0.0267125016 -0.8327694879 -0.3846267129 -0.3981925058 -0.3735548329 -0.1404550329 0.9169128479
-0.3012263642 0.9531784216 -0.0267128098 -0.8714040255 -0.2865427902 -0.3981811820 -0.3871920737 -0.0966650197 0.9169177564
-0.1898771031 0.9814443924 -0.0267131123 -0.8985301899 -0.1846733927 -0.3981698581 -0.3957147756 -0.0516008013 0.9169226651
-0.0760201281 0.9967483804 -0.0267134091 -0.9137895969 -0.0803638868 -0.3981585341 -0.3990106674 -0.0058576274 0.9169275737
0.0388408466 0.9988882655 -0.0267137002 -0.9169805849 0.0250081195 -0.3981472100 -0.3970365166 0.0399603191 0.9169324825
0.1531888467 0.9878357861 -0.0267139855 -0.9080608799 0.1300509704 -0.3981358857 -0.3898186959 0.0852479024 0.9169373913
0.2655136726 0.9637369131 -0.0267142652 -0.8871481554 0.2333773427 -0.3981245613 -0.3774528316 0.1294070255 0.9169423001
0.3743318454 0.9269099217 -0.0267145391 -0.8545184802 0.3336225675 -0.3981132368 -0.3601025360 0.1718545300 0.9169472090
0.4782061982 0.8778411878 -0.0267148074 -0.8106026742 0.4294626550 -0.3981019122 -0.3379972434 0.2120298963 0.9169521179
0.5757648578 0.8171787648 -0.0267150699 -0.7559806197 0.5196317800 -0.3980905875 -0.3114291752 0.2494026456 0.9169570269
0.6657193624 0.7457238241 -0.0267153268 -0.6913736047 0.6029390013 -0.3980792627 -0.2807494776 0.2834793447 0.9169619359
0.7468816788 0.6644200748 -0.0267155779 -0.6176347984 0.6782839912 -0.3980679377 -0.2463635801 0.3138101202 0.9169668450
0.8181798927 0.5743412993 -0.0267158233 -0.5357379843 0.7446715688 -0.3980566127 -0.2087258381 0.3399945979 0.9169717541
0.8786723652 0.4766771724 -0.0267160630 -0.4467647007 0.8012248444 -0.3980452875 -0.1683335287 0.3616871881 0.9169766633
0.9275601696 0.3727175488 -0.0267162970 -0.3518899581 0.8471968026 -0.3980339622 -0.1257202814 0.3786016462 0.9169815725
0.9641976426 0.2638354284 -0.0267165253 -0.2523667211 0.8819801691 -0.3980226369 -0.0814490274 0.3905148501 0.9169864818
0.9881009115 0.1514688223 -0.0267167479 -0.1495093616 0.9051154328 -0.3980113114 -0.0361045638 0.3972697435 0.9169913911
0.9989542848 0.0371017617 -0.0267169647 -0.0446763001 0.9162969166 -0.3979999859 0.0097141718 0.3987774064 0.9169963004
0.9966144217 -0.0777553024 -0.0267171759 0.0607479349 0.9153768157 -0.3979886603 0.0554020120 0.3950182252 0.9170012098
0.9811122250 -0.1915854471 -0.0267173813 0.1653709921 0.9023671515 -0.3979773345 0.1003555529 0.3860421483 0.9170061192
0.9526524331 -0.3028853127 -0.0267175811 0.2678110864 0.8774396150 -0.3979660087 0.1439811231 0.3719680221 0.9170110287
0.9116109159 -0.4101849564 -0.0267177751 0.3667152485 0.8409233003 -0.3979546828 0.1857026239 0.3529820174 0.9170159382
0.8585297109 -0.5120672671 -0.0267179635 0.4607771944 0.7933003604 -0.3979433569 0.2249691372 0.3293351669 0.9170208477
0.7941098640 -0.6071866801 -0.0267181461 0.5487545778 0.7351996410 -0.3979320308 0.2612622001 0.3013400459 0.9170257573
0.7192021714 -0.6942869492 -0.0267183230 0.6294853991 0.6673883765 -0.3979207047 0.2941026503 0.2693666407 0.9170306669
0.6347959425 -0.7722177371 -0.0267184942 0.7019033529 0.5907620584 -0.3979093785 0.3230569524 0.2338374583 0.9170355765
0.5420059345 -0.8399498081 -0.0267186597 0.7650519117 0.5063326105 -0.3978980522 0.3477429213 0.1952219440 0.9170404862
0.4420576294 -0.8965886219 -0.0267188195 0.8180969605 0.4152150244 -0.3978867259 0.3678347665 0.1540302778 0.9170453959
0.3362710492 -0.9413861471 -0.0267189735 0.8603378143 0.3186126359 -0.3978753995 0.3830673919 0.1108066347 0.9170503056
0.2260433222 -0.9737507407 -0.0267191219 0.8912164735 0.2178012322 -0.3978640730 0.3932398935 0.0661219952 0.9170552153
0.1128302313 -0.9932549621 -0.0267192646 0.9103249953 0.1141122037 -0.3978527465 0.3982182088 0.0205666030 0.9170601251
-0.0018730129 -0.9996412183 -0.0267194015 0.9174108829 0.0089149607 -0.3978414199 0.3979368841 -0.0252578319 0.9170650349
-0.1165515194 -0.9928251658 -0.0267195328 0.9123804221 -0.0964011525 -0.3978300932 0.3923999345 -0.0707460804 0.9170699447
-0.2296907236 -0.9728968246 -0.0267196583 0.8952999208 -0.2004452067 -0.3978187665 0.3816807873 -0.1152973883 0.9170748546
-0.3397963909 -0.9401193893 -0.0267197781 0.8663948345 -0.3018430579 -0.3978074398 0.3659213078 -0.1583234100 0.9170797644
-0.4454143505 -0.8949257532 -0.0267198922 0.8260467912 -0.3992554963 -0.3977961130 0.3453299222 -0.1992559785 0.9170846743
-0.5451497012 -0.8379127907 -0.0267200006 0.7747885521 -0.4913959335 -0.3977847861 0.3201788606 -0.2375546079 0.9170895842
-0.6376852336 -0.7698334748 -0.0267201033 0.7132969776 -0.5770473957 -0.3977734592 0.2908005583 -0.2727136302 0.9170944942
-0.7217988265 -0.6915869324 -0.0267202003 0.6423840888 -0.6550785973 -0.3977621323 0.2575832615 -0.3042688718 0.9170994041
-0.7963795878 -0.6042065691 -0.0267202916 0.5629863449 -0.7244588824 -0.3977508053 0.2209658968 -0.3318037817 0.9171043141
-0.8604425261 -0.5088464216 -0.0267203772 0.4761522764 -0.7842718387 -0.3977394783 0.1814322709 -0.3549549298 0.9171092241
-0.9131415591 -0.4067659158 -0.0267204570 0.3830286383 -0.8337274015 -0.3977281512 0.1395046785 -0.3734168044 0.9171141341
-0.9537806882 -0.2993132338 -0.0267205312 0.2848452654 -0.8721722895 -0.3977168241 0.0957370019 -0.3869458431 0.9171190441
-0.9818231907 -0.1879075083 -0.0267205996 0.1828988307 -0.8990986349 -0.3977054970 0.0507073943 -0.3953636465 0.9171239541
-0.9968987080 -0.0740200798 -0.0267206624 0.0785357211 -0.9141506920 -0.3976941699 0.0050106422 -0.3985593306 0.9171288641
-0.9988081370 0.0408449349 -0.0267207194 -0.0268657449 -0.9171295374 -0.3976828427 -0.0407496909 -0.3964909872 0.9171337742
-0.9875262598 0.1551705084 -0.0267207707 -0.1319135198 -0.9079956988 -0.3976715155 -0.0859692361 -0.3891862334 0.9171386843
-0.9632020768 0.2674467373 -0.0267208163 -0.2352202124 -0.8868696783 -0.3976601883 -0.1300508017 -0.3767418431 0.9171435943
-0.9261568386 0.3761907844 -0.0267208562 -0.3354214113 -0.8540303625 -0.3976488611 -0.1724122595 -0.3593224647 0.9171485044
-0.8768798034 0.4799664617 -0.0267208904 -0.4311937054 -0.8099113409 -0.3976375338 -0.2124942324 -0.3371584428 0.9171534145
-0.8160217754 0.5774031993 -0.0267209189 -0.5212721626 -0.7550951810 -0.3976262066 -0.2497674809 -0.3105427719 0.9171583246
-0.7443865095 0.6672141454 -0.0267209417 -0.6044670369 -0.6903057360 -0.3976148793 -0.2837398912 -0.2798272237 0.9171632347
-0.6629200959 0.7482131627 -0.0267209587 -0.6796794822 -0.6163985861 -0.3976035520 -0.3139629723 -0.2454176975 0.9171681448
-0.5726984654 0.8193304935 -0.0267209701 -0.7459160662 -0.5343497403 -0.3975922248 -0.3400377771 -0.2077688561 0.9171730549
-0.4749131793 0.8796268877 -0.0267209757 -0.8023018922 -0.4452427470 -0.3975808975 -0.3616201681 -0.1673781187 0.9171779650
-0.3708556924 0.9283060082 -0.0267209756 -0.8480921546 -0.3502543850 -0.3975695702 -0.3784253596 -0.1247790884 0.9171828751
-0.2619002970 0.9647249474 -0.0267209699 -0.8826819778 -0.2506391222 -0.3975582429 -0.3902316754 -0.0805345033 0.9171877852
-0.1494859719 0.9884027188 -0.0267209584 -0.9056144064 -0.1477125482 -0.3975469156 -0.3968834731 -0.0352288022 0.9171926953
-0.0350973784 0.9990266089 -0.0267209412 -0.9165864413 -0.0428340005 -0.3975355883 -0.3982931955 0.0105395954 0.9171976054
0.0797547479 0.9964563075 -0.0267209183 -0.9154530440 0.0626113890 -0.3975242611 -0.3944425235 0.0561661932 0.9172025155
0.1935535497 0.9807257606 -0.0267208897 -0.9022290533 0.1672309867 -0.3975129338 -0.3853826136 0.1010484024 0.9172074256
0.3047960808 0.9520427223 -0.0267208553 -0.8770889909 0.2696430506 -0.3975016066 -0.3712334187 0.1445934998 0.9172123357
0.4120131559 0.9107860108 -0.0267208153 -0.8403647590 0.3684949792 -0.3974902793 -0.3521820996 0.1862264559 0.9172172457
0.5137887540 0.8575005054 -0.0267207696 -0.7925412575 0.4624811755 -0.3974789521 -0.3284805494 0.2253975279 0.9172221558
0.6087787201 0.7928899502 -0.0267207181 -0.7342499824 0.5503602915 -0.3974676249 -0.3004420631 0.2615895188 0.9172270659
0.6957285172 0.7178076599 -0.0267206610 -0.6662606862 0.6309716233 -0.3974562978 -0.2684371962 0.2943246066 0.9172319759
0.7734897953 0.6332452497 -0.0267205981 -0.5894712140 0.7032504413 -0.3974449706 -0.2328888672 0.3231706524 0.9172368860
0.8410355574 0.5403195393 -0.0267205295 -0.5048956461 0.7662420542 -0.3974336435 -0.1942667697 0.3477469049 0.9172417960
0.8974737234 0.4402578029 -0.0267204552 -0.4136509065 0.8191144181 -0.3974223164 -0.1530811657 0.3677290266 0.9172467060
0.9420589119 0.3343815605 -0.0267203752 -0.3169420125 0.8611691275 -0.3974109894 -0.1098761445 0.3828533738 0.9172516160
0.9742022841 0.2240891246 -0.0267202895 -0.2160461608 0.8918506404 -0.3973996624 -0.0652224351 0.3929204748 0.9172565260
0.9934793209 0.1108371325 -0.0267201981 -0.1122958596 0.9107536170 -0.3973883354 -0.0197098665 0.3977976612 0.9172614360
0.9996354295 -0.0038786914 -0.0267201010 -0.0070613313 0.9176282748 -0.3973770085 0.0260604230 0.3974208160 0.9172663459
0.9925893059 -0.1185432898 -0.0267199982 0.0982675849 0.9123836895 -0.3973656816 0.0714839257 0.3917952164 0.9172712559
0.9724340084 -0.2316422821 -0.0267198896 0.2022997877 0.8950889971 -0.3973543547 0.1159607487 0.3809954599 0.9172761658
0.9394357289 -0.3416819645 -0.0267197754 0.3036612872 0.8659724827 -0.3973430279 0.1589035366 0.3651644757 0.9172810757
0.8940302772 -0.4472090378 -0.0267196554 0.4010133508 0.8254185676 -0.3973317012 0.1997452275 0.3445116324 0.9172859855
0.8368173251 -0.5468298008 -0.0267195298 0.4930701854 0.7739627332 -0.3973203745 0.2379465415 0.3193099695 0.9172908954
0.7685524868 -0.6392285576 -0.0267193984 0.5786159189 0.7122844508 -0.3973090478 0.2730031016 0.2898925875 0.9172958052
0.6901373389 -0.7231849933 -0.0267192613 0.6565206599 0.6411982095 -0.3972977212 0.3044520924 0.2566482450 0.9173007150
0.6026075140 -0.7975902913 -0.0267191185 0.7257554210 0.5616427597 -0.3972863947 0.3318783707 0.2200162216 0.9173056248
0.5071190226 -0.8614617772 -0.0267189700 0.7854057099 0.4746687171 -0.3972750682 0.3549199455 0.1804805127 0.9173105346
0.4049329855 -0.9139558973 -0.0267188158 0.8346836090 0.3814246875 -0.3972637418 0.3732727556 0.1385634354 0.9173154443
0.2973989785 -0.9543793591 -0.0267186559 0.8729381825 0.2831420984 -0.3972524155 0.3866946820 0.0948187277 0.9173203540
0.1859372082 -0.9821982880 -0.0267184902 0.8996640752 0.1811189357 -0.3972410892 0.3950087423 0.0498242333 0.9173252636
0.0720197554 -0.9970452779 -0.0267183189 0.9145081881 0.0767026024 -0.3972297630 0.3981054241 0.0041742689 0.9173301733
-0.0428488668 -0.9987242440 -0.0267181419 0.9172743442 -0.0287278774 -0.3972184369 0.3959441276 -0.0415282259 0.9173350829
-0.1571515831 -0.9872130118 -0.0267179591 0.9079258802 -0.1337800702 -0.3972071109 0.3885536978 -0.0866796528 0.9173399924
-0.2693787921 -0.9626636106 -0.0267177706 0.8865861333 -0.2370665239 -0.3971957849 0.3760320394 -0.1306837257 0.9173449020
-0.3780483039 -0.9254002653 -0.0267175765 0.8535368135 -0.3372230917 -0.3971844590 0.3585448200 -0.1729593461 0.9173498115
-0.4817249150 -0.8759151146 -0.0267173766 0.8092142849 -0.4329269493 -0.3971731332 0.3363232782 -0.2129482766 0.9173547209
-0.5790393635 -0.8148617111 -0.0267171710 0.7542038041 -0.5229140662 -0.3971618075 0.3096611655 -0.2501225122 0.9173596304
-0.6687064129 -0.7430463898 -0.0267169597 0.6892317923 -0.6059959004 -0.3971504819 0.2789108637 -0.2839912521 0.9173645398
-0.7495418261 -0.6614176189 -0.0267167427 0.6151562427 -0.6810750968 -0.3971391563 0.2444787270 -0.3141073795 0.9173694491
-0.8204780059 -0.5710534733 -0.0267165200 0.5329553905 -0.7471599813 -0.3971278309 0.2068197126 -0.3400733641 0.9173743584
-0.8805780948 -0.4731473963 -0.0267162916 0.4437147939 -0.8033776588 -0.3971165055 0.1664313689 -0.3615465097 0.9173792677
-0.9290483480 -0.3689924381 -0.0267160574 0.3486129986 -0.8489855435 -0.3971051803 0.1238472621 -0.3782434766 0.9173841769
-0.9652486163 -0.2599641781 -0.0267158176 0.2489059731 -0.8833811673 -0.3970938551 0.0796299275 -0.3899440208 0.9173890861
-0.9887008009 -0.1475025574 -0.0267155721 0.1459105217 -0.9061101390 -0.3970825301 0.0343634380 -0.3964938986 0.9173939952
-0.9990951677 -0.0330928620 -0.0267153208 0.0409868943 -0.9168721462 -0.3970712052 -0.0113543109 -0.3978069003 0.9173989043
-0.9962944375 0.0817538940 -0.0267150638 -0.0644791792 -0.9155249242 -0.3970598803 -0.0569194982 -0.3938659847 0.9174038134
-0.9803355995 0.1955209241 -0.0267148012 -0.1690947893 -0.9020861360 -0.3970485556 -0.1017303523 -0.3847235001 0.9174087224
-0.9514294227 0.3067057017 -0.0267145328 -0.2714782440 -0.8767331408 -0.3970372310 -0.1451950988 -0.3705004890 0.9174136313
-0.9099576720 0.4138398042 -0.0267142587 -0.3702773169 -0.8398006538 -0.3970259065 -0.1867397753 -0.3513850856 0.9174185402
-0.8564680668 0.5155083064 -0.0267139789 -0.4641871068 -0.7917763266 -0.3970145821 -0.2258158109 -0.3276300270 0.9174234491
-0.7916670464 0.6103684675 -0.0267136934 -0.5519672724 -0.7332943089 -0.3970032579 -0.2619072695 -0.2995493121 0.9174283579
-0.7164104410 0.6971674650 -0.0267134022 -0.6324584143 -0.6651268741 -0.3969919337 -0.2945376618 -0.2675140503 0.9174332666
-0.6316921677 0.7747589401 -0.0267131053 -0.7045973888 -0.5881742219 -0.3969806097 -0.3232762363 -0.2319475577 0.9174381753
-0.5386311048 0.8421181385 -0.0267128027 -0.7674313493 -0.5034525898 -0.3969692858 -0.3477436657 -0.1933197628 0.9174430839
-0.4384563138 0.8983554439 -0.0267124943 -0.8201303330 -0.4120808334 -0.3969579621 -0.3676170532 -0.1521409979 0.9174479925
-0.3324908079 0.9427281273 -0.0267121803 -0.8619982229 -0.3152656499 -0.3969466385 -0.3826341940 -0.1089552566 0.9174529010
-0.2221340784 0.9746501566 -0.0267118606 -0.8924819434 -0.2142856422 -0.3969353150 -0.3925970351 -0.0643330072 0.9174578095
-0.1088436116 0.9936999356 -0.0267115351 -0.9111787665 -0.1104744330 -0.3969239916 -0.3973742866 -0.0188636572 0.9174627179
0.0058843598 0.9996258730 -0.0267112039 -0.9178416323 -0.0052030514 -0.3969126684 -0.3969031524 0.0268522320 0.9174676263
0.1205346183 0.9923497042 -0.0267108671 -0.9123824134 0.1001381735 -0.3969013454 -0.3911901552 0.0722108775 0.9174725345
0.2335929725 0.9719675257 -0.0267105245 -0.8948730810 0.2041579755 -0.3968900224 -0.3803110465 0.1166132495 0.9174774428
0.3435662553 0.9387485258 -0.0267101762 -0.8655447558 0.3054825256 -0.3968786997 -0.3644098021 0.1594729816 0.9174823509
0.4490020445 0.8931314290 -0.0267098222 -0.8247846573 0.4027735768 -0.3968673770 -0.3436967169 0.2002241152 0.9174872590
0.5485078443 0.8357187023 -0.0267094625 -0.7731309913 0.4947461393 -0.3968560546 -0.3184456234 0.2383285722 0.9174921670
0.6407694771 0.7672685980 -0.0267090971 -0.7112658435 0.5801854517 -0.3968447322 -0.2889902717 0.2732832600 0.9174970750
0.7245684388 0.6886851396 -0.0267087260 -0.6400061726 0.6579630261 -0.3968334101 -0.2557199182 0.3046267139 0.9175019829
0.7987979925 0.6010061824 -0.0267083492 -0.5602930217 0.7270515527 -0.3968220881 -0.2190741815 0.3319451890 0.9175068907
0.8624777848 0.5053897063 -0.0267079667 -0.4731790914 0.7865384691 -0.3968107662 -0.1795372334 0.3548781221 0.9175117985
0.9147667935 0.4030985224 -0.0267075785 -0.3798148374 0.8356380138 -0.3967994445 -0.1376314020 0.3731228901 0.9175167062
0.9549744349 0.2954835951 -0.0267071845 -0.2814332774 0.8737016057 -0.3967881230 -0.0939102711 0.3864388040 0.9175216138
0.9825696846 0.1839661996 -0.0267067849 -0.1793337074 0.9002264110 -0.3967768017 -0.0489513672 0.3946502836 0.9175265213
0.9971880904 0.0700191515 -0.0267063795 -0.0748645418 0.9148619862 -0.3967654805 -0.0033485309 0.3976491727 0.9175314288
0.9986365863 -0.0448526454 -0.0267059685 0.0305944945 0.9174149082 -0.3967541595 0.0422959273 0.3953961638 0.9175363362
0.9868960414 -0.1591320739 -0.0267055517 0.1356505882 0.9078513303 -0.3967428387 0.0873791814 0.3879213131 0.9175412435
0.9621215135 -0.2713098400 -0.0267051293 0.2389162331 0.8862974310 -0.3967315180 0.1313058522 0.3753236397 0.9175461507
0.9246402006 -0.3799044069 -0.0267047011 0.3390275545 0.8530377496 -0.3967201975 0.1734958695 0.3577698135 0.9175510579
0.8749471199 -0.4834815607 -0.0267042672 0.4346623232 0.8085114294 -0.3967088773 0.2133921324 0.3354919508 0.9175559650
0.8136985699 -0.5806733530 -0.0267038276 0.5245574189 0.7533064200 -0.3966975572 0.2504678655 0.3087845440 0.9175608720
0.7417034629 -0.6701961672 -0.0267033823 0.6075255126 0.6881517134 -0.3966862372 0.2842335741 0.2780005698 0.9175657789
0.6599126413 -0.7508676710 -0.0267029314 0.6824707496 0.6139077176 -0.3966749175 0.3142435071 0.2435468230 0.9175706857
0.5694063202 -0.8216224317 -0.0267024747 0.7484032230 0.5315548944 -0.3966635980 0.3401015411 0.2058785416 0.9175755925
0.4713798206 -0.8815259879 -0.0267020123 0.8044520494 0.4421808116 -0.3966522787 0.3614664092 0.1654933915 0.9175804991
0.3671277829 -0.9297871899 -0.0267015441 0.8498768715 0.3469657801 -0.3966409595 0.3780562053 0.1229248913 0.9175854057
0.2580270685 -0.9657686497 -0.0267010703 0.8840776383 0.2471672666 -0.3966296406 0.3896521030 0.0787353643 0.9175903122
0.1455185756 -0.9889951580 -0.0267005908 0.9066025312 0.1441032864 -0.3966183218 0.3961012428 0.0335085100 0.9175952186
0.0310882091 -0.9991599610 -0.0267001056 0.9171539331 0.0391349970 -0.3966070033 0.3973187465 -0.0121583054 0.9176001249
-0.0837527439 -0.9961288112 -0.0266996147 0.9155923604 -0.0663512788 -0.3965956850 0.3932888346 -0.0576619401 0.9176050312
-0.1974875735 -0.9799417408 -0.0266991180 0.9019383075 -0.1709623623 -0.3965843669 0.3840650306 -0.1024014416 0.9176099373
-0.3086141783 -0.9508125330 -0.0266986157 0.8763719775 -0.2733166185 -0.3965730490 0.3697694498 -0.1457859843 0.9176148434
-0.4156649041 -0.9091258981 -0.0266981077 0.8392309037 -0.3720622040 -0.3965617313 0.3505911833 -0.1872426710 0.9176197493
-0.5172259267 -0.8554323931 -0.0266975939 0.7910054939 -0.4658949216 -0.3965504138 0.3267837961 -0.2262240987 0.9176246552
-0.6119559248 -0.7904411505 -0.0266970745 0.7323325549 -0.5535754456 -0.3965390966 0.2986619748 -0.2622155863 0.9176295609
-0.6986037945 -0.7150105122 -0.0266965493 0.6639868835 -0.6339456905 -0.3965277795 0.2665973684 -0.2947419700 0.9176344666
-0.7760251732 -0.6301366940 -0.0266960184 0.5868710353 -0.7059441074 -0.3965164627 0.2310136760 -0.3233738766 0.9176393722
-0.8431975528 -0.5369406282 -0.0266954819 0.5020034053 -0.7686197045 -0.3965051461 0.1923810488 -0.3477333917 0.9176442777
-0.8992337843 -0.4366531592 -0.0266949396 0.4105047797 -0.8211446089 -0.3964938298 0.1512098776 -0.3674990473 0.9176491830
-0.9433937940 -0.3305987883 -0.0266943917 0.3135835337 -0.8628250018 -0.3964825137 0.1080440501 -0.3824100645 0.9176540883
-0.9750943585 -0.2201781804 -0.0266938380 0.2125196738 -0.8931102830 -0.3964711978 0.0634537657 -0.3922697940 0.9176589935
-0.9939168063 -0.1068496655 -0.0266932786 0.1086479324 -0.9116003448 -0.3964598821 0.0180280038 -0.3969483094 0.9176638986
-0.9996125482 0.0078900214 -0.0266927135 0.0033401412 -0.9180508577 -0.3964485667 -0.0276332562 -0.3963841195 0.9176688035
-0.9921063599 0.1225255080 -0.0266921427 -0.1020128873 -0.9123764993 -0.3964372516 -0.0729269594 -0.3905849760 0.9176737084
-0.9714973755 0.2355427978 -0.0266915663 -0.2060197283 -0.8946520823 -0.3964259366 -0.1172549396 -0.3796277678 0.9176786132
-0.9380577785 0.3454492663 -0.0266909841 -0.3073067213 -0.8651115688 -0.3964146219 -0.1600318194 -0.3636575008 0.9176835178
-0.8922292067 0.4507933733 -0.0266903962 -0.4045361129 -0.8241449819 -0.3964033075 -0.2006927402 -0.3428853795 0.9176884224
-0.8346169200 0.5501838341 -0.0266898026 -0.4964237251 -0.7722932557 -0.3963919933 -0.2387008212 -0.3175860134 0.9176933268
-0.7659818060 0.6423079941 -0.0266892033 -0.5817559164 -0.7102410934 -0.3963806794 -0.2735542480 -0.2880937868 0.9176982311
-0.6872303317 0.7259491648 -0.0266885983 -0.6594056114 -0.6388079254 -0.3963693657 -0.3047928981 -0.2547984392 0.9177031354
-0.5994025712 0.8000026931 -0.0266879876 -0.7283471877 -0.5589370882 -0.3963580523 -0.3320044154 -0.2181399150 0.9177080395
-0.5036584695 0.8634905502 -0.0266873712 -0.7876700219 -0.4716833672 -0.3963467392 -0.3548296530 -0.1786025498 0.9177129435
-0.4012625233 0.9155742487 -0.0266867491 -0.8365905185 -0.3781990669 -0.3963354263 -0.3729674137 -0.1367086720 0.9177178473
-0.2935670804 0.9555659162 -0.0266861213 -0.8744624599 -0.2797187929 -0.3963241136 -0.3861784244 -0.0930117017 0.9177227511
-0.1819944794 0.9829373806 -0.0266854878 -0.9007855429 -0.1775431475 -0.3963128013 -0.3942884923 -0.0480888404 0.9177276547
-0.0680182649 0.9973271452 -0.0266848486 -0.9152119877 -0.0730215527 -0.3963014892 -0.3971908019 -0.0025334464 0.9177325583
0.0468562740 0.9985451632 -0.0266842036 -0.9175511332 0.0324655716 -0.3962901774 -0.3948473219 0.0430528024 0.9177374617
0.1611119838 0.9865753477 -0.0266835530 -0.9077719561 0.1375250384 -0.3962788658 -0.3872893032 0.0880678553 0.9177423650
0.2732398840 0.9615757842 -0.0266828967 -0.8860034832 0.2407692940 -0.3962675546 -0.3746168623 0.1319172401 0.9177472682
0.3817590960 0.9238766427 -0.0266822347 -0.8525330883 0.3408347440 -0.3962562436 -0.3569976554 0.1740219133 0.9177521712
0.4852364013 0.8739758171 -0.0266815670 -0.8078026990 0.4363997624 -0.3962449329 -0.3346646595 0.2138259071 0.9177570741
0.5823051701 0.8125323494 -0.0266808936 -0.7524029613 0.5262021476 -0.3962336225 -0.3079130927 0.2508036703 0.9177619770
0.6716834103 0.7403577260 -0.0266802145 -0.6870654408 0.6090557932 -0.3962223123 -0.2770965110 0.2844670073 0.9177668796
0.7521906989 0.6584051603 -0.0266795296 -0.6126529618 0.6838663539 -0.3962110025 -0.2426221360 0.3143715237 0.9177717822
0.8227637722 0.5677570032 -0.0266788391 -0.5301482134 0.7496456998 -0.3961996929 -0.2049454733 0.3401224928 0.9177766846
0.8824705677 0.4696104490 -0.0266781429 -0.4406407722 0.8055249683 -0.3961883837 -0.1645642945 0.3613800654 0.9177815869
0.9305225346 0.3652617235 -0.0266774410 -0.3453127129 0.8507660406 -0.3961770747 -0.1220120603 0.3778637553 0.9177864891
0.9662850479 0.2560889651 -0.0266767334 -0.2454229975 0.8847712914 -0.3961657661 -0.0778508732 0.3893561401 0.9177913912
0.9892857899 0.1435340234 -0.0266760200 -0.1422908485 0.9070914838 -0.3961544577 -0.0326640526 0.3957057291 0.9177962931
0.9992209882 0.0290834166 -0.0266753010 -0.0372783265 0.9174317039 -0.3961431497 0.0129515706 0.3968289600 0.9178011949
0.9959594276 -0.0857513006 -0.0266745763 0.0682276590 0.9156552574 -0.3961318419 0.0583935367 0.3927112986 0.9178060965
0.9795441833 -0.1994535008 -0.0266738459 0.1728336660 0.9017854767 -0.3961205345 0.1030617142 0.3834074268 0.9178109980
0.9501920515 -0.3105215136 -0.0266731098 0.2751581241 0.8760054148 -0.3961092273 0.1463662254 0.3690405165 0.9178158994
0.9082906869 -0.4174884584 -0.0266723680 0.3738495808 0.8386554288 -0.3960979205 0.1877352364 0.3498005987 0.9178208007
0.8543934822 -0.5189416174 -0.0266716205 0.4676045515 0.7902286869 -0.3960866140 0.2266225077 0.3259420503 0.9178257018
0.7892122598 -0.6135410938 -0.0266708672 0.5551847349 0.7313646564 -0.3960753079 0.2625146073 0.2977802304 0.9178306028
0.7136078709 -0.7000375076 -0.0266701083 0.6354333689 0.6628406596 -0.3960640020 0.2949376890 0.2656873124 0.9178355036
0.6285788256 -0.7772884961 -0.0266693437 0.7072905085 0.5855616093 -0.3960526965 0.3234637486 0.2300873651 0.9178404043
0.5352481063 -0.8442738015 -0.0266685734 0.7698070263 0.5005480583 -0.3960413912 0.3477162736 0.1914507495 0.9178453048
0.4348483358 -0.9001087453 -0.0266677974 0.8221571493 0.4089227220 -0.3960300864 0.3673752125 0.1502879037 0.9178502052
0.3287054985 -0.9440559123 -0.0266670157 0.8636493656 0.3118956520 -0.3960187818 0.3821811986 0.1071425999 0.9178551055
0.2182214274 -0.9755348896 -0.0266662283 0.8937355598 0.2107482547 -0.3960074776 0.3919389720 0.0625847605 0.9178600056
0.1048552909 -0.9941299324 -0.0266654352 0.9120182530 0.1068163688 -0.3959961737 0.3965199544 0.0172029303 0.9178649056
-0.0098956793 -0.9995954545 -0.0266646364 0.9182558543 0.0014726229 -0.3959848702 0.3958639432 -0.0284034978 0.9178698055
-0.1245159618 -0.9918592719 -0.0266638319 0.9123658534 -0.1038916931 -0.3959735670 0.3899799032 -0.0736321993 0.9178747051
-0.2374917609 -0.9710235562 -0.0266630217 0.8944259115 -0.2078850023 -0.3959622641 0.3789458435 -0.1178858729 0.9178796047
-0.3473309999 -0.9373634851 -0.0266622058 0.8646728381 -0.3091338206 -0.3959509616 0.3629077837 -0.1605801286 0.9178845041
-0.4525830266 -0.8913236082 -0.0266613843 0.8234994645 -0.4063008960 -0.3959396594 0.3420778216 -0.2011512051 0.9178894033
-0.5518577723 -0.8335119758 -0.0266605570 0.7714494573 -0.4981028713 -0.3959283576 0.3167313276 -0.2390634136 0.9178943024
-0.6438441105 -0.7646921083 -0.0266597240 0.7092101401 -0.5833272339 -0.3959170561 0.2872033053 -0.2738162114 0.9178992013
-0.7273271728 -0.6857729125 -0.0266588853 0.6376034168 -0.6608483306 -0.3959057550 0.2538839628 -0.3049508099 0.9179041001
-0.8012043942 -0.5977966775 -0.0266580410 0.5575749183 -0.7296422353 -0.3958944543 0.2172135568 -0.3320562314 0.9179089987
-0.8645000741 -0.5019253092 -0.0266571909 0.4701815145 -0.7888002738 -0.3958831539 0.1776765749 -0.3547747342 0.9179138972
-0.9163782632 -0.3994249849 -0.0266563352 0.3765773570 -0.8375410256 -0.3958718538 0.1357953350 -0.3728065341 0.9179187955
-0.9561538030 -0.2916494311 -0.0266554737 0.2779986371 -0.8752206461 -0.3958605542 0.0921230845 -0.3859137597 0.9179236937
-0.9833013757 -0.1800220443 -0.0266546065 0.1757472599 -0.9013413716 -0.3958492548 0.0472366925 -0.3939235909 0.9179285917
-0.9974624414 -0.0660170925 -0.0266537337 0.0711736502 -0.9155580944 -0.3958379559 0.0017290293 -0.3967305374 0.9179334895
-0.9984499735 0.0488597555 -0.0266528552 -0.0343410823 -0.9176829231 -0.3958266574 -0.0437988637 -0.3942978277 0.9179383872
-0.9862509291 0.1630913158 -0.0266519709 -0.1394033833 -0.9076876655 -0.3958153592 -0.0887457130 -0.3866578908 0.9179432847
-0.9610264209 0.2751689267 -0.0266510810 -0.2426256591 -0.8857042026 -0.3958040613 -0.1325179532 -0.3739119244 0.9179481820
-0.9231095895 0.3836123738 -0.0266501854 -0.3426446028 -0.8520227487 -0.3957927639 -0.1745375659 -0.3562285537 0.9179530792
-0.8730012038 0.4869894391 -0.0266492841 -0.4381392003 -0.8070880197 -0.3957814669 -0.2142497125 -0.3338416010 0.9179579762
-0.8113630469 0.5839348166 -0.0266483771 -0.5278481779 -0.7514933622 -0.3957701702 -0.2511300602 -0.3070469939 0.9179628731
-0.7390091765 0.6731681437 -0.0266474644 -0.6105866605 -0.6859729176 -0.3957588739 -0.2846917054 -0.2761988532 0.9179677698
-0.6568951728 0.7535109113 -0.0266465460 -0.6852618219 -0.6113919282 -0.3957475780 -0.3144916013 -0.2417048130 0.9179726663
-0.5661055192 0.8239020282 -0.0266456219 -0.7508873190 -0.5287353108 -0.3957362825 -0.3401364069 -0.2040206341 0.9179775627
-0.4678392783 0.8834118349 -0.0266446921 -0.8065963196 -0.4390946500 -0.3957249874 -0.3612876790 -0.1636441819 0.9179824588
-0.3633942567 0.9312543822 -0.0266437566 -0.8516529523 -0.3436537824 -0.3957136927 -0.3776663382 -0.1211088492 0.9179873548
-0.2541498645 0.9667978107 -0.0266428154 -0.8854620273 -0.2436731627 -0.3957023984 -0.3890563515 -0.0769765096 0.9179922507
-0.1415488973 0.9895726959 -0.0266418686 -0.9075768977 -0.1404732165 -0.3956911045 -0.3953075820 -0.0318300951 0.9179971463
-0.0270784814 0.9992782483 -0.0266409160 -0.9177053613 -0.0354169024 -0.3956798110 -0.3963377671 0.0137341031 0.9180020418
0.0877495672 0.9957862854 -0.0266399578 -0.9157135206 0.0701082888 -0.3956685178 -0.3921336018 0.0591143107 0.9180069371
0.2014187090 0.9791429251 -0.0266389938 -0.9016275532 0.1747086590 -0.3956572251 -0.3827509099 0.1037112183 0.9180118323
0.3124277101 0.9495679763 -0.0266380242 -0.8756333678 0.2770027093 -0.3956459329 -0.3683139029 0.1469358957 0.9180167272
0.4193104692 0.9074520362 -0.0266370489 -0.8380741508 0.3756393865 -0.3956346410 -0.3490135359 0.1882175691 0.9180216220
0.5206553805 0.8533513313 -0.0266360679 -0.7894458348 0.4693159269 -0.3956233495 -0.3251049811 0.2270111584 0.9180265166
0.6151239764 0.7879803716 -0.0266350812 -0.7303905509 0.5567950631 -0.3956120585 -0.2969042552 0.2628044741 0.9180314110
0.7014686055 0.7122025139 -0.0266340888 -0.6616881493 0.6369213652 -0.3956007679 -0.2647840412 0.2951249799 0.9180363053
0.7785489097 0.6270185593 -0.0266330907 -0.5842459009 0.7086365023 -0.3955894777 -0.2291687641 0.3235460306 0.9180411993
0.8453468852 0.5335535359 -0.0266320869 -0.4990865162 0.7709932209 -0.3955781879 -0.1905289824 0.3476925044 0.9180460932
0.9009803273 0.4330418403 -0.0266310775 -0.4073346390 0.8231678569 -0.3955668985 -0.1493751708 0.3672457540 0.9180509869
0.9447144820 0.3268109350 -0.0266300623 -0.3102019946 0.8644712154 -0.3955556096 -0.1062509763 0.3819478113 0.9180558804
0.9759717496 0.2162638161 -0.0266290415 -0.2089713865 0.8943576743 -0.3955443211 -0.0617260367 0.3916047908 0.9180607737
0.9943393131 0.1028604845 -0.0266280149 -0.1049797550 0.9124323925 -0.3955330331 -0.0163884561 0.3960894469 0.9180656668
0.9995745905 -0.0119013367 -0.0266269827 0.0003994796 0.9184565255 -0.3955217454 0.0291629635 0.3953428498 0.9180705597
0.9916084386 -0.1265059827 -0.0266259448 0.1057745558 0.9123503827 -0.3955104583 0.0743266301 0.3893751605 0.9180754525
0.9705460659 -0.2394398645 -0.0266249012 0.2097537520 0.8941944804 -0.3954991715 0.1185061077 0.3782654921 0.9180803450
0.9366656434 -0.3492114588 -0.0266238519 0.3109637679 0.8642284812 -0.3954878852 0.1611179924 0.3621608612 0.9180852374
0.8904146309 -0.4543710067 -0.0266227969 0.4080678616 0.8228480295 -0.3954765994 0.2015996166 0.3412742425 0.9180901296
0.8324038669 -0.5535296609 -0.0266217362 0.4997835053 0.7705995285 -0.3954653140 0.2394164786 0.3158817520 0.9180950215
