1961
37080
-0.3690549520 0.9293981057 -0.0041956481 -0.8420410667 -0.3362703430 -0.4217690106 -0.3934021916 -0.1521230340 0.9066936077
-0.2599858250 0.9656032647 -0.0042078417 -0.8750611387 -0.2374455744 -0.4217672376 -0.4082589550 -0.1059713845 0.9066943759
-0.1474830451 0.9890555812 -0.0042200343 -0.8965253611 -0.1354849591 -0.4217654594 -0.4177212328 -0.0584198865 0.9066951464
-0.0330324505 0.9994453189 -0.0042322261 -0.9061502599 -0.0317349656 -0.4217636760 -0.4216640412 -0.0100968550 0.9066959192
0.0818543959 0.9966352607 -0.0042444170 -0.9038087086 0.0724343051 -0.4217618875 -0.4200353273 0.0383592055 0.9066966942
0.1956601694 0.9806625206 -0.0042566069 -0.8895316071 0.1756472124 -0.4217600937 -0.4128566555 0.0863080378 0.9066974714
0.3068818237 0.9517380541 -0.0042687960 -0.8635074744 0.2765407427 -0.4217582949 -0.4002229229 0.1331160919 0.9066982509
0.4140504410 0.9102438714 -0.0042809841 -0.8260799587 0.3737825094 -0.4217564908 -0.3823011040 0.1781648962 0.9066990326
0.5157506331 0.8567279925 -0.0042931713 -0.7777433001 0.4660883475 -0.4217546816 -0.3593280445 0.2208592293 0.9066998165
0.6106392337 0.7918972094 -0.0043053577 -0.7191358038 0.5522392730 -0.4217528672 -0.3316073310 0.2606349844 0.9067006027
0.6974630383 0.7166077511 -0.0043175431 -0.6510314111 0.6310975802 -0.4217510476 -0.2995052788 0.2969666232 0.9067013911
0.7750753554 0.6318539760 -0.0043297276 -0.5743294788 0.7016218660 -0.4217492228 -0.2634460918 0.3293741189 0.9067021818
0.8424511506 0.5387552382 -0.0043419111 -0.4900429033 0.7628807833 -0.4217473929 -0.2239062566 0.3574292992 0.9067029747
0.8987005848 0.4385411049 -0.0043540938 -0.3992847443 0.8140653397 -0.4217455578 -0.1814082461 0.3807615027 0.9067037699
0.9430807662 0.3325351171 -0.0043662755 -0.3032535262 0.8544995819 -0.4217437176 -0.1365136159 0.3990624767 0.9067045673
0.9750055615 0.2221373093 -0.0043784563 -0.2032174105 0.8836495218 -0.4217418722 -0.0898155839 0.4120904494 0.9067053669
0.9940533375 0.1088057191 -0.0043906361 -0.1004974496 0.9011301886 -0.4217400216 -0.0419311916 0.4196733237 0.9067061688
0.9999725293 -0.0059628691 -0.0044028150 0.0035498597 0.9067107135 -0.4217381658 0.0065068491 0.4217109510 0.9067069729
0.9926849629 -0.1206526927 -0.0044149930 0.1075504889 0.9003173782 -0.4217363049 0.0548585157 0.4181764535 0.9067077793
0.9722868874 -0.2337490293 -0.0044271701 0.2101310236 0.8820345889 -0.4217344388 0.1024849328 0.4091165790 0.9067085879
0.9390477042 -0.3437582020 -0.0044393462 0.3099367999 0.8521037622 -0.4217325675 0.1487568127 0.3946510826 0.9067093987
0.8934064085 -0.4492273068 -0.0044515213 0.4056497945 0.8109201369 -0.4217306911 0.1930627709 0.3749711434 0.9067102118
0.8359657918 -0.5487634011 -0.0044636955 0.4960060300 0.7590275551 -0.4217288095 0.2348174038 0.3503368383 0.9067110271
0.7674844805 -0.6410519002 -0.0044758688 0.5798122672 0.6971112806 -0.4217269228 0.2734690238 0.3210737046 0.9067118446
0.6888669169 -0.7248739396 -0.0044880411 0.6559617622 0.6259889495 -0.4217250308 0.3085069487 0.2875684384 0.9067126644
0.6011514136 -0.7991224725 -0.0045002125 0.7234488829 0.5465997733 -0.4217231338 0.3394682485 0.2502637843 0.9067134865
0.5054964409 -0.8628168906 -0.0045123829 0.7813823890 0.4599921358 -0.4217212315 0.3659438623 0.2096526851 0.9067143107
0.4031653264 -0.9151159752 -0.0045245523 0.8289972017 0.3673097484 -0.4217193241 0.3875840027 0.1662717678 0.9067151372
0.2955095703 -0.9553290072 -0.0045367208 0.8656645075 0.2697765470 -0.4217174115 0.4041027769 0.1206942529 0.9067159660
0.1839509957 -0.9829248897 -0.0045488883 0.8909000626 0.1686805289 -0.4217154938 0.4152819641 0.0735223801 0.9067167970
0.0699629706 -0.9975391619 -0.0045610548 0.9043705878 0.0653567439 -0.4217135709 0.4209738978 0.0253794503 0.9067176302
-0.0449490512 -0.9989788128 -0.0045732204 0.9058981705 -0.0388303360 -0.4217116428 0.4211034166 -0.0230984102 0.9067184657
-0.1592674126 -0.9872248303 -0.0045853850 0.8954626138 -0.1425048357 -0.4217097096 0.4156688569 -0.0712706552 0.9067193034
-0.2714822974 -0.9624324521 -0.0045975486 0.8732017039 -0.2442976462 -0.4217077712 0.4047420740 -0.1185007819 0.9067201433
-0.3801116702 -0.9249291155 -0.0046097113 0.8394093912 -0.3428645052 -0.4217058277 0.3884674918 -0.1641647414 0.9067209855
-0.4837208503 -0.8752101332 -0.0046218730 0.7945319079 -0.4369037489 -0.4217038790 0.3670601945 -0.2076591844 0.9067218299
-0.5809414593 -0.8139321511 -0.0046340336 0.7391618762 -0.5251735019 -0.4217019251 0.3408030834 -0.2484094327 0.9067226765
-0.6704894936 -0.7419044762 -0.0046461933 0.6740304824 -0.6065080770 -0.4216999661 0.3100431387 -0.2858770726 0.9067235254
-0.7511822825 -0.6600783880 -0.0046583520 0.5999978207 -0.6798333696 -0.4216980019 0.2751868341 -0.3195670686 0.9067243765
-0.8219541075 -0.5695345744 -0.0046705098 0.5180415361 -0.7441810419 -0.4216960325 0.2366947656 -0.3490343041 0.9067252299
-0.8818702779 -0.4714688597 -0.0046826665 0.4292439132 -0.7987013111 -0.4216940580 0.1950755648 -0.3738894622 0.9067260855
-0.9301394747 -0.3671764103 -0.0046948222 0.3347775847 -0.8426741718 -0.4216920784 0.1508791782 -0.3938041695 0.9067269433
-0.9661242022 -0.2580346299 -0.0047069769 0.2358900454 -0.8755189041 -0.4216900936 0.1046896000 -0.4085153342 0.9067278033
-0.9893492073 -0.1454849677 -0.0047191306 0.1338871785 -0.8968017433 -0.4216881036 0.0571171556 -0.4178286221 0.9067286656
-0.9995077559 -0.0310138811 -0.0047312834 0.0301160103 -0.9062416079 -0.4216861085 0.0087904370 -0.4216210233 0.9067295302
-0.9964656844 0.0838667964 -0.0047434351 -0.0740530781 -0.9037138123 -0.4216841082 -0.0396520031 -0.4198424775 0.9067303969
-0.9802631714 0.1976398218 -0.0047555858 -0.1772444480 -0.8892517135 -0.4216821027 -0.0875700884 -0.4125165342 0.9067312659
-0.9511142069 0.3088025811 -0.0047677355 -0.2780953695 -0.8630462707 -0.4216800921 -0.1343306772 -0.3997400412 0.9067321372
-0.9094037663 0.4158869347 -0.0047798842 -0.3752740173 -0.8254435243 -0.4216780764 -0.1793159270 -0.3816818645 0.9067330107
-0.8556827260 0.5174786072 -0.0047920318 -0.4674970587 -0.7769400262 -0.4216760555 -0.2219314592 -0.3585806558 0.9067338864
-0.7906605874 0.6122358658 -0.0048041785 -0.5535466013 -0.7181762828 -0.4216740294 -0.2616142115 -0.3307416991 0.9067347643
-0.7151961073 0.6989072407 -0.0048163241 -0.6322862763 -0.6499282967 -0.4216719982 -0.2978398780 -0.2985328760 0.9067356445
-0.6302859553 0.7763480537 -0.0048284687 -0.7026762452 -0.5730973196 -0.4216699618 -0.3301298366 -0.2623798045 0.9067365269
-0.5370515510 0.8435355357 -0.0048406122 -0.7637869324 -0.4886979506 -0.4216679203 -0.3580574723 -0.2227602142 0.9067374115
-0.4367242535 0.8995823348 -0.0048527548 -0.8148113006 -0.3978447378 -0.4216658736 -0.3812538141 -0.1801976345 0.9067382984
-0.3306290983 0.9437482356 -0.0048648963 -0.8550755093 -0.3017374599 -0.4216638218 -0.3994124093 -0.1352544755 0.9067391875
-0.2201672976 0.9754499350 -0.0048770367 -0.8840478132 -0.2016452827 -0.4216617648 -0.4122933725 -0.0885245976 0.9067400789
-0.1067977340 0.9942687463 -0.0048891762 -0.9013455849 -0.0988899983 -0.4216597027 -0.4197265546 -0.0406254634 0.9067409724
0.0079823064 0.9999561290 -0.0049013146 -0.9067403679 0.0051714297 -0.4216576354 -0.4216137901 0.0078100202 0.9067418682
0.1226569099 0.9924369705 -0.0049134519 -0.9001608943 0.1091647859 -0.4216555630 -0.4179301936 0.0561418657 0.9067427663
0.2357115552 0.9718105789 -0.0049255882 -0.8816940260 0.2117167513 -0.4216534854 -0.4087244882 0.1037314605 0.9067436665
0.3456531161 0.9383493711 -0.0049377235 -0.8515836078 0.3114730383 -0.4216514027 -0.3941183608 0.1499500056 0.9067445690
0.4510295817 0.8924952747 -0.0049498577 -0.8102272478 0.4071162760 -0.4216493148 -0.3743048534 0.1941868236 0.9067454738
0.5504492329 0.8348538918 -0.0049619908 -0.7581710672 0.4973834066 -0.4216472218 -0.3495458122 0.2358574276 0.9067463807
0.6425990231 0.7661865006 -0.0049741229 -0.6961024882 0.5810823656 -0.4216451236 -0.3201684267 0.2744112438 0.9067472899
0.7262619198 0.6874000008 -0.0049862539 -0.6248411566 0.6571078241 -0.4216430203 -0.2865609060 0.3093388861 0.9067482014
0.8003329783 0.5995349364 -0.0049983839 -0.5453281177 0.7244557857 -0.4216409118 -0.2491673492 0.3401788860 0.9067491150
0.8638339343 0.5037517531 -0.0050105128 -0.4586133898 0.7822368455 -0.4216387982 -0.2084818761 0.3665237902 0.9067500309
0.9159261243 0.4013154717 -0.0050226406 -0.3658420977 0.8296879353 -0.4216366795 -0.1650420986 0.3880255431 0.9067509490
0.9559215620 0.2935789814 -0.0050347674 -0.2682393506 0.8661824013 -0.4216345556 -0.1194220164 0.4044000857 0.9067518694
0.9832920244 0.1819651716 -0.0050468931 -0.1670940638 0.8912382794 -0.4216324265 -0.0722244325 0.4154311081 0.9067527920
0.9976760279 0.0679481397 -0.0050590177 -0.0637419376 0.9045246608 -0.4216302923 -0.0240729877 0.4209729069 0.9067537168
0.9988836030 -0.0469662774 -0.0050711413 0.0404521815 0.9058660616 -0.4216281530 0.0243960796 0.4209523099 0.9067546438
0.9868988027 -0.1612603911 -0.0050832637 0.1441123249 0.8952447413 -0.4216260085 0.0725423402 0.4153696420 0.9067555731
0.9618799133 -0.2734247053 -0.0050953851 0.2458695724 0.8728009366 -0.4216238589 0.1197296363 0.4042987207 0.9067565046
0.9241573639 -0.3819778529 -0.0051075054 0.3443801302 0.8388310107 -0.4216217041 0.1653344872 0.3878858793 0.9067574383
0.8742293624 -0.4854861598 -0.0051196246 0.4383430766 0.7937835392 -0.4216195442 0.2087543272 0.3663480333 0.9067583743
0.8127553154 -0.5825825800 -0.0051317428 0.5265175420 0.7382533871 -0.4216173792 0.2494154670 0.3399698134 0.9067593125
0.7405471195 -0.6719847503 -0.0051438598 0.6077390960 0.6729738529 -0.4216152090 0.2867806741 0.3090998038 0.9067602529
0.6585584382 -0.7525119264 -0.0051559757 0.6809351243 0.5988069859 -0.4216130336 0.3203562704 0.2741459360 0.9067611956
0.5678721072 -0.8231005775 -0.0051680906 0.7451389939 0.5167322017 -0.4216108532 0.3496986556 0.2355700978 0.9067621404
0.4696858328 -0.8828184320 -0.0051802043 0.7995028186 0.4278333489 -0.4216086676 0.3744201670 0.1938820302 0.9067630875
0.3652963739 -0.9308767905 -0.0051923170 0.8433086565 0.3332843959 -0.4216064768 0.3941942022 0.1496325913 0.9067640369
0.2560824153 -0.9666409419 -0.0052044285 0.8759779909 0.2343339281 -0.4216042809 0.4087595334 0.1034064777 0.9067649884
0.1434863594 -0.9896385463 -0.0052165389 0.8970793704 0.1322886594 -0.4216020799 0.4179237584 0.0558144981 0.9067659422
0.0289952764 -0.9995658734 -0.0052286482 0.9063341075 0.0284961763 -0.4215998737 0.4215658425 0.0074855026 0.9067668982
-0.0858787362 -0.9962918132 -0.0052407564 0.9036199586 -0.0756728585 -0.4215976624 0.4196377165 -0.0409419265 0.9067678565
-0.1996185234 -0.9798596086 -0.0052528635 0.8889727389 -0.1788428063 -0.4215954460 0.4121649118 -0.0888279129 0.9067688169
-0.3107219104 -0.9504862832 -0.0052649695 0.8625858501 -0.2796512191 -0.4215932244 0.3992462217 -0.1355397403 0.9067697796
-0.4177215419 -0.9085597757 -0.0052770743 0.8248077262 -0.3767668317 -0.4215909977 0.3810523957 -0.1804602132 0.9067707446
-0.5192042613 -0.8546338161 -0.0052891780 0.7761372329 -0.4689071425 -0.4215887658 0.3578238824 -0.2229958117 0.9067717117
-0.6138297750 -0.7894206127 -0.0053012806 0.7172170798 -0.5548553498 -0.4215865288 0.3298676520 -0.2625845331 0.9067726811
-0.7003483534 -0.7137814454 -0.0053133821 0.6488253333 -0.6334764211 -0.4215842867 0.2975531393 -0.2987033179 0.9067736527
-0.7776173364 -0.6287152911 -0.0053254824 0.5718651421 -0.7037320820 -0.4215820394 0.2613073618 -0.3308749604 0.9067746265
-0.8446162245 -0.5353456300 -0.0053375816 0.4873528102 -0.7646945283 -0.4215797871 0.2216092773 -0.3586744134 0.9067756025
-0.9004601566 -0.4349056074 -0.0053496797 0.3964043765 -0.8155586778 -0.4215775295 0.1789834539 -0.3817344047 0.9067765808
-0.9444115967 -0.3287217476 -0.0053617766 0.3002208764 -0.8556528033 -0.4215752669 0.1339931393 -0.3997502882 0.9067775613
-0.9758900745 -0.2181964343 -0.0053738724 0.2000724818 -0.8844474029 -0.4215729991 0.0872328177 -0.4124840695 0.9067785440
-0.9944798516 -0.1047893891 -0.0053859670 0.0972817271 -0.9015621933 -0.4215707262 0.0393203546 -0.4197675494 0.9067795290
-0.9999354123 0.0100016072 -0.0053980605 -0.0067939555 -0.9067711319 -0.4215684481 -0.0091111675 -0.4215045458 0.9067805162
-0.9921847061 0.1246604961 -0.0054101529 -0.1107801620 -0.9000054024 -0.4215661649 -0.0574218140 -0.4176721638 0.9067815056
-0.9713300992 0.2376729638 -0.0054222440 -0.2133036670 -0.8813543235 -0.4215638766 -0.1049732542 -0.4083210975 0.9067824972
-0.9376470226 0.3475464415 -0.0054343341 -0.3130105577 -0.8510641705 -0.4215615832 -0.1511371951 -0.3935749594 0.9067834910
-0.8915803345 0.4528298175 -0.0054464230 -0.4085841142 -0.8095349228 -0.4215592846 -0.1953036835 -0.3736286461 0.9067844871
-0.8337384448 0.5521326022 -0.0054585107 -0.4987621972 -0.7573149824 -0.4215569809 -0.2368891647 -0.3487457628 0.9067854854
-0.7648852797 0.6441432926 -0.0054705972 -0.5823539165 -0.6950939321 -0.4215546721 -0.2753441934 -0.3192551395 0.9067864859
-0.6859301928 0.7276466937 -0.0054826826 -0.6582553572 -0.6236934296 -0.4215523581 -0.3101606927 -0.2855464851 0.9067874887
-0.5979159546 0.8015399670 -0.0054947669 -0.7254641586 -0.5440563566 -0.4215500390 -0.3408786672 -0.2480652376 0.9067884936
-0.5020049810 0.8648471967 -0.0055068499 -0.7830927510 -0.4572343682 -0.4215477148 -0.3670922805 -0.2073066783 0.9067895008
-0.3994639805 0.9167322781 -0.0055189318 -0.8303800773 -0.3643740046 -0.4215453855 -0.3884552168 -0.1638093866 0.9067905102
-0.2916472255 0.9565099601 -0.0055310125 -0.8667016436 -0.2667015507 -0.4215430510 -0.4046852565 -0.1181481236 0.9067915218
-0.1799786653 0.9836548959 -0.0055430920 -0.8915777666 -0.1655068420 -0.4215407114 -0.4155680042 -0.0709262370 0.9067925357
-0.0659331204 0.9978085807 -0.0055551704 -0.9046799085 -0.0621262314 -0.4215383667 -0.4209597212 -0.0227676889 0.9067935518
0.0489831956 0.9987840869 -0.0055672475 -0.9058350159 0.0420750580 -0.4215360168 -0.4207892234 0.0256911889 0.9067945700
0.1632525693 0.9865685327 -0.0055793235 -0.8950278057 0.1457209625 -0.4215336619 -0.4150588219 0.0738101030 0.9067955906
0.2753658313 0.9613232522 -0.0055913983 -0.8724009672 0.2474427490 -0.4215313018 -0.4038442910 0.1209532586 0.9067966133
0.3838422889 0.9233816645 -0.0056034719 -0.8382532781 0.3458970908 -0.4215289366 -0.3872938665 0.1664977605 0.9067976383
0.4872492810 0.8732448705 -0.0056155443 -0.7930356593 0.4397838071 -0.4215265662 -0.3656262863 0.2098418432 0.9067986654
0.5842210998 0.8115750344 -0.0056276155 -0.7373452206 0.5278630336 -0.4215241908 -0.3391278994 0.2504128217 0.9067996948
0.6734770278 0.7391866388 -0.0056396855 -0.6719173756 0.6089715953 -0.4215218102 -0.3081488818 0.2876746586 0.9068007264
0.7538382524 0.6570357272 -0.0056517543 -0.5976161304 0.6820383680 -0.4215194245 -0.2730986083 0.3211350459 0.9068017603
0.8242434347 0.5662072779 -0.0056638219 -0.5154226737 0.7460984236 -0.4215170337 -0.2344402436 0.3503519099 0.9068027963
0.8837627262 0.4679008742 -0.0056758883 -0.4264224203 0.8003057726 -0.4215146377 -0.1926846213 0.3749392514 0.9068038346
0.9316100501 0.3634148617 -0.0056879535 -0.3317906768 0.8439445367 -0.4215122367 -0.1483834939 0.3945722459 0.9068048751
0.9671534829 0.2541292002 -0.0057000175 -0.2327771215 0.8764384031 -0.4215098305 -0.1021222418 0.4089915343 0.9068059178
0.9899235997 0.1414872393 -0.0057120803 -0.1306893012 0.8973582351 -0.4215074192 -0.0545121388 0.4180066495 0.9068069627
0.9996196748 0.0269766551 -0.0057241418 -0.0268753643 0.9064277398 -0.4215050028 -0.0061822742 0.4214985322 0.9068080099
0.9961136528 -0.0878901970 -0.0057362022 0.0772937426 0.9035271171 -0.4215025813 0.0422287591 0.4194211033 0.9068090593
0.9794518399 -0.2015962569 -0.0057482613 0.1804423793 0.8886946424 -0.4215001546 0.0900813024 0.4118018720 0.9068101109
0.9498542926 -0.3126397953 -0.0057603192 0.2812083781 0.8621261611 -0.4214977228 0.1367430836 0.3987415714 0.9068111647
0.9077119110 -0.4195542472 -0.0057723758 0.3782610328 0.8241725031 -0.4214952860 0.1815975708 0.3804128266 0.9068122207
0.8535812762 -0.5209275815 -0.0057844312 0.4703186716 0.7753348500 -0.4214928440 0.2240521190 0.3570578737 0.9068132789
0.7881772999 -0.6154209492 -0.0057964854 0.5561655827 0.7162581169 -0.4214903969 0.2635457999 0.3289853572 0.9068143394
0.7123637815 -0.7017863661 -0.0058085384 0.6346680693 0.6477224362 -0.4214879446 0.2995568137 0.2965662522 0.9068154021
0.6271420008 -0.7788831951 -0.0058205901 0.7047894210 0.5706328558 -0.4214854873 0.3316093830 0.2602289615 0.9068164669
0.5336374933 -0.8456932104 -0.0058326406 0.7656036046 0.4860073871 -0.4214830248 0.3592800388 0.2204536542 0.9068175341
0.4330851853 -0.9013340457 -0.0058446899 0.8163074938 0.3949635621 -0.4214805573 0.3822032154 0.1777659211 0.9068186034
0.3268130841 -0.9450708474 -0.0058567379 0.8562314748 0.2987036754 -0.4214780846 0.4000760797 0.1327298294 0.9068196749
0.2162247388 -0.9763259802 -0.0058687846 0.8848482903 0.1984989070 -0.4214756068 0.4126625323 0.0859404690 0.9068207487
0.1027807034 -0.9946866556 -0.0058808301 0.9017800018 0.0956725359 -0.4214731239 0.4197963260 0.0380160892 0.9068218246
-0.0120207528 -0.9999103838 -0.0058928744 0.9068029820 -0.0084175353 -0.4214706359 0.4213832618 -0.0104100704 0.9068229028
-0.1266634331 -0.9919281762 -0.0059049173 0.8998508675 -0.1123967121 -0.4214681428 0.4174024329 -0.0586981469 0.9068239832
-0.2396332381 -0.9708454567 -0.0059169591 0.8810154361 -0.2148918608 -0.4214656446 0.4079064998 -0.1062101094 0.9068250659
-0.3494381623 -0.9369406693 -0.0059289996 0.8505453950 -0.3145494423 -0.4214631412 0.3930209941 -0.1523181888 0.9068261507
-0.4546279996 -0.8906616002 -0.0059410388 0.8088430969 -0.4100533862 -0.4214606328 0.3729426585 -0.1964131726 0.9068272377
-0.5538134959 -0.8326194645 -0.0059530767 0.7564592271 -0.5001424712 -0.4214581192 0.3479368470 -0.2379124542 0.9068283270
-0.6456846974 -0.7635808333 -0.0059651134 0.6940855313 -0.5836269802 -0.4214556006 0.3183340175 -0.2762677308 0.9068294185
-0.7290282515 -0.6844575094 -0.0059771488 0.6225456812 -0.6594044122 -0.4214530768 0.2845253650 -0.3109722478 0.9068305121
-0.8027434310 -0.5962944857 -0.0059891829 0.5427843975 -0.7264740419 -0.4214505479 0.2469576518 -0.3415674939 0.9068316080
-0.8658566723 -0.5002561428 -0.0060012158 0.4558549743 -0.7839501349 -0.4214480139 0.2061273039 -0.3676492590 0.9068327062
-0.9175344329 -0.3976108717 -0.0060132474 0.3629053697 -0.8310736456 -0.4214454748 0.1625738512 -0.3888729745 0.9068338065
-0.9570942001 -0.2897143216 -0.0060252777 0.2651630465 -0.8672222408 -0.4214429306 0.1168727980 -0.4049582656 0.9068349090
-0.9840135051 -0.1779914960 -0.0060373067 0.1639187627 -0.8919185188 -0.4214403814 0.0696280183 -0.4156926547 0.9068360138
-0.9979368234 -0.0639179318 -0.0060493344 0.0605095260 -0.9048363141 -0.4214378270 0.0214637769 -0.4209343687 0.9068371207
-0.9986802700 0.0509997873 -0.0060613608 -0.0436990623 -0.9058050051 -0.4214352675 -0.0269835200 -0.4206142109 0.9068382299
-0.9862340279 0.1652439294 -0.0060733860 -0.1473308414 -0.8948117680 -0.4214327028 -0.0750737331 -0.4147364749 0.9068393413
-0.9607624782 0.2773056587 -0.0060854098 -0.2490172638 -0.8720017461 -0.4214301331 -0.1221714487 -0.4033788870 0.9068404549
-0.9226020285 0.3857049628 -0.0060974324 -0.3474154685 -0.8376761339 -0.4214275583 -0.1676543743 -0.3866915779 0.9068415707
-0.8722566703 0.4890101999 -0.0061094537 -0.4412260148 -0.7922881997 -0.4214249784 -0.2109215610 -0.3648950986 0.9068426887
-0.8103913226 0.5858570062 -0.0061214736 -0.5292100422 -0.7364373005 -0.4214223934 -0.2514013433 -0.3382775055 0.9068438090
-0.7378230500 0.6749663155 -0.0061334923 -0.6102056312 -0.6708609670 -0.4214198033 -0.2885588925 -0.3071905531 0.9068449314
-0.6555102719 0.7551612517 -0.0061455096 -0.6831431474 -0.5964251646 -0.4214172081 -0.3219032830 -0.2720450459 0.9068460561
-0.5645401044 0.8253826721 -0.0061575257 -0.7470593670 -0.5141128578 -0.4214146078 -0.3509939782 -0.2333054095 0.9068471829
-0.4661140025 0.8847031555 -0.0061695404 -0.8011101977 -0.4250110297 -0.4214120024 -0.3754466510 -0.1914835534 0.9068483120
-0.3615318926 0.9323392510 -0.0061815538 -0.8445818257 -0.3302963276 -0.4214093919 -0.3949382613 -0.1471321070 0.9068494433
-0.2521750038 0.9676618248 -0.0061935659 -0.8769001427 -0.2312195249 -0.4214067763 -0.4092113235 -0.1008371166 0.9068505768
-0.1394876263 0.9902043693 -0.0062055767 -0.8976383274 -0.1290890036 -0.4214041556 -0.4180773078 -0.0532103019 0.9068517125
-0.0249580361 0.9996691643 -0.0062175861 -0.9065224832 -0.0252534759 -0.4214015298 -0.4214191308 -0.0048809730 0.9068528504
0.0899011606 0.9959312092 -0.0062295942 -0.9034352552 0.0789158258 -0.4213988989 -0.4191927014 0.0435122852 0.9068539905
0.2035730049 0.9790398736 -0.0062416010 -0.8884173804 0.1820432581 -0.4213962629 -0.4114275026 0.0913300503 0.9068551329
0.3145562193 0.9492182453 -0.0062536065 -0.8616671501 0.2827669321 -0.4213936219 -0.3982262012 0.1379405118 0.9068562774
0.4213850359 0.9068601842 -0.0062656107 -0.8235377920 0.3797566993 -0.4213909757 -0.3797632902 0.1827278186 0.9068574241
0.5226485545 0.8525251199 -0.0062776135 -0.7745328059 0.4717317167 -0.4213883244 -0.3562827824 0.2251002162 0.9068585731
0.6170093766 0.7869306640 -0.0062896149 -0.7152993147 0.5574773620 -0.4213856681 -0.3280949857 0.2644978656 0.9068597243
0.7032212687 0.7109431319 -0.0063016151 -0.6466195192 0.6358612734 -0.4213830066 -0.2955724015 0.3004002398 0.9068608776
0.7801456216 0.6255661016 -0.0063136138 -0.5694003690 0.7058483043 -0.4213803401 -0.2591448030 0.3323330014 0.9068620332
0.8467664874 0.5319271589 -0.0063256113 -0.4846615855 0.7665141930 -0.4213776685 -0.2192935552 0.3598742690 0.9068631910
0.9022039983 0.4312630058 -0.0063376074 -0.3935221959 0.8170577689 -0.4213749917 -0.1765452542 0.3826601915 0.9068643510
0.9457259861 0.3249031267 -0.0063496021 -0.2971857564 0.8568115327 -0.4213723099 -0.1314647687 0.4003897546 0.9068655132
0.9767576527 0.2142522300 -0.0063615955 -0.1969244575 0.8852504724 -0.4213696230 -0.0846477760 0.4128287577 0.9068666776
0.9948891610 0.1007716957 -0.0063735875 -0.0940623248 0.9019989958 -0.4213669311 -0.0367128906 0.4198129070 0.9068678442
0.9998810482 -0.0140397248 -0.0063855782 0.0100422666 0.9068358921 -0.4213642340 0.0117065094 0.4212499863 0.9068690130
0.9916673877 -0.1286657033 -0.0063975675 0.1140145298 0.8996972527 -0.4213615318 0.0599706517 0.4171210739 0.9068701840
0.9703566605 -0.2415923611 -0.0064095555 0.2164814216 0.8806773161 -0.4213588246 0.1074418234 0.4074807922 0.9068713572
0.9362303219 -0.3513282627 -0.0064215420 0.3160897749 0.8500272236 -0.4213561122 0.1534927964 0.3924565848 0.9068725326
0.8897390844 -0.4564241135 -0.0064335273 0.4115241679 0.8081517035 -0.4213533948 0.1975151157 0.3722470318 0.9068737103
0.8314969652 -0.5554919011 -0.0064455111 0.5015242960 0.7556037265 -0.4213506723 0.2389271382 0.3471192249 0.9068748901
0.7622731767 -0.6472232264 -0.0064574936 0.5849016151 0.6930772036 -0.4213479447 0.2771817178 0.3174052379 0.9068760722
0.6829819674 -0.7304065841 -0.0064694747 0.6605550376 0.6213978231 -0.4213452121 0.3117734345 0.2834977378 0.9068772564
0.5946705472 -0.8039433631 -0.0064814544 0.7274854734 0.5415121470 -0.4213424743 0.3422452721 0.2458447959 0.9068784428
0.4985052569 -0.8668623560 -0.0064934327 0.7848090241 0.4544751109 -0.4213397315 0.3681946558 0.2049439665 0.9068796315
0.3957561640 -0.9183325859 -0.0065054097 0.8317686558 0.3614360933 -0.4213369836 0.3892787715 0.1613357125 0.9068808223
0.2877802889 -0.9576742813 -0.0065173852 0.8677441969 0.2636237373 -0.4213342306 0.4052190939 0.1155962634 0.9068820154
0.1760036826 -0.9843678536 -0.0065293594 0.8922605284 0.1623297255 -0.4213314725 0.4158050663 0.0683300011 0.9068832107
0.0619025926 -0.9980607597 -0.0065413322 0.9049938584 0.0588917223 -0.4213287093 0.4208968820 0.0201614740 0.9068844081
-0.0530160344 -0.9985721578 -0.0065533036 0.9057759988 -0.0453242906 -0.4213259411 0.4204273303 -0.0282728557 0.9068856078
-0.1672344542 -0.9858952959 -0.0065652736 0.8945965867 -0.1489420537 -0.4213231677 0.4144026838 -0.0763330214 0.9068868096
-0.2792441709 -0.9601976010 -0.0065772422 0.8716032216 -0.2505932034 -0.4213203893 0.4029026149 -0.1233840083 0.9068880137
-0.3875658594 -0.9218184675 -0.0065892094 0.8370995168 -0.3489353436 -0.4213176059 0.3860791417 -0.1688041440 0.9068892200
-0.4907689028 -0.8712647752 -0.0066011752 0.7915410903 -0.4426697721 -0.4213148173 0.3641546189 -0.2119933120 0.9068904284
-0.5874902873 -0.8092041947 -0.0066131396 0.7355295485 -0.5305586320 -0.4213120237 0.3374187986 -0.2523808814 0.9068916391
-0.6764526031 -0.7364563692 -0.0066251025 0.6698045420 -0.6114412584 -0.4213092250 0.3062250011 -0.2894332457 0.9068928520
-0.7564809158 -0.6539820895 -0.0066370641 0.5952339978 -0.6842495066 -0.4213064212 0.2709854458 -0.3226608735 0.9068940670
-0.8265182835 -0.5628706047 -0.0066490242 0.5128026587 -0.7480218576 -0.4213036123 0.2321658036 -0.3516247758 0.9068952843
-0.8856397159 -0.4643252362 -0.0066609830 0.4235990786 -0.8019161165 -0.4213007984 0.1902790431 -0.3759423056 0.9068965038
-0.9330643911 -0.3596474856 -0.0066729403 0.3288012480 -0.8452205345 -0.4212979794 0.1458786528 -0.3952922137 0.9068977255
-0.9681659678 -0.2502198451 -0.0066848962 0.2296610374 -0.8773632087 -0.4212951553 0.0995513266 -0.4094188920 0.9068989493
-0.9904808573 -0.1374875394 -0.0066968506 0.1274876663 -0.8979196350 -0.4212923262 0.0519092116 -0.4181357503 0.9069001754
-0.9997143463 -0.0229394378 -0.0067088037 0.0236304130 -0.9066183142 -0.4212894919 0.0035818198 -0.4213276808 0.9069014036
-0.9957444891 0.0919116093 -0.0067207553 -0.0805392028 -0.9033443381 -0.4212866526 -0.0447922905 -0.4189525784 0.9069026341
-0.9786237182 0.2055487505 -0.0067327055 -0.1836455326 -0.8881409073 -0.4212838083 -0.0925739515 -0.4110418956 0.9069038668
-0.9485781519 0.3164711668 -0.0067446542 -0.2843269652 -0.8612087613 -0.4212809588 -0.1391318319 -0.3977002263 0.9069051016
-0.9060046075 0.4232138933 -0.0067566015 -0.3812539083 -0.8229035279 -0.4212781043 -0.1838507779 -0.3791039228 0.9069063387
-0.8514653609 0.5243671671 -0.0067685474 -0.4731463472 -0.7737310271 -0.4212752448 -0.2261399418 -0.3554987649 0.9069075779
-0.7856807204 0.6185950457 -0.0067804918 -0.5587907480 -0.7143405922 -0.4212723801 -0.2654405878 -0.3271967110 0.9069088194
-0.7095195131 0.7046530518 -0.0067924348 -0.6370560840 -0.6455164951 -0.4212695104 -0.3012334748 -0.2945717760 0.9069100630
-0.6239876109 0.7814046083 -0.0068043763 -0.7069087722 -0.5681675893 -0.4212666356 -0.3330457165 -0.2580550882 0.9069113089
-0.5302146451 0.8478360502 -0.0068163164 -0.7674263225 -0.4833153087 -0.4212637558 -0.3604570288 -0.2181291922 0.9069125569
-0.4294390877 0.9030700111 -0.0068282550 -0.8178095208 -0.3920801785 -0.4212608709 -0.3831052828 -0.1753216721 0.9069138071
-0.3229918945 0.9463770115 -0.0068401922 -0.8573929832 -0.2956670186 -0.4212579809 -0.4006912883 -0.1301981805 0.9069150596
-0.2122789269 0.9771850928 -0.0068521279 -0.8856539438 -0.1953490326 -0.4212550859 -0.4129827467 -0.0833549635 0.9069163142
-0.0987623849 0.9950873710 -0.0068640621 -0.9022191583 -0.0924509944 -0.4212521858 -0.4198173194 -0.0354109821 0.9069175710
0.0160585049 0.9998474109 -0.0068759949 -0.9068698339 0.0116682462 -0.4212492806 -0.4211047718 0.0130002660 0.9069188300
0.1306672891 0.9914023482 -0.0068879263 -0.8995445186 0.1156337081 -0.4212463704 -0.4168281643 0.0612391176 0.9069200913
0.2435503163 0.9698637200 -0.0068998561 -0.8803399137 0.2180724373 -0.4212434551 -0.4070440759 0.1086681955 0.9069213547
0.3532167273 0.9355159917 -0.0069117845 -0.8495095968 0.3176316369 -0.4212405347 -0.3918818552 0.1546608303 0.9069226203
0.4582181455 0.8888128000 -0.0069237114 -0.8074606740 0.4129965331 -0.4212376093 -0.3715419102 0.1986093408 0.9069238881
0.5571678056 0.8303709613 -0.0069356368 -0.7547484039 0.5029077372 -0.4212346788 -0.3462930598 0.2399330625 0.9069251580
0.6487588689 0.7609623259 -0.0069475608 -0.6920688653 0.5861778776 -0.4212317433 -0.3164689807 0.2780860199 0.9069264302
0.7317816827 0.6815035836 -0.0069594833 -0.6202497657 0.6617072797 -0.4212288027 -0.2824637978 0.3125641399 0.9069277046
0.8051397564 0.5930441570 -0.0069714043 -0.5402395107 0.7284984890 -0.4212258571 -0.2447268758 0.3429119120 0.9069289812
0.8678642430 0.4967523417 -0.0069833238 -0.4530946802 0.7856694432 -0.4212229064 -0.2037568810 0.3687284056 0.9069302599
0.9191267345 0.3938998762 -0.0069952418 -0.3599660755 0.8324651210 -0.4212199506 -0.1600951916 0.3896725674 0.9069315409
0.9582502033 0.2858451462 -0.0070071583 -0.2620835223 0.8682675134 -0.4212169898 -0.1143187441 0.4054677268 0.9069328240
0.9847179431 0.1740152441 -0.0070190734 -0.1607396299 0.8926037853 -0.4212140239 -0.0670324097 0.4159052505 0.9069341093
0.9981803935 0.0598871211 -0.0070309869 -0.0572727218 0.9051525199 -0.4212110530 -0.0188610018 0.4208472983 0.9069353969
0.9984597566 -0.0550319189 -0.0070428989 0.0469508383 0.9057479642 -0.4212080770 0.0295589801 0.4202286440 0.9069366866
0.9855523450 -0.1692241265 -0.0070548095 0.1505546902 0.8943822183 -0.4212050959 0.0775877606 0.4140575354 0.9069379785
0.9596286306 -0.2811813521 -0.0070667185 0.2521706533 0.8712053399 -0.4212021098 0.1245907417 0.4024155849 0.9069392726
0.9210309933 -0.3894249638 -0.0070786260 0.3504567945 0.8365233635 -0.4211991187 0.1699468876 0.3854566901 0.9069405689
0.8702691986 -0.4925253763 -0.0070905321 0.4441151497 0.7907942591 -0.4211961225 0.2130569308 0.3634049993 0.9069418673
0.8080136657 -0.5891209311 -0.0071024366 0.5319088647 0.7346218852 -0.4211931212 0.2533512891 0.3365519489 0.9069431680
0.7350866125 -0.6779358807 -0.0071143396 0.6126785293 0.6687480145 -0.4211901149 0.2902975920 0.3052524117 0.9069444709
0.6524511971 -0.7577972368 -0.0071262411 0.6853574879 0.5940425385 -0.4211871036 0.3234077136 0.2699200073 0.9069457759
0.5611987966 -0.8276502628 -0.0071381410 0.7489859267 0.5114919806 -0.4211840872 0.3522442224 0.2310216357 0.9069470832
0.4625345938 -0.8865724034 -0.0071500394 0.8027235489 0.4221864683 -0.4211810657 0.3764261596 0.1890713081 0.9069483926
0.3577616595 -0.9337854688 -0.0071619364 0.8458606714 0.3273053373 -0.4211780392 0.3956340728 0.1446233540 0.9069497042
0.2482637432 -0.9686659125 -0.0071738317 0.8778275981 0.2281015582 -0.4211750077 0.4096142353 0.0982650964 0.9069510180
0.1354869974 -0.9907530666 -0.0071857256 0.8982021431 0.1258851896 -0.4211719711 0.4181819984 0.0506090916 0.9069523340
0.0209208784 -0.9997552256 -0.0071976179 0.9067152063 0.0220060781 -0.4211689295 0.4212242294 0.0022850343 0.9069536521
-0.0939215254 -0.9955534993 -0.0072095087 0.9032543283 -0.0821639674 -0.4211658828 0.4187008066 -0.0460685621 0.9069549725
-0.2075234769 -0.9782033827 -0.0072213980 0.8878651754 -0.1852492917 -0.4211628311 0.4106451472 -0.0938128028 0.9069562951
-0.3183846220 -0.9479340230 -0.0072332857 0.8607509371 -0.2858885600 -0.4211597743 0.3971637655 -0.1403168530 0.9069576198
-0.4250408053 -0.9051451935 -0.0072451719 0.8222696438 -0.3827527354 -0.4211567125 0.3784348647 -0.1849662731 0.9069589467
-0.5260834066 -0.8504020134 -0.0072570565 0.7729294384 -0.4745626302 -0.4211536456 0.3547059804 -0.2271711372 0.9069602758
-0.6201779457 -0.7844274843 -0.0072689396 0.7133818671 -0.5601057989 -0.4211505737 0.3262907099 -0.2663738273 0.9069616071
-0.7060817061 -0.7080929416 -0.0072808211 0.6444132752 -0.6382525494 -0.4211474968 0.2935645672 -0.3020564008 0.9069629406
-0.7826601483 -0.6224065462 -0.0072927011 0.5669344230 -0.7079708623 -0.4211444148 0.2569600208 -0.3337474334 0.9069642763
-0.8489018935 -0.5284999701 -0.0073045795 0.4819684595 -0.7683400199 -0.4211413278 0.2169607783 -0.3610282475 0.9069656141
-0.9039320810 -0.4276134497 -0.0073164564 0.3906374103 -0.8185627649 -0.4211382357 0.1740953950 -0.3835384434 0.9069669541
-0.9470239228 -0.3210794063 -0.0073283317 0.2941473614 -0.8579758300 -0.4211351386 0.1289302888 -0.4009806604 0.9069682964
-0.9776083020 -0.2103048484 -0.0073402055 0.1937725316 -0.8860586966 -0.4211320365 0.0820622562 -0.4131245053 0.9069696408
-0.9952812892 -0.0967527894 -0.0073520776 0.0908384457 -0.9024404699 -0.4211289293 0.0341105862 -0.4198095950 0.9069709873
-0.9998094777 0.0180770751 -0.0073639483 -0.0132955701 -0.9069047767 -0.4211258171 -0.0142911229 -0.4209476753 0.9069723361
-0.9911330653 0.1326681734 -0.0073758173 -0.1172543390 -0.8993926238 -0.4211226998 -0.0625033350 -0.4165237857 0.9069736871
-0.9693666448 0.2455070876 -0.0073876848 -0.2196649942 -0.8800031771 -0.4211195775 -0.1098890271 -0.4065964562 0.9069750402
-0.9347976902 0.3551035412 -0.0073995507 -0.3191751084 -0.8489924532 -0.4211164502 -0.1558221054 -0.3912969326 0.9069763955
-0.8878827600 0.4600100818 -0.0074114150 -0.4144705543 -0.8067699382 -0.4211133178 -0.1996956786 -0.3708274417 0.9069777530
-0.8292414673 0.5588411973 -0.0074232777 -0.5042928588 -0.7538931811 -0.4211101805 -0.2409300759 -0.3454585180 0.9069791127
-0.7596482966 0.6502916147 -0.0074351389 -0.5874558219 -0.6910604314 -0.4211070380 -0.2789805060 -0.3155254285 0.9069804746
-0.6800223749 0.7331535390 -0.0074469985 -0.6628611826 -0.6191014181 -0.4211038906 -0.3133442550 -0.2814237416 0.9069818386
-0.5914153329 0.8063326047 -0.0074588565 -0.7295131220 -0.5389663934 -0.4211007381 -0.3435673280 -0.2436040996 0.9069832048
-0.4949974156 0.8688623291 -0.0074707128 -0.7865314144 -0.4517135838 -0.4210975806 -0.3692504471 -0.2025662638 0.9069845732
-0.3920420272 0.9199168767 -0.0074825676 -0.8331630520 -0.3584952160 -0.4210944180 -0.3900543265 -0.1588525104 0.9069859438
-0.2839089126 0.9588219663 -0.0074944209 -0.8687921895 -0.2605423004 -0.4210912505 -0.4057041544 -0.1130404647 0.9069873166
-0.1720261992 0.9850637759 -0.0075062725 -0.8929482769 -0.1591483758 -0.4210880778 -0.4159932230 -0.0657354685 0.9069886915
-0.0578715359 0.9982957293 -0.0075181225 -0.9053122744 -0.0556524265 -0.4210849002 -0.4207856593 -0.0175625814 0.9069900687
0.0570474230 0.9983430728 -0.0075299709 -0.9057208661 0.0485787999 -0.4210817175 -0.4200182189 0.0308416786 0.9069914480
0.1712129295 0.9852051836 -0.0075418177 -0.8941686170 0.1521688409 -0.4210785299 -0.4137011207 0.0788377453 0.9069928295
0.2831171865 0.9590555776 -0.0075536629 -0.8708080452 0.2537496973 -0.4210753371 -0.4019179110 0.1257914551 0.9069942131
0.3912822618 0.9202396181 -0.0075655065 -0.8359476088 0.3519798982 -0.4210721394 -0.3848243586 0.1710824261 0.9069955990
0.4942796075 0.8692699543 -0.0075773484 -0.7900476326 0.4455622166 -0.4210689366 -0.3626463951 0.2141122549 0.9069969870
0.5907489266 0.8068197506 -0.0075891888 -0.7337142295 0.5332608006 -0.4210657288 -0.3356771294 0.2543124231 0.9069983772
0.6794161387 0.7337137963 -0.0076010275 -0.6676912970 0.6139174940 -0.4210625160 -0.3042729733 0.2911518087 0.9069997696
0.7591102072 0.6509176120 -0.0076128646 -0.5928506940 0.6864671311 -0.4210592982 -0.2688489315 0.3241437032 0.9070011641
0.8287786048 0.5595246984 -0.0076247001 -0.5101807269 0.7499516033 -0.4210560753 -0.2298731175 0.3528522417 0.9070025608
0.8875012148 0.4607420940 -0.0076365340 -0.4207730993 0.8035325125 -0.4210528475 -0.1878605672 0.3768981617 0.9070039597
0.9345024828 0.3558744332 -0.0076483662 -0.3258084949 0.8465022426 -0.4210496146 -0.1433664338 0.3959638129 0.9070053608
0.9691616597 0.2463067167 -0.0076601969 -0.2265409864 0.8782933053 -0.4210463766 -0.0969786510 0.4097973538 0.9070067641
0.9910210002 0.1334860187 -0.0076720258 -0.1242814741 0.8984858345 -0.4210431337 -0.0493101651 0.4182160782 0.9070081695
0.9997918076 0.0189023761 -0.0076838532 -0.0203803745 0.9068131312 -0.4210398857 -0.0009908353 0.4211088283 0.9070095771
0.9953582474 -0.0959308915 -0.0076956789 0.0837902123 0.9031651865 -0.4210366328 0.0473408888 0.4184374623 0.9070109869
0.9777788764 -0.2094971678 -0.0077075029 0.1868546231 0.8875901347 -0.4210333748 0.0950464031 0.4102373575 0.9070123989
0.9472858699 -0.3202965699 -0.0077193253 0.2874517980 0.8602936178 -0.4210301118 0.1414953870 0.3966169417 0.9070138130
0.9042819550 -0.4268657579 -0.0077311461 0.3842532545 0.8216360711 -0.4210268437 0.1860741313 0.3777562593 0.9070152293
0.8493350916 -0.5277972609 -0.0077429652 0.4759806314 0.7721279631 -0.4210235707 0.2281936474 0.3539045915 0.9070166478
0.7831709716 -0.6217580660 -0.0077547827 0.5614225709 0.7124230556 -0.4210202926 0.2672974489 0.3253771616 0.9070180685
0.7066634342 -0.7075072231 -0.0077665985 0.6394507156 0.6433097698 -0.4210170096 0.3028689040 0.2925509689 0.9070194913
0.6208229253 -0.7839122347 -0.0077784127 0.7090346103 0.5657007758 -0.4210137215 0.3344380614 0.2558598063 0.9070209163
0.5267831521 -0.8499640128 -0.0077902252 0.7692553095 0.4806209400 -0.4210104284 0.3615878585 0.2157885284 0.9070223435
0.4257861103 -0.9047902058 -0.0078020360 0.8193175143 0.3891937911 -0.4210071303 0.3839596320 0.1728666437 0.9070237728
0.3191656809 -0.9476667199 -0.0078138452 0.8585600745 0.2926266838 -0.4210038272 0.4012578556 0.1276613176 0.9070252043
0.2083300133 -0.9780272822 -0.0078256527 0.8864647207 0.1921948542 -0.4210005191 0.4132540436 0.0807698787 0.9070266380
0.0947429277 -0.9954709197 -0.0078374586 0.9026629088 0.0892245801 -0.4209972059 0.4197897697 0.0328119247 0.9070280739
-0.0200954176 -0.9997672545 -0.0078492628 0.9069406875 -0.0149243338 -0.4209938878 0.4207787583 -0.0155788638 0.9070295119
-0.1346683391 -0.9908595471 -0.0078610653 0.8992415243 -0.1188765134 -0.4209905646 0.4162080242 -0.0637630964 0.9070309521
-0.2474626589 -0.9688654450 -0.0078728661 0.8796670524 -0.2212591776 -0.4209872365 0.4061380423 -0.1111041218 0.9070323945
-0.3569886897 -0.9340754292 -0.0078846652 0.8484757292 -0.3207202677 -0.4209839033 0.3907019482 -0.1569764391 0.9070338391
-0.4617999094 -0.8869489780 -0.0078964627 0.8060794239 -0.4159463021 -0.4209805651 0.3701037775 -0.2007739629 0.9070352858
-0.5605120647 -0.8281084982 -0.0079082585 0.7530379785 -0.5056797223 -0.4209772219 0.3446157691 -0.2419180308 0.9070367347
-0.6518214541 -0.7583311050 -0.0079200526 0.6900518155 -0.5887355004 -0.4209738738 0.3145747667 -0.2798650492 0.9070381857
-0.7345221453 -0.6785383585 -0.0079318450 0.6179526887 -0.6640167884 -0.4209705206 0.2803777678 -0.3141136748 0.9070396390
-0.8075219023 -0.5897840927 -0.0079436357 0.5376926992 -0.7305294036 -0.4209671624 0.2424766765 -0.3442114387 0.9070410944
-0.8698566107 -0.4932404972 -0.0079554247 0.4503317229 -0.7873949575 -0.4209637992 0.2013723323 -0.3697607237 0.9070425519
-0.9207030109 -0.3901826357 -0.0079672120 0.3570234141 -0.8338624571 -0.4209604310 0.1576078915 -0.3904240175 0.9070440117
-0.9593895708 -0.2819716066 -0.0079789977 0.2589999710 -0.8693182217 -0.4209570578 0.1117616498 -0.4059283712 0.9070454736
-0.9854053549 -0.1700365665 -0.0079907816 0.1575558635 -0.8932939883 -0.4209536796 0.0644394012 -0.4160690045 0.9070469376
-0.9984067720 -0.0558558551 -0.0080025638 0.0540307389 -0.9054730958 -0.4209502964 0.0162664325 -0.4207120111 0.9070484039
-0.9982221135 0.0590625295 -0.0080143443 -0.0502082691 -0.9056946672 -0.4209469082 -0.0321207381 -0.4197961260 0.9070498723
-0.9848538207 0.1732008466 -0.0080261231 -0.1537845946 -0.8939557347 -0.4209435150 -0.0800827720 -0.4133335350 0.9070513428
-0.9584784526 0.2850516585 -0.0080379002 -0.2553304183 -0.8704112795 -0.4209401168 -0.1269859575 -0.4014097114 0.9070528156
-0.9194443544 0.3931377392 -0.0080496756 -0.3535047303 -0.8353721858 -0.4209367136 -0.1722105831 -0.3841822865 0.9070542905
-0.8682670562 0.4960315839 -0.0080614493 -0.4470110401 -0.7893011354 -0.4209333055 -0.2151591253 -0.3618789652 0.9070557675
-0.8056224648 0.5923742628 -0.0080732212 -0.5346144977 -0.7328064988 -0.4209298923 -0.2552641436 -0.3347945162 0.9070572467
-0.7323379369 0.6808933683 -0.0080849914 -0.6151582009 -0.6666343010 -0.4209264741 -0.2919957774 -0.3032868769 0.9070587281
