1980
44019
-0.5096136894 0.8603699158 -0.0075825807 -0.7787705936 -0.4649917864 -0.4210688792 -0.3658008339 -0.2086773742 0.9069969699
-0.4075361348 0.9131575021 -0.0075944209 -0.8269768544 -0.3725761438 -0.4210656712 -0.3873287766 -0.1653190658 0.9069983601
-0.3000762217 0.9538849018 -0.0076062596 -0.8642623148 -0.2752400000 -0.4210624581 -0.4037386684 -0.1197770280 0.9069997526
-0.1886531866 0.9820142259 -0.0076180966 -0.8901345515 -0.1742687480 -0.4210592400 -0.4148137598 -0.0726530364 0.9070011472
-0.0747386072 0.9971739691 -0.0076299321 -0.9042518612 -0.0709957898 -0.4210560169 -0.4204077927 -0.0245697600 0.9070025440
0.0401630330 0.9991639176 -0.0076417658 -0.9064277732 0.0332150722 -0.4210527888 -0.4204469321 0.0238374658 0.9070039429
0.1545342144 0.9879577921 -0.0076535980 -0.8966335131 0.1369876453 -0.4210495556 -0.4149307410 0.0719290348 0.9070053441
0.2668644239 0.9637035958 -0.0076654285 -0.8749983827 0.2389515198 -0.4210463175 -0.4039321843 0.1190695205 0.9070067474
0.3756701035 0.9267216589 -0.0076772574 -0.8418080535 0.3377601673 -0.4210430743 -0.3875966645 0.1646360724 0.9070081528
0.4795142448 0.8775004085 -0.0076890847 -0.7975007944 0.4321087222 -0.4210398260 -0.3661400988 0.2080266454 0.9070095605
0.5770253670 0.8166899178 -0.0077009103 -0.7426616844 0.5207512140 -0.4210365728 -0.3398460656 0.2486679540 0.9070109703
0.6669156306 0.7450933199 -0.0077127343 -0.6780148869 0.6025170214 -0.4210333146 -0.3090620564 0.2860230472 0.9070123824
0.7479978459 0.6636562015 -0.0077245567 -0.6044140869 0.6763263321 -0.4210300513 -0.2741948835 0.3195984023 0.9070137965
0.8192011522 0.5734541138 -0.0077363774 -0.5228312175 0.7412044023 -0.4210267830 -0.2357053038 0.3489504454 0.9070152129
0.8795851612 0.4756783679 -0.0077481964 -0.4343436254 0.7962944301 -0.4210235097 -0.1941019303 0.3736914114 0.9070166314
0.9283523761 0.3716203008 -0.0077600138 -0.3401198439 0.8408688700 -0.4210202314 -0.1499345110 0.3934944669 0.9070180521
0.9648587249 0.2626542206 -0.0077718295 -0.2414041616 0.8743390419 -0.4210169481 -0.1037866644 0.4080980277 0.9070194750
0.9886220663 0.1502192558 -0.0077836436 -0.1395001908 0.8962629051 -0.4210136598 -0.0562681676 0.4173092140 0.9070209001
0.9993285575 0.0358003488 -0.0077954561 -0.0357536525 0.9063508966 -0.4210103664 -0.0080068994 0.4210063982 0.9070223273
0.9968367990 -0.0790913565 -0.0078072668 0.0684653952 0.9044697553 -0.4210070680 0.0403594568 0.4191408105 0.9070237567
0.9811797023 -0.1929384718 -0.0078190759 0.1717806494 0.8906442829 -0.4210037647 0.0881918382 0.4117371825 0.9070251883
0.9525640548 -0.3042374053 -0.0078308834 0.2728277382 0.8650570161 -0.4210004563 0.1348582471 0.3988934195 0.9070266220
0.9113677892 -0.4115182196 -0.0078426891 0.3702722379 0.8280458173 -0.4209971429 0.1797421006 0.3807793053 0.9070280579
0.8581349916 -0.5133640454 -0.0078544932 0.4628272955 0.7800994131 -0.4209938245 0.2222503784 0.3576342582 0.9070294960
0.7935687161 -0.6084297940 -0.0078662956 0.5492706233 0.7218509406 -0.4209905011 0.2618214568 0.3297641663 0.9070309363
0.7185216990 -0.6954599224 -0.0078780964 0.6284606398 0.6540695870 -0.4209871727 0.2979325297 0.2975373451 0.9070323787
0.6339850970 -0.7733050151 -0.0078898955 0.6993515461 0.5776504324 -0.4209838393 0.3301065157 0.2613796696 0.9070338233
0.5410753965 -0.8409369647 -0.0079016928 0.7610071368 0.4936026293 -0.4209805008 0.3579183609 0.2217689467 0.9070352701
0.4410196682 -0.8974625502 -0.0079134885 0.8126131635 0.4030360772 -0.4209771574 0.3810006546 0.1792286013 0.9070367190
0.3351393610 -0.9421352337 -0.0079252826 0.8534880884 0.3071467647 -0.4209738090 0.3990484828 0.1343207591 0.9070381701
0.2248328496 -0.9743650202 -0.0079370749 0.8830920851 0.2072009768 -0.4209704555 0.4118234561 0.0876388191 0.9070396234
0.1115569655 -0.9937262495 -0.0079488655 0.9010341677 0.1045185718 -0.4209670971 0.4191568586 0.0397996125 0.9070410789
-0.0031922430 -0.9999632181 -0.0079606545 0.9070773547 0.0004555523 -0.4209637336 0.4209518763 -0.0085647479 0.9070425365
-0.1178992695 -0.9929935561 -0.0079724417 0.9011417994 -0.1036138425 -0.4209603652 0.4171848747 -0.0568152200 0.9070439962
-0.2310491651 -0.9729093151 -0.0079842273 0.8833058444 -0.2063152840 -0.4209569917 0.4079057104 -0.1043142761 0.9070454582
-0.3411475465 -0.9399757525 -0.0079960111 0.8538049879 -0.3062925041 -0.4209536133 0.3932370712 -0.1504343265 0.9070469223
-0.4467403320 -0.8946278282 -0.0080077933 0.8130287744 -0.4022252057 -0.4209502298 0.3733728536 -0.1945660118 0.9070483886
-0.5464329466 -0.8374644597 -0.0080195737 0.7615156504 -0.4928464984 -0.4209468414 0.3485756003 -0.2361262538 0.9070498570
-0.6389087394 -0.7692406126 -0.0080313524 0.6999458549 -0.5769596293 -0.4209434479 0.3191730296 -0.2745659595 0.9070513277
-0.7229463734 -0.6908573291 -0.0080431294 0.6291324366 -0.6534537872 -0.4209400495 0.2855537049 -0.3093772758 0.9070528005
-0.7974359555 -0.6033498283 -0.0080549047 0.5500105168 -0.7213187724 -0.4209366460 0.2481618991 -0.3401002989 0.9070542754
-0.8613936950 -0.5078738336 -0.0080666783 0.4636249417 -0.7796583373 -0.4209332376 0.2074917241 -0.3663291502 0.9070557525
-0.9139748967 -0.4056903089 -0.0080784502 0.3711164838 -0.8277020228 -0.4209298242 0.1640806009 -0.3877173386 0.9070572318
-0.9544851168 -0.2981488052 -0.0080902203 0.2737067777 -0.8648153333 -0.4209264058 0.1185021584 -0.4039823377 0.9070587132
-0.9823893345 -0.1866696365 -0.0081019887 0.1726821879 -0.8905081162 -0.4209229823 0.0713586534 -0.4149093176 0.9070601969
-0.9973190180 -0.0727251218 -0.0081137554 0.0693768208 -0.9044410350 -0.4209195539 0.0232730125 -0.4203539827 0.9070616826
-0.9990769917 0.0421798601 -0.0081255204 -0.0348450925 -0.9064300519 -0.4209161205 -0.0251193989 -0.4202444769 0.9070631706
-0.9876400404 0.1565277457 -0.0081372836 -0.1386072125 -0.8964488578 -0.4209126821 -0.0731791719 -0.4145823322 0.9070646607
-0.9631592159 0.2688083293 -0.0081490451 -0.2405392665 -0.8746292209 -0.4209092387 -0.1202713023 -0.4034424470 0.9070661529
-0.9259578417 0.3775387089 -0.0081608049 -0.3392951447 -0.8412592468 -0.4209057904 -0.1657735812 -0.3869720957 0.9070676474
-0.8765272430 0.4812828705 -0.0081725629 -0.4335706769 -0.7967795748 -0.4209023370 -0.2090848161 -0.3653889814 0.9070691440
-0.8155202580 0.5786706539 -0.0081843192 -0.5221208549 -0.7417775589 -0.4208988787 -0.2496327736 -0.3389783584 0.9070706427
-0.7437426151 0.6684158487 -0.0081960737 -0.6037762744 -0.6769795121 -0.4208954153 -0.2868817402 -0.3080892620 0.9070721436
-0.6621422920 0.7493331814 -0.0082078265 -0.6774585786 -0.6032411153 -0.4208919470 -0.3203396001 -0.2731298960 0.9070736467
-0.5717969955 0.8203539690 -0.0082195775 -0.7421946986 -0.5215361178 -0.4208884737 -0.3495643364 -0.2345622378 0.9070751519
-0.4738999280 0.8805402339 -0.0082313268 -0.7971297043 -0.4329434780 -0.4208849954 -0.3741698715 -0.1928959339 0.9070766593
-0.3697440288 0.9290970912 -0.0082430744 -0.8415380951 -0.3386331162 -0.4208815121 -0.3938311666 -0.1486815648 0.9070781689
-0.2607048980 0.9653832473 -0.0082548201 -0.8748333807 -0.2398504639 -0.4208780238 -0.4082885158 -0.1025033701 0.9070796806
-0.1482226290 0.9889194690 -0.0082665642 -0.8965758276 -0.1379000180 -0.4208745306 -0.4173509766 -0.0549715278 0.9070811945
-0.0337827886 0.9993949134 -0.0082783064 -0.9064782656 -0.0341281135 -0.4208710323 -0.4208988919 -0.0067140923 0.9070827106
0.0811032025 0.9966712325 -0.0082900469 -0.9044098817 0.0700948557 -0.4208675291 -0.4188854693 0.0416313048 0.9070842288
0.1949180319 0.9807844010 -0.0083017856 -0.8903979476 0.1733925341 -0.4208640209 -0.4113373990 0.0894258796 0.9070857491
0.3061585343 0.9519442406 -0.0083135226 -0.8646274601 0.2744007805 -0.4208605077 -0.3983544994 0.1360381361 0.9070872716
0.4133555441 0.9105316492 -0.0083252578 -0.8274386990 0.3717856825 -0.4208569896 -0.3801083972 0.1808522103 0.9070887963
0.5150932988 0.8570935702 -0.0083369912 -0.7793227337 0.4642611727 -0.4208534664 -0.3568402588 0.2232760071 0.9070903232
0.6100281373 0.7923357688 -0.0083487228 -0.7209149388 0.5506060120 -0.4208499383 -0.3288576025 0.2627490229 0.9070918521
0.6969062457 0.7171135109 -0.0083604527 -0.6529866040 0.6296799173 -0.4208464052 -0.2965302341 0.2987497519 0.9070933833
0.7745802165 0.6324202676 -0.0083721807 -0.5764347488 0.7004386208 -0.4208428672 -0.2602853600 0.3308025750 0.9070949166
0.8420242023 0.5393745941 -0.0083839070 -0.4922702776 0.7619476603 -0.4208393241 -0.2206019413 0.3584840444 0.9070964521
0.8983474649 0.4392053570 -0.0083956315 -0.4016046294 0.8133947204 -0.4208357761 -0.1780043650 0.3814284771 0.9070979897
0.9428061386 0.3332355044 -0.0084073542 -0.3056351014 0.8541003599 -0.4208322231 -0.1330555139 0.3993327858 0.9070995295
0.9748130550 0.2228645932 -0.0084190751 -0.2056290376 0.8835269852 -0.4208286651 -0.0863493292 0.4119604830 0.9071010714
0.9939454976 0.1095503058 -0.0084307943 -0.1029070925 0.9012859500 -0.4208251022 -0.0385029622 0.4191448041 0.9071026155
0.9999507846 -0.0052108025 -0.0084425116 0.0011742085 0.9071426886 -0.4208215343 0.0098513806 0.4207909101 0.9071041618
0.9927496060 -0.1199030684 -0.0084542271 0.1052403840 0.9010198138 -0.4208179614 0.0580747909 0.4168771393 0.9071057102
0.9724370714 -0.2330117380 -0.0084659408 0.2079171470 0.8829981396 -0.4208143836 0.1055301009 0.4074552925 0.9071072607
0.9392814533 -0.3430429724 -0.0084776527 0.3078485537 0.8533156145 -0.4208108007 0.1515903013 0.3926499474 0.9071088134
0.8937206444 -0.4485435771 -0.0084893629 0.4037149105 0.8123641798 -0.4208072130 0.1956468269 0.3726568112 0.9071103683
0.8363563739 -0.5481201945 -0.0085010712 0.4942502013 0.7606845941 -0.4208036202 0.2371175960 0.3477401338 0.9071119253
0.7679462608 -0.6404577060 -0.0085127776 0.5782588068 0.6989592931 -0.4208000225 0.2754547021 0.3182292151 0.9071134845
0.6893938074 -0.7243366010 -0.0085244823 0.6546312940 0.6280033774 -0.4207964198 0.3101516521 0.2845140531 0.9071150458
0.6017364670 -0.7986490830 -0.0085361852 0.7223590674 0.5487538493 -0.4207928121 0.3407500580 0.2470401893 0.9071166093
0.5061319421 -0.8624137005 -0.0085478862 0.7805476890 0.4622572388 -0.4207891995 0.3668456930 0.2063028219 0.9071181749
0.4038428940 -0.9147883091 -0.0085595854 0.8284286904 0.3696557844 -0.4207855819 0.3880938312 0.1628402610 0.9071197427
0.2962202673 -0.9550811936 -0.0085712828 0.8653697218 0.2721723485 -0.4207819593 0.4042138022 0.1172268158 0.9071213126
0.1846854475 -0.9827602037 -0.0085829784 0.8908829028 0.1710942692 -0.4207783318 0.4149926975 0.0700652058 0.9071228847
0.0707114883 -0.9974597822 -0.0085946721 0.9046312664 0.0677563597 -0.4207746994 0.4202881837 0.0219785961 0.9071244589
-0.0441963425 -0.9989857926 -0.0086063640 0.9064332090 -0.0364767186 -0.4207710619 0.4200303809 -0.0263976361 0.9071260353
-0.1585204440 -0.9873180835 -0.0086180541 0.8962648898 -0.1402284777 -0.4207674195 0.4142227856 -0.0744242975 0.9071276139
-0.2707509248 -0.9626107543 -0.0086297423 0.8742605456 -0.2421287807 -0.4207637722 0.4029422231 -0.1214668237 0.9071291945
-0.3794055445 -0.9251901202 -0.0086414287 0.8407107191 -0.3408319357 -0.4207601198 0.3863378310 -0.1669036641 0.9071307774
-0.4830492900 -0.8755504024 -0.0086531133 0.7960584224 -0.4350344667 -0.4207564626 0.3646290876 -0.2101344942 0.9071323624
-0.5803133274 -0.8143472007 -0.0086647960 0.7408932876 -0.5234923279 -0.4207528003 0.3381029109 -0.2505881468 0.9071339495
-0.6699130809 -0.7423888353 -0.0086764769 0.6759437802 -0.6050373319 -0.4207491332 0.3071098665 -0.2877301586 0.9071355388
-0.7506651978 -0.6606256707 -0.0086881559 0.6020675798 -0.6785925776 -0.4207454610 0.2720595343 -0.3210698317 0.9071371302
-0.8215031775 -0.5701375643 -0.0086998330 0.5202402544 -0.7431866717 -0.4207417839 0.2334150959 -0.3501667157 0.9071387238
-0.8814914568 -0.4721196047 -0.0087115083 0.4315423774 -0.7979665570 -0.4207381019 0.1916872140 -0.3746364274 0.9071403195
-0.9298377660 -0.3678663277 -0.0087231818 0.3371452579 -0.8422087789 -0.4207344148 0.1474272839 -0.3941557277 0.9071419174
-0.9659035921 -0.2587546197 -0.0087348534 0.2382954734 -0.8753290388 -0.4207307229 0.1012201474 -0.4084667925 0.9071435174
-0.9892126122 -0.1462255322 -0.0087465231 0.1362984071 -0.8968899118 -0.4207270260 0.0536763650 -0.4173806175 0.9071451196
-0.9994569840 -0.0317652507 -0.0087581909 0.0325010104 -0.9066066230 -0.4207233241 0.0054241479 -0.4207795147 0.9071467239
-0.9965014118 0.0831145347 -0.0087698569 -0.0717259856 -0.9043508095 -0.4207196173 -0.0428989425 -0.4186186660 0.9071483303
-0.9803849328 0.1968965934 -0.0087815211 -0.1750061711 -0.8901522156 -0.4207159055 -0.0906544190 -0.4109267144 0.9071499389
-0.9513204018 0.3080781930 -0.0087931833 -0.2759756345 -0.8641983009 -0.4207121888 -0.1372113050 -0.3978053842 0.9071515497
-0.9096916802 0.4151909460 -0.0088048437 -0.3733009743 -0.8268317654 -0.4207084672 -0.1819544709 -0.3794281357 0.9071531626
-0.8560485659 0.5168202029 -0.0088165022 -0.4656969075 -0.7785460240 -0.4207047406 -0.2242927621 -0.3560378720 0.9071547776
-0.7910995320 0.6116237357 -0.0088281588 -0.5519432438 -0.7199786918 -0.4207010090 -0.2636668090 -0.3279437287 0.9071563948
-0.7157023701 0.6983494649 -0.0088398136 -0.6309009986 -0.6519031637 -0.4206972725 -0.2995564176 -0.2955169879 0.9071580141
-0.6308528615 0.7758519954 -0.0088514664 -0.7015274357 -0.5752184019 -0.4206935311 -0.3314874419 -0.2591861713 0.9071596356
-0.5376716250 0.8431077445 -0.0088631174 -0.7628898371 -0.4909370647 -0.4206897847 -0.3590380483 -0.2194313780 0.9071612592
-0.4373893177 0.8992284600 -0.0088747665 -0.8141778211 -0.4001721342 -0.4206860334 -0.3818442882 -0.1767779391 0.9071628850
-0.3313303809 0.9434729516 -0.0088864136 -0.8547140447 -0.3041222180 -0.4206822771 -0.3996049055 -0.1317894765 0.9071645129
-0.2208955482 0.9752568797 -0.0088980589 -0.8839631489 -0.2040557219 -0.4206785159 -0.4120853166 -0.0850604552 0.9071661429
-0.1075433459 0.9941604729 -0.0089097023 -0.9015388292 -0.1012940986 -0.4206747497 -0.4191207084 -0.0372083275 0.9071677751
0.0072291699 0.9999340722 -0.0089213438 -0.9072089375 0.0028056021 -0.4206709786 -0.4206182150 0.0111346248 0.9071694094
0.1219061854 0.9925014276 -0.0089329834 -0.9008985488 0.1068686547 -0.4206672026 -0.4165581432 0.0593296458 0.9071710459
0.2349731480 0.9719607057 -0.0089446211 -0.8826909510 0.2095208123 -0.4206634216 -0.4069942319 0.1067399446 0.9071726845
0.3449367701 0.9385831930 -0.0089562569 -0.8528265454 0.3094064548 -0.4206596357 -0.3920529404 0.1527391097 0.9071743252
0.4503447501 0.8928097126 -0.0089678908 -0.8116996733 0.4052064911 -0.4206558449 -0.3719317764 0.1967193854 0.9071759681
0.5498049540 0.8352448029 -0.0089795227 -0.7598534083 0.4956557792 -0.4206520491 -0.3468966855 0.2380997014 0.9071776131
0.6420038007 0.7666487325 -0.0089911528 -0.6979723855 0.5795598332 -0.4206482484 -0.3172785355 0.2763333506 0.9071792603
0.7257236111 0.6879274600 -0.0090027809 -0.6268737604 0.6558105987 -0.4206444427 -0.2834687439 0.3109152111 0.9071809096
0.7998586901 0.6001206681 -0.0090144071 -0.5474964189 0.7234010851 -0.4206406322 -0.2459141053 0.3413884207 0.9071825610
0.8634299293 0.5043880332 -0.0090260314 -0.4608885781 0.7814386649 -0.4206368166 -0.2051108867 0.3673504116 0.9071842146
0.9155977382 0.4019939086 -0.0090376538 -0.3681939448 0.8291568618 -0.4206329962 -0.1615982696 0.3884582293 0.9071858703
0.9556731333 0.2942906266 -0.0090492742 -0.2706366118 0.8659254731 -0.4206291708 -0.1159512252 0.4044330626 0.9071875282
0.9831268368 0.1827006377 -0.0090608927 -0.1695048929 0.8912588929 -0.4206253405 -0.0687729167 0.4150639261 0.9071891882
0.9975962671 0.0686977245 -0.0090725093 -0.0661343103 0.9048225253 -0.4206215053 -0.0206867295 0.4202104477 0.9071908503
0.9988903278 -0.0462124633 -0.0090841239 0.0381100427 0.9064372038 -0.4206176651 0.0276719663 0.4198047210 0.9071925146
0.9869919307 -0.1605122935 -0.0090957366 0.1418515280 0.8960815579 -0.4206138200 0.0756642108 0.4138522022 0.9071941810
0.9620582221 -0.2726921954 -0.0091073474 0.2437201431 0.8738922960 -0.4206099700 0.1226558969 0.4024316359 0.9071958495
0.9244185073 -0.3812705969 -0.0091189562 0.3423706132 0.8401624005 -0.4206061151 0.1680261487 0.3856940144 0.9071975202
0.8745699008 -0.4848134914 -0.0091305631 0.4365001562 0.7953372596 -0.4206022552 0.2111755249 0.3638605804 0.9071991930
0.8131707614 -0.5819533774 -0.0091421681 0.5248656881 0.7400087861 -0.4205983904 0.2515339385 0.3372199030 0.9072008679
0.7410319971 -0.6714073188 -0.0091537710 0.6063002387 0.6749076008 -0.4205945207 0.2885681891 0.3061240641 0.9072025450
0.6591063550 -0.7519938888 -0.0091653721 0.6797283633 0.6008933854 -0.4205906460 0.3217890070 0.2709840043 0.9072042242
0.5684758383 -0.8226487735 -0.0091769712 0.7441803446 0.5189435293 -0.4205867665 0.3507575174 0.2322640931 0.9072059056
0.4703374164 -0.8824388279 -0.0091885683 0.7988049998 0.4301402232 -0.4205828820 0.3750910382 0.1904759918 0.9072075890
0.3659872163 -0.9305744003 -0.0092001634 0.8428809214 0.3356561683 -0.4205789926 0.3944681354 0.1461718925 0.9072092746
0.2568034040 -0.9664197614 -0.0092117566 0.8758260044 0.2367390898 -0.4205750983 0.4086328690 0.0999372209 0.9072109624
0.1442279837 -0.9895015000 -0.0092233479 0.8972051345 0.1346952601 -0.4205711990 0.4173981735 0.0523829009 0.9072126523
0.0297477522 -0.9995147759 -0.0092349372 0.9067359344 0.0308722484 -0.4205672949 0.4206483287 0.0041372823 0.9072143443
-0.0851253365 -0.9963273452 -0.0092465245 0.9042924936 -0.0733588750 -0.4205633858 0.4183404870 -0.0441621624 0.9072160384
-0.1988741406 -0.9799813078 -0.0092581098 0.8899070318 -0.1766216448 -0.4205594718 0.4105052386 -0.0918772605 0.9072177347
-0.3099963671 -0.9506925503 -0.0092696931 0.8637694741 -0.2775523779 -0.4205555529 0.3972462057 -0.1383775715 0.9072194331
-0.4170244126 -0.9088478956 -0.0092812745 0.8262249435 -0.3748181827 -0.4205516291 0.3787386726 -0.1830487166 0.9072211336
-0.5185447467 -0.8549999933 -0.0092928539 0.7777692035 -0.4671345607 -0.4205477003 0.3552272677 -0.2253004963 0.9072228362
-0.6132165799 -0.7898600216 -0.0093044314 0.7190421126 -0.5532823697 -0.4205437667 0.3270227308 -0.2645746883 0.9072245410
-0.6997895723 -0.7142882937 -0.0093160068 0.6508191738 -0.6321239245 -0.4205398281 0.2944978055 -0.3003524223 0.9072262480
-0.7771203463 -0.6292828963 -0.0093275802 0.5740012951 -0.7026180207 -0.4205358847 0.2580823135 -0.3321610355 0.9072279570
-0.8441875878 -0.5359665073 -0.0093391517 0.4896028917 -0.7638336854 -0.4205319363 0.2182574744 -0.3595803165 0.9072296682
-0.9001055342 -0.4355715686 -0.0093507212 0.3987384909 -0.8149624724 -0.4205279830 0.1755495463 -0.3822480572 0.9072313815
-0.9441356734 -0.3294240090 -0.0093622887 0.3026080139 -0.8553291381 -0.4205240248 0.1305228718 -0.3998648369 0.9072330969
-0.9756964971 -0.2189257326 -0.0093738541 0.2024809301 -0.8844005601 -0.4205200617 0.0837724207 -0.4121979779 0.9072348145
-0.9943711806 -0.1055361035 -0.0093854176 0.0996794929 -0.9017927776 -0.4205160937 0.0359159281 -0.4190846182 0.9072365342
-0.9999130881 0.0092473281 -0.0093969791 -0.0044387216 -0.9072760628 -0.4205121208 -0.0124142678 -0.4204338627 0.9072382560
-0.9922490298 0.1239086042 -0.0094085386 -0.1084987425 -0.9007779552 -0.4205081429 -0.0605795812 -0.4162279823 0.9072399799
-0.9714802289 0.2369333803 -0.0094200961 -0.2111263618 -0.8823842194 -0.4205041602 -0.1079436162 -0.4065226472 0.9072417060
-0.9378809839 0.3468289260 -0.0094316515 -0.3109662818 -0.8523377127 -0.4205001726 -0.1538805755 -0.3914461900 0.9072434342
-0.8918950469 0.4521438391 -0.0094432050 -0.4067000137 -0.8110351789 -0.4204961800 -0.1977835286 -0.3711979086 0.9072451645
-0.8341297619 0.5514872146 -0.0094547564 -0.4970632889 -0.7590220097 -0.4204921826 -0.2390724308 -0.3460454318 0.9072468969
-0.7653480442 0.6435470148 -0.0094663058 -0.5808627554 -0.6969850426 -0.4204881803 -0.2772017868 -0.3163211819 0.9072486315
-0.6864583041 0.7271073972 -0.0094778532 -0.6569917376 -0.6257434913 -0.4204841730 -0.3116678576 -0.2824179810 0.9072503682
-0.5985024495 0.8010647722 -0.0094893986 -0.7244448508 -0.5462381280 -0.4204801609 -0.3420153156 -0.2447838603 0.9072521070
-0.5026421252 0.8644423787 -0.0095009420 -0.7823312790 -0.4595188597 -0.4204761439 -0.3678432600 -0.2039161385 0.9072538479
-0.4001433712 0.9164031837 -0.0095124833 -0.8298865392 -0.3667308642 -0.4204721219 -0.3888105124 -0.1603548505 0.9072555910
-0.2923599013 0.9562609378 -0.0095240226 -0.8664825779 -0.2690994670 -0.4204680951 -0.4046401243 -0.1146756111 0.9072573361
-0.1807152253 0.9834892376 -0.0095355599 -0.8916360655 -0.1679139602 -0.4204640634 -0.4151230348 -0.0674820088 0.9072590834
-0.0666838477 0.9977284788 -0.0095470951 -0.9050147796 -0.0645105768 -0.4204600268 -0.4201208315 -0.0193976302 0.9072608329
0.0482282057 0.9987906051 -0.0095586283 -0.9064419932 0.0397451560 -0.4204559853 -0.4195675787 0.0289421799 0.9072625844
0.1625032784 0.9866615917 -0.0095701595 -0.8958988089 0.1434764489 -0.4204519389 -0.4134706867 0.0768987130 0.9072643381
0.2746321267 0.9615016309 -0.0095816886 -0.8735244093 0.2453134326 -0.4204478876 -0.4019108127 0.1238383365 0.9072660939
0.3831338530 0.9236430160 -0.0095932157 -0.8396142197 0.3439112483 -0.4204438314 -0.3850407936 0.1691408654 0.9072678518
0.4865754634 0.8735857527 -0.0096047408 -0.7946160072 0.4379678077 -0.4204397703 -0.3630836259 0.2122077568 0.9072696118
0.5835907943 0.8119909558 -0.0096162638 -0.7391239684 0.5262409884 -0.4204357043 -0.3363295173 0.2524700177 0.9072713740
0.6728985546 0.7396721172 -0.0096277847 -0.6738708827 0.6075650377 -0.4204316335 -0.3051320511 0.2893957223 0.9072731382
0.7533192486 0.6575843623 -0.0096393036 -0.5997184364 0.6808659675 -0.4204275577 -0.2699035137 0.3224970400 0.9072749046
0.8237907531 0.5668118354 -0.0096508204 -0.5176458435 0.7451757381 -0.4204234771 -0.2311094455 0.3513366799 0.9072766731
0.8833823453 0.4685533816 -0.0096623352 -0.4287369150 0.7996450418 -0.4204193916 -0.1892624892 0.3755336679 0.9072784437
0.9313069947 0.3641067128 -0.0096738479 -0.3341657464 0.8435545201 -0.4204153012 -0.1449156152 0.3947683793 0.9072802165
0.9669317579 0.2548512693 -0.0096853586 -0.2351812134 0.8763242635 -0.4204112059 -0.0986548147 0.4087867607 0.9072819913
0.9897861373 0.1422300010 -0.0096968671 -0.1330904794 0.8975214704 -0.4204071057 -0.0510913566 0.4174036860 0.9072837683
0.9995682955 0.0277303105 -0.0097083737 -0.0292417335 0.9068661633 -0.4204030007 -0.0028537102 0.4205054005 0.9072855474
0.9961490414 -0.0871355916 -0.0097198781 0.0749936131 0.9042348869 -0.4203988907 0.0454207589 0.4180510232 0.9072873286
0.9795735364 -0.2008506585 -0.0097313805 0.1782390383 0.8896623391 -0.4203947759 0.0930942103 0.4100730854 0.9072891119
0.9500606981 -0.3119130427 -0.0097428808 0.2791310867 0.8633409133 -0.4203906562 0.1395367563 0.3966770994 0.9072908974
0.9080003088 -0.4188559315 -0.0097543790 0.3763373757 0.8256181585 -0.4203865316 0.1841347847 0.3780401631 0.9072926849
0.8539478675 -0.5202669193 -0.0097658751 0.4685741909 0.7769921902 -0.4203824022 0.2262990660 0.3544086188 0.9072944746
0.7886172536 -0.6148066609 -0.0097773692 0.5546234388 0.7181051128 -0.4203782679 0.2654725380 0.3260947970 0.9072962664
0.7128712985 -0.7012265611 -0.0097888612 0.6333487333 0.6497345411 -0.4203741287 0.3011376658 0.2934728881 0.9072980603
0.6277103897 -0.7783852643 -0.0098003511 0.7037104031 0.5727833314 -0.4203699846 0.3328232793 0.2569739979 0.9072998563
0.5342592591 -0.8452637292 -0.0098118389 0.7647792215 0.4882676588 -0.4203658356 0.3601107974 0.2170804494 0.9073016544
0.4337521281 -0.9009786866 -0.0098233246 0.8157486787 0.3973035988 -0.4203616818 0.3826397582 0.1743194100 0.9073034546
0.3275164071 -0.9447943055 -0.0098348082 0.8559456329 0.3010923884 -0.4203575231 0.4001125800 0.1292559246 0.9073052570
0.2169551646 -0.9761319107 -0.0098462897 0.8848391999 0.2009045632 -0.4203533595 0.4122984925 0.0824854492 0.9073070614
0.1035285961 -0.9945776260 -0.0098577691 0.9020477651 0.0980631792 -0.4203491911 0.4190365847 0.0346259830 0.9073088680
-0.0112652603 -0.9998878397 -0.0098692464 0.9073440234 -0.0060736593 -0.4203450178 0.4202379293 -0.0136900978 0.9073106767
-0.1259103090 -0.9919924221 -0.0098807216 0.9006579817 -0.1101307344 -0.4203408396 0.4158867564 -0.0618243958 0.9073124875
-0.2388924202 -0.9709956519 -0.0098921947 0.8820778839 -0.2127338758 -0.4203366565 0.4060406609 -0.1091409274 0.9073143004
-0.3487194269 -0.9371748389 -0.0099036657 0.8518490464 -0.3125281077 -0.4203324686 0.3908298396 -0.1550145257 0.9073161154
-0.4539408322 -0.8909766613 -0.0099151346 0.8103706187 -0.4081955425 -0.4203282758 0.3704553701 -0.1988391011 0.9073179325
-0.5531669664 -0.8330112663 -0.0099266014 0.7581903136 -0.4984727854 -0.4203240781 0.3451865520 -0.2400356482 0.9073197517
-0.6450873403 -0.7640442122 -0.0099380660 0.6959971741 -0.5821676183 -0.4203198756 0.3153573480 -0.2780598965 0.9073215731
-0.7284879530 -0.6849863570 -0.0099495285 0.6246124752 -0.6581747449 -0.4203156682 0.2813619700 -0.3124095004 0.9073233965
-0.8022673252 -0.5968818289 -0.0099609889 0.5449788783 -0.7254903873 -0.4203114560 0.2436496688 -0.3426306761 0.9073252221
-0.8654510467 -0.5008942364 -0.0099724472 0.4581479833 -0.7832255424 -0.4203072389 0.2027187981 -0.3683241964 0.9073270498
-0.9172046456 -0.3982913000 -0.0099839034 0.3652664416 -0.8306177223 -0.4203030169 0.1591102279 -0.3891506646 0.9073288795
-0.9568446090 -0.2904281098 -0.0099953574 0.2675608140 -0.8670410243 -0.4202987901 0.1134001982 -0.4048349975 0.9073307114
-0.9838474103 -0.1787292281 -0.0100068093 0.1663213731 -0.8920143973 -0.4202945584 0.0661927040 -0.4151700591 0.9073325454
-0.9978564234 -0.0646698753 -0.0100182591 0.0628850644 -0.9052079949 -0.4202903219 0.0181115145 -0.4200193962 0.9073343815
-0.9986866327 0.0502435534 -0.0100297067 -0.0413821488 -0.9064475320 -0.4202860805 -0.0302080690 -0.4193190396 0.9073362197
-0.9863270766 0.1644933834 -0.0100411522 -0.1451033249 -0.8957165874 -0.4202818342 -0.0781276075 -0.4130783483 0.9073380600
-0.9609409923 0.2765707048 -0.0100525955 -0.2469087266 -0.8731568209 -0.4202775831 -0.1250139597 -0.4013798842 0.9073399024
-0.9228636595 0.3849953002 -0.0100640367 -0.3454539107 -0.8390661035 -0.4202733271 -0.1702476478 -0.3843783198 0.9073417469
-0.8725979728 0.4883351950 -0.0100754758 -0.4394374819 -0.7938945846 -0.4202690663 -0.2132310421 -0.3622983936 0.9073435935
-0.8108077996 0.5852255687 -0.0100869127 -0.5276182798 -0.7382387474 -0.4202648006 -0.2533962567 -0.3354319387 0.9073454422
-0.7383092122 0.6743867811 -0.0100983474 -0.6088317693 -0.6728335334 -0.4202605301 -0.2902126529 -0.3041340262 0.9073472931
-0.6560597101 0.7546412718 -0.0101097800 -0.6820054199 -0.5985426364 -0.4202562547 -0.3231938489 -0.2688182718 0.9073491460
-0.5651455737 0.8249291131 -0.0101212105 -0.7461728703 -0.5163470980 -0.4202519745 -0.3519041462 -0.2299513706 0.9073510010
-0.4667675183 0.8843220078 -0.0101326387 -0.8004866897 -0.4273323521 -0.4202476894 -0.3759642848 -0.1880469286 0.9073528582
-0.3622248355 0.9320355500 -0.0101440649 -0.8442295702 -0.3326738915 -0.4202433994 -0.3950564535 -0.1436586767 0.9073547174
-0.2528982334 0.9674395845 -0.0101554888 -0.8768237995 -0.2336217446 -0.4202391047 -0.4089284878 -0.0973731529 0.9073565787
-0.1402316019 0.9900665290 -0.0101669106 -0.8978388913 -0.1314839679 -0.4202348050 -0.4173972005 -0.0498019521 0.9073584422
-0.0257129424 0.9996175500 -0.0101783303 -0.9069972706 -0.0276093726 -0.4202305006 -0.4203508007 -0.0015736449 0.9073603077
0.0891452841 0.9959665092 -0.0101897477 -0.9041779400 0.0766302880 -0.4202261913 -0.4177503695 0.0466745283 0.9073621753
0.2028261321 0.9791616294 -0.0102011630 -0.8894180783 0.1798584335 -0.4202218771 -0.4096303727 0.0943050767 0.9073640451
0.3138282064 0.9494248576 -0.0102125761 -0.8629125503 0.2807118352 -0.4202175581 -0.3960982043 0.1406886826 0.9073659169
0.4206854909 0.9071489337 -0.0102239870 -0.8250113343 0.3778586192 -0.4202132343 -0.3773327657 0.1852125159 0.9073677908
0.5219867105 0.8528922035 -0.0102353958 -0.7762149005 0.4700158549 -0.4202089056 -0.3535821011 0.2272883311 0.9073696669
0.6163939703 0.7873712444 -0.0102468024 -0.7171676032 0.5559664977 -0.4202045720 -0.3251601180 0.2663602392 0.9073715450
0.7026604246 0.7114514016 -0.0102582067 -0.6486491714 0.6345754612 -0.4202002337 -0.2924424390 0.3019120519 0.9073734252
0.7796467448 0.6261353595 -0.0102696089 -0.5715644130 0.7048046080 -0.4201958905 -0.2558614373 0.3334741012 0.9073753076
0.8463361663 0.5325498986 -0.0102810089 -0.4869312661 0.7657264588 -0.4201915424 -0.2159005228 0.3606294438 0.9073771920
0.9018479169 0.4319310144 -0.0102924067 -0.3958673570 0.8165364422 -0.4201871896 -0.1730877539 0.3830193694 0.9073790785
0.9454488494 0.3256075934 -0.0103038024 -0.2995752411 0.8565635194 -0.4201828318 -0.1279888594 0.4003481390 0.9073809671
0.9765631244 0.2149838619 -0.0103151958 -0.1993265225 0.8852790472 -0.4201784693 -0.0811997633 0.4123868909 0.9073828578
0.9947798151 0.1015208410 -0.0103265870 -0.0964450620 0.9023037593 -0.4201741019 -0.0333387100 0.4189766637 0.9073847506
0.9998583347 -0.0132829500 -0.0103379760 0.0077105063 0.9074127762 -0.4201697297 0.0149619050 0.4200304952 0.9073866455
0.9917316139 -0.1279112845 -0.0103493628 0.1117647160 0.9005385748 -0.4201653527 0.0630638904 0.4155345697 0.9073885425
0.9705069862 -0.2408502534 -0.0103607474 0.2143434333 0.8817718816 -0.4201609708 0.1103316920 0.4055483993 0.9073904416
0.9364647709 -0.3506082598 -0.0103721298 0.3140920033 0.8513604749 -0.4201565841 0.1561407901 0.3902040362 0.9073923428
0.8900545702 -0.4557357182 -0.0103835100 0.4096931399 0.8097059134 -0.4201521925 0.1998859507 0.3697043263 0.9073942461
0.8318893317 -0.5548441998 -0.0103948880 0.4998843214 0.7573582340 -0.4201477962 0.2409892218 0.3443202279 0.9073961515
0.7627372530 -0.6466247695 -0.0104062637 0.5834744643 0.6950086886 -0.4201433950 0.2789075696 0.3143872298 0.9073980589
0.6835116359 -0.7298652728 -0.0104176372 0.6593596522 0.6234806164 -0.4201389890 0.3131400527 0.2803009180 0.9073999685
0.5952588242 -0.8034663453 -0.0104290085 0.7265377152 0.5437185712 -0.4201345781 0.3432344396 0.2425117470 0.9074018801
0.4991443848 -0.8664559318 -0.0104403776 0.7841214643 0.4567758485 -0.4201301625 0.3687931837 0.2015190873 0.9074037939
0.3964377134 -0.9180021244 -0.0104517445 0.8313504085 0.3638005762 -0.4201257420 0.3894786743 0.1578646264 0.9074057097
0.2884952700 -0.9574241498 -0.0104631091 0.8676007980 0.2660205529 -0.4201213167 0.4050176965 0.1121252109 0.9074076276
0.1767426637 -0.9842013596 -0.0104744715 0.8923938626 0.1647270338 -0.4201168865 0.4152050396 0.0649052235 0.9074095476
0.0626558242 -0.9979801075 -0.0104858317 0.9054021343 0.0612576793 -0.4201124516 0.4199062073 0.0168285975 0.9074114697
-0.0522584903 -0.9985784192 -0.0104971896 0.9064537729 -0.0430211102 -0.4201080118 0.4190591936 -0.0314694276 0.9074133939
-0.1664825937 -0.9859883957 -0.0105085453 0.8955348362 -0.1467322389 -0.4201035672 0.4126752999 -0.0793506999 0.9074153202
-0.2785079158 -0.9603763182 -0.0105198987 0.8727894643 -0.2485061011 -0.4200991178 0.4008389850 -0.1261825865 0.9074172485
-0.3868549263 -0.9220804513 -0.0105312499 0.8385179772 -0.3469986680 -0.4200946636 0.3837067473 -0.1713463325 0.9074191790
-0.4900926754 -0.8716065759 -0.0105425989 0.7931729095 -0.4409092375 -0.4200902045 0.3615050555 -0.2142452361 0.9074211115
-0.5868576919 -0.8096213088 -0.0105539456 0.7373530349 -0.5289976110 -0.4200857407 0.3345273552 -0.2543125320 0.9074230462
-0.6758719912 -0.7369432991 -0.0105652901 0.6717954595 -0.6101004717 -0.4200812720 0.3031301900 -0.2910188797 0.9074249829
-0.7559599535 -0.6545324159 -0.0105766323 0.5973658882 -0.6831467478 -0.4200767985 0.2677284899 -0.3238793564 0.9074269217
-0.8260638505 -0.5634770711 -0.0105879722 0.5150471930 -0.7471717572 -0.4200723202 0.2287900869 -0.3524598637 0.9074288626
-0.8852578147 -0.4649798448 -0.0105993099 0.4259264338 -0.8013299478 -0.4200678371 0.1868295333 -0.3763828618 0.9074308055
-0.9327600676 -0.3603416025 -0.0106106453 0.3311805029 -0.8449060641 -0.4200633492 0.1424013018 -0.3953323569 0.9074327506
-0.9679432445 -0.2509443144 -0.0106219785 0.2320605842 -0.8773245935 -0.4200588565 0.0960924588 -0.4090580750 0.9074346977
-0.9903426804 -0.1382328037 -0.0106333094 0.1298756294 -0.8981573673 -0.4200543589 0.0485149066 -0.4173787675 0.9074366470
-0.9996625466 -0.0236956644 -0.0106446380 0.0259750735 -0.9071292154 -0.4200498566 0.0002972983 -0.4201846046 0.9074385983
-0.9957797578 0.0911543983 -0.0106559644 -0.0782689864 -0.9041216014 -0.4200453495 -0.0479232687 -0.4174386248 0.9074405517
-0.9787455976 0.2048005471 -0.0106672885 -0.1814799105 -0.8891741882 -0.4200408375 -0.0955096709 -0.4091772220 0.9074425072
-0.9487850413 0.3157418451 -0.0106786103 -0.2822946960 -0.8624843151 -0.4200363208 -0.1418331768 -0.3955096629 0.9074444647
-0.9062937843 0.4225130790 -0.0106899298 -0.3793819773 -0.8244043929 -0.4200317992 -0.1862817539 -0.3766166421 0.9074464244
-0.8518330165 0.5237041105 -0.0107012471 -0.4714596075 -0.7754372499 -0.4200272728 -0.2282681549 -0.3527478931 0.9074483861
-0.7861220100 0.6179784999 -0.0107125620 -0.5573115910 -0.7162294932 -0.4200227417 -0.2672376767 -0.3242188869 0.9074503499
-0.7100286202 0.7040911568 -0.0107238747 -0.6358041422 -0.6475629697 -0.4200182057 -0.3026754885 -0.2914066631 0.9074523158
-0.6245578233 0.7809047837 -0.0107351851 -0.7059006581 -0.5703444417 -0.4200136649 -0.3341134333 -0.2547448461 0.9074542837
-0.5308384437 0.8474048970 -0.0107464932 -0.7666754087 -0.4855936134 -0.4200091194 -0.3611362131 -0.2147179152 0.9074562538
-0.4301082457 0.9027132251 -0.0107577991 -0.8173257623 -0.3944296646 -0.4200045690 -0.3833868741 -0.1718548020 0.9074582259
-0.3236975857 0.9460993074 -0.0107691026 -0.8571827857 -0.2980564717 -0.4200000139 -0.4005715229 -0.1267219011 0.9074602001
-0.2130118423 0.9769901422 -0.0107804038 -0.8857200785 -0.1977467099 -0.4199954539 -0.4124632076 -0.0799155853 0.9074621764
-0.0995128553 0.9949777539 -0.0107917027 -0.9025607257 -0.0948250465 -0.4199908892 -0.4189049153 -0.0320543255 0.9074641548
0.0153003810 0.9998245814 -0.0108029994 -0.9074822758 0.0093493527 -0.4199863196 -0.4198116452 0.0162294812 0.9074661352
0.1299115154 0.9914666153 -0.0108142937 -0.9004196792 0.1134007715 -0.4199817453 -0.4151715302 0.0642978678 0.9074681177
0.2428068661 0.9700142434 -0.0108255857 -0.8814661478 0.2159551115 -0.4199771662 -0.4050459925 0.1115157269 0.9074701023
0.3524954124 0.9357507929 -0.0108368754 -0.8508719252 0.3156580383 -0.4199725823 -0.3895689300 0.1572592016 0.9074720890
0.4575284863 0.8891287880 -0.0108481628 -0.8090409823 0.4111928663 -0.4199679936 -0.3689449459 0.2009239287 0.9074740777
0.5565189058 0.8307639736 -0.0108594479 -0.7565256838 0.5012979478 -0.4199634001 -0.3434466441 0.2419330231 0.9074760686
0.6481592950 0.7614271833 -0.0108707306 -0.6940194935 0.5847833337 -0.4199588018 -0.3134110254 0.2797446999 0.9074780615
0.7312393513 0.6820341582 -0.0108820111 -0.6223478182 0.6605464890 -0.4199541987 -0.2792350342 0.3138594317 0.9074800564
0.8046618292 0.5936334533 -0.0108932892 -0.5424571072 0.7275868525 -0.4199495909 -0.2413703118 0.3438265481 0.9074820535
0.8674570326 0.4973925884 -0.0109045650 -0.4554023546 0.7850190512 -0.4199449782 -0.2003172284 0.3692501893 0.9074840526
0.9187956210 0.3945826293 -0.0109158385 -0.3623331673 0.8320845926 -0.4199403608 -0.1566182707 0.3897945349 0.9074860538
0.9579995629 0.2865613997 -0.0109271096 -0.2644785842 0.8681618823 -0.4199357386 -0.1108508730 0.4051882405 0.9074880571
0.9845510905 0.1747555493 -0.0109383784 -0.1631308456 0.8927744333 -0.4199311116 -0.0636197875 0.4152280208 0.9074900624
0.9980995382 0.0606417111 -0.0109496449 -0.0596283284 0.9055971588 -0.4199264798 -0.0155490929 0.4197813346 0.9074920698
0.9984659733 -0.0542730006 -0.0109609091 0.0446621281 0.9064606665 -0.4199218433 0.0327260514 0.4187881345 0.9074940793
0.9856455596 -0.1684708944 -0.0109721709 0.1483632728 0.8953534960 -0.4199172020 0.0805677982 0.4122616584 0.9074960909
0.9598076210 -0.2804437465 -0.0109834303 0.2501056302 0.8724222711 -0.4199125559 0.1273440396 0.4002882535 0.9074981045
0.9212934052 -0.3887127196 -0.0109946875 0.3485455860 0.8379697642 -0.4199079050 0.1724367594 0.3830262339 0.9075001202
0.8706115768 -0.4918478947 -0.0110059422 0.4423831310 0.7924508985 -0.4199032493 0.2152501980 0.3607037868 0.9075021380
0.8084314993 -0.5884871556 -0.0110171947 0.5303790286 0.7364667413 -0.4198985889 0.2552187237 0.3336159568 0.9075041578
0.7355743947 -0.6773541786 -0.0110284448 0.6113711810 0.6707565668 -0.4198939237 0.2918143055 0.3021207455 0.9075061797
0.6530024973 -0.7572752893 -0.0110396925 0.6842899759 0.5961880940 -0.4198892537 0.3245534893 0.2666343803 0.9075082037
0.5618063455 -0.8271949630 -0.0110509379 0.7481724122 0.5137460286 -0.4198845790 0.3530037842 0.2276258140 0.9075102298
0.4631903792 -0.8861897657 -0.0110621809 0.8021748179 0.4245190591 -0.4198798995 0.3767893763 0.1856105269 0.9075122579
0.3584570318 -0.9334805492 -0.0110734215 0.8455839921 0.3296854803 -0.4198752152 0.3955960927 0.1411437154 0.9075142881
0.2489895297 -0.9684427419 -0.0110846598 0.8778266242 0.2304976336 -0.4198705261 0.4091755514 0.0948129553 0.9075163203
0.1362336233 -0.9906145976 -0.0110958958 0.8984768657 0.1282653685 -0.4198658323 0.4173484417 0.0472304380 0.9075183546
0.0216784929 -0.9997032933 -0.0111071293 0.9072619544 0.0243387452 -0.4198611337 0.4200068917 -0.0009751193 0.9075203910
-0.0931629191 -0.9955887969 -0.0111183605 0.9040658177 -0.0799097938 -0.4198564303 0.4171158925 -0.0491667803 0.9075224295
-0.2067738894 -0.9783254524 -0.0111295893 0.8889306059 -0.1831035481 -0.4198517222 0.4087137588 -0.0967078062 0.9075244700
-0.3176539461 -0.9481412620 -0.0111408158 0.8620561361 -0.2838797403 -0.4198470093 0.3949116214 -0.1429700679 0.9075265126
-0.4243386849 -0.9054348748 -0.0111520399 0.8237972549 -0.3809075124 -0.4198422917 0.3758919570 -0.1873423457 0.9075285572
-0.5254191099 -0.8507703219 -0.0111632616 0.7746591523 -0.4729055014 -0.4198375693 0.3519061761 -0.2292384047 0.9075306039
-0.6195602424 -0.7848695669 -0.0111744809 0.7152906914 -0.5586587613 -0.4198328421 0.3232712993 -0.2681047395 0.9075326527
-0.7055187519 -0.7086029712 -0.0111856978 0.6464758401 -0.6370348076 -0.4198281102 0.2903657674 -0.3034278877 0.9075347035
-0.7821593774 -0.6229777986 -0.0111969123 0.5691233187 -0.7069985737 -0.4198233735 0.2536244400 -0.3347412123 0.9075367564
-0.8484699199 -0.5291249124 -0.0112081245 0.4842546001 -0.7676260799 -0.4198186320 0.2135328482 -0.3616310669 0.9075388114
-0.9035746118 -0.4282838399 -0.0112193342 0.3929904207 -0.8181166363 -0.4198138858 0.1706207791 -0.3837422598 0.9075408684
-0.9467456820 -0.3217864019 -0.0112305416 0.2965359805 -0.8578034172 -0.4198091349 0.1254552740 -0.4007827454 0.9075429275
-0.9774129689 -0.2110391230 -0.0112417466 0.1961650279 -0.8861622679 -0.4198043791 0.0786331364 -0.4125274821 0.9075449886
-0.9951714492 -0.0975046556 -0.0112529492 0.0932030387 -0.9028186273 -0.4197996187 0.0307730451 -0.4188214039 0.9075470518
-0.9997865881 0.0173175375 -0.0112641493 -0.0109902876 -0.9075524748 -0.4197948534 -0.0174926197 -0.4195814680 0.9075491171
-0.9911974365 0.1319109870 -0.0112753471 -0.1150389839 -0.9003012374 -0.4197900835 -0.0655261332 -0.4147977501 0.9075511844
-0.9695174354 0.2447622448 -0.0112865425 -0.2175689863 -0.8811606158 -0.4197853087 -0.1126928512 -0.4045335743 0.9075532538
-0.9350329183 0.3543808726 -0.0112977354 -0.3172262800 -0.8503833221 -0.4197805293 -0.1583695960 -0.3889246748 0.9075553253
-0.8881993293 0.4593191260 -0.0113089260 -0.4126947803 -0.8083757432 -0.4197757450 -0.2019528898 -0.3681774005 0.9075573988
-0.8296352079 0.5581910756 -0.0113201141 -0.5027137131 -0.7556925745 -0.4197709561 -0.2428669277 -0.3425659878 0.9075594743
