1979
43654
-0.3415209263 -0.9398732462 0.0013183037 0.8518786626 -0.3101383795 -0.4220390144 0.3970720351 -0.1430121204 0.9065767107
-0.4470995605 -0.8944832460 0.0013059736 0.8106724119 -0.4058236453 -0.4220395828 0.3780373309 -0.1876349952 0.9065764639
-0.5467732991 -0.8372796940 0.0012936431 0.7587606079 -0.4961496297 -0.4220401459 0.3540074848 -0.2297787175 0.9065762195
-0.6392257385 -0.7690180840 0.0012813124 0.6968287935 -0.5799235095 -0.4220407038 0.3252999966 -0.2688864252 0.9065759773
-0.7232358478 -0.6905999552 0.0012689814 0.6256948332 -0.6560389879 -0.4220412564 0.2922941741 -0.3044413708 0.9065757373
-0.7976940948 -0.6030609853 0.0012566501 0.5462981126 -0.7234909038 -0.4220418039 0.2554261210 -0.3359737491 0.9065754997
-0.8616170999 -0.5075573119 0.0012443186 0.4596871333 -0.7813885062 -0.4220423461 0.2151829749 -0.3630669050 0.9065752643
-0.9141606237 -0.4053502636 0.0012319867 0.3670056660 -0.8289672165 -0.4220428830 0.1720964705 -0.3853628391 0.9065750312
-0.9546307172 -0.2977897013 0.0012196546 0.2694776464 -0.8655987258 -0.4220434147 0.1267359139 -0.4025669380 0.9065748003
-0.9824928864 -0.1862961905 0.0012073223 0.1683910122 -0.8907992920 -0.4220439412 0.0797006603 -0.4144518678 0.9065745717
-0.9973791518 -0.0723422396 0.0011949897 0.0650806945 -0.9042361278 -0.4220444625 0.0316121945 -0.4208605772 0.9065743454
-0.9990929082 0.0425671475 0.0011826568 -0.0390890106 -0.9057317955 -0.4220449785 -0.0168940810 -0.4217083739 0.9065741213
-0.9876115216 0.1569143484 0.0011703236 -0.1427424590 -0.8952665499 -0.4220454893 -0.0651772414 -0.4169840427 0.9065738995
-0.9630866276 0.2691891655 0.0011579902 -0.2445108249 -0.8729785992 -0.4220459949 -0.1125993085 -0.4067499950 0.9065736800
-0.9258421291 0.3779087714 0.0011456566 -0.3430501773 -0.8391622798 -0.4220464952 -0.1585336807 -0.3911414434 0.9065734628
-0.8763699184 0.4816372926 0.0011333227 -0.4370592272 -0.7942641688 -0.4220469903 -0.2023734122 -0.3703646156 0.9065732478
-0.8153233809 0.5790047737 0.0011209885 -0.5252965130 -0.7388771873 -0.4220474801 -0.2435392329 -0.3446940298 0.9065730351
-0.7435087653 0.6687252701 0.0011086541 -0.6065967942 -0.6737327695 -0.4220479648 -0.2814872026 -0.3144688672 0.9065728246
-0.6618745358 0.7496138318 0.0010963195 -0.6798864393 -0.5996912042 -0.4220484442 -0.3157158983 -0.2800884908 0.9065726164
-0.5714988456 0.8206021536 0.0010839846 -0.7441976045 -0.5177302734 -0.4220489183 -0.3457730397 -0.2420071683 0.9065724105
-0.4735752973 0.8807526834 0.0010716495 -0.7986810141 -0.4289323402 -0.4220493873 -0.3712614653 -0.2007280701 0.9065722069
-0.3693971790 0.9292710057 0.0010593141 -0.8426171761 -0.3344700551 -0.4220498509 -0.3918443806 -0.1567966206 0.9065720055
-0.2603403840 0.9655163325 0.0010469785 -0.8754258839 -0.2355908704 -0.4220503094 -0.4072498083 -0.1107932917 0.9065718064
-0.1478452385 0.9890099671 0.0010346427 -0.8966738774 -0.1336005662 -0.4220507626 -0.4172741820 -0.0633259328 0.9065716096
-0.0333974800 0.9994416257 0.0010223067 -0.9060805657 -0.0298460070 -0.4220512106 -0.4217850363 -0.0150217390 0.9065714150
0.0814913661 0.9966735359 0.0010099704 -0.9035217312 0.0743026450 -0.4220516534 -0.4207227572 0.0334810356 0.9065712227
0.1953039486 0.9807422558 0.0009976339 -0.8890311711 0.1774700239 -0.4220520909 -0.4141013698 0.0815415123 0.9065710327
0.3065371306 0.9518581915 0.0009852972 -0.8628002500 0.2782937232 -0.4220525232 -0.4020083535 0.1285246548 0.9065708449
0.4137218416 0.9104028181 0.0009729602 -0.8251753732 0.3754422867 -0.4220529502 -0.3846034857 0.1738096610 0.9065706594
0.5154424799 0.8569236414 0.0009606231 -0.7766534123 0.4676327921 -0.4220533721 -0.3621167313 0.2167981655 0.9065704762
0.6103556082 0.7921269673 0.0009482858 -0.7178751430 0.5536477929 -0.4220537886 -0.3348452039 0.2569221461 0.9065702953
0.6972076970 0.7168685732 0.0009359482 -0.6496167835 0.6323513951 -0.4220542000 -0.3031492403 0.2936514291 0.9065701166
0.7748516799 0.6321424058 0.0009236104 -0.5727797435 0.7027042585 -0.4220546061 -0.2674476391 0.3265006952 0.9065699402
0.8422621028 0.5390674537 0.0009112725 -0.4883787210 0.7637773209 -0.4220550070 -0.2282121272 0.3550358916 0.9065697660
0.8985486680 0.4388729693 0.0008989343 -0.3975283015 0.8147640681 -0.4220554026 -0.1859611271 0.3788799680 0.9065695941
0.9429679914 0.3328822333 0.0008865959 -0.3014282396 0.8549911835 -0.4220557930 -0.1412529066 0.3977178584 0.9065694245
0.9749334212 0.2224950782 0.0008742573 -0.2013476152 0.8839274406 -0.4220561782 -0.0946782024 0.4113006442 0.9065692572
0.9940227860 0.1091694008 0.0008619186 -0.0986080739 0.9011907176 -0.4220565582 -0.0468524146 0.4194488436 0.9065690921
0.9999839697 -0.0055980927 0.0008495796 0.0054336260 0.9065530438 -0.4220569329 0.0015925248 0.4220547834 0.9065689293
0.9927382419 -0.1202916539 0.0008372405 0.1094035307 0.8999436099 -0.4220573023 0.0500165017 0.4190840214 0.9065687688
0.9723812978 -0.2333965108 0.0008249012 0.2119286350 0.8814497035 -0.4220576666 0.0977796778 0.4105758017 0.9065686106
0.9391819936 -0.3434188736 0.0008125617 0.3116550140 0.8513155557 -0.4220580256 0.1442509453 0.3966425368 0.9065684546
0.8935787963 -0.4489056631 0.0008002220 0.4072657027 0.8099391161 -0.4220583793 0.1888162656 0.3774683215 0.9065683008
0.8361739929 -0.5484637024 0.0007878821 0.4974980876 0.7578667977 -0.4220587278 0.2308867828 0.3533065016 0.9065681494
0.7677257354 -0.6407781159 0.0007755421 0.5811605801 0.6957862607 -0.4220590711 0.2699066049 0.3244763253 0.9065680002
0.6891380281 -0.7246296956 0.0007632019 0.6571483531 0.6245173313 -0.4220594092 0.3053601484 0.2913587259 0.9065678533
0.6014487885 -0.7989110032 0.0007508615 0.7244579302 0.5450011757 -0.4220597420 0.3367789515 0.2543912881 0.9065677087
0.5058161390 -0.8626409961 0.0007385210 0.7822004380 0.4582878707 -0.4220600696 0.3637478636 0.2140624663 0.9065675663
0.4035031117 -0.9149779842 0.0007261803 0.8296133441 0.3655225368 -0.4220603919 0.3859105314 0.1709051303 0.9065674262
0.2958609672 -0.9552307462 0.0007138394 0.8660705267 0.2679302159 -0.4220607091 0.4029741069 0.1254895248 0.9065672884
0.1843113485 -0.9828676588 0.0007014984 0.8910905435 0.1667996939 -0.4220610209 0.4147131178 0.0784157345 0.9065671528
0.0703275052 -0.9975237176 0.0006891572 0.9043429889 0.0634664806 -0.4220613276 0.4209724461 0.0303057547 0.9065670195
-0.0445851641 -0.9990053579 0.0006768158 0.9056528576 -0.0407048260 -0.4220616290 0.4216693784 -0.0182047268 0.9065668885
-0.1589089936 -0.9872930113 0.0006644744 0.8950028554 -0.1443385608 -0.4220619251 0.4167946983 -0.0664747293 0.9065667597
-0.2711340942 -0.9625413641 0.0006521327 0.8725336278 -0.2460661581 -0.4220622161 0.4064128090 -0.1138664489 0.9065666332
-0.3797782953 -0.9250773141 0.0006397909 0.8385419023 -0.3445442247 -0.4220625018 0.3906608818 -0.1597536859 0.9065665090
-0.4834067194 -0.8753956534 0.0006274490 0.7934765700 -0.4384722805 -0.4220627822 0.3697470440 -0.2035301188 0.9065663871
-0.5806507329 -0.8141525336 0.0006151070 0.7379327577 -0.5266099322 -0.4220630574 0.3439476290 -0.2446173161 0.9065662674
-0.6702260222 -0.7421568001 0.0006027648 0.6726439685 -0.6077932537 -0.4220633274 0.3136035248 -0.2824723790 0.9065661500
-0.7509495551 -0.6603593091 0.0005904224 0.5984723956 -0.6809501567 -0.4220635922 0.2791156704 -0.3165951152 0.9065660349
-0.8217552058 -0.5698403702 0.0005780800 0.5163975359 -0.7451145483 -0.4220638517 0.2409397573 -0.3465346482 0.9065659220
-0.8817078354 -0.4717954780 0.0005657374 0.4275032552 -0.7994390892 -0.4220641059 0.1995802091 -0.3718953747 0.9065658114
-0.9300156417 -0.3675195233 0.0005533946 0.3329634750 -0.8432063831 -0.4220643550 0.1555835164 -0.3923421917 0.9065657031
-0.9660406174 -0.2583896916 0.0005410518 0.2340266697 -0.8758384510 -0.4220645988 0.1095310155 -0.4076049250 0.9065655970
-0.9893069762 -0.1458472740 0.0005287088 0.1319993795 -0.8969043633 -0.4220648373 0.0620312072 -0.4174818987 0.9065654933
-0.9995074361 -0.0313786319 0.0005163657 0.0282289567 -0.9061259306 -0.4220650707 0.0137117169 -0.4218426002 0.9065653917
-0.9965072783 0.0835044330 0.0005040225 -0.0759142275 -0.9033813778 -0.4220652987 -0.0347889989 -0.4206294046 0.9065652925
-0.9803461259 0.1972846461 0.0004916792 -0.1790548793 -0.8887069515 -0.4220655216 -0.0828300883 -0.4138583365 0.9065651955
-0.9512374213 0.3084592979 0.0004793358 -0.2798309448 -0.8622964421 -0.4220657392 -0.1297767721 -0.4016188584 0.9065651008
-0.9095656065 0.4155600911 0.0004669922 -0.3769115965 -0.8244986240 -0.4220659516 -0.1750087308 -0.3840726880 0.9065650084
-0.8558810462 0.5171725322 0.0004546486 -0.4690148079 -0.7758126499 -0.4220661587 -0.2179283019 -0.3614516624 0.9065649182
-0.7908927588 0.6119546131 0.0004423049 -0.5549242840 -0.7168814590 -0.4220663606 -0.2579683762 -0.3340546740 0.9065648303
-0.7154590526 0.6986545350 0.0004299610 -0.6335055232 -0.6484832869 -0.4220665573 -0.2945998918 -0.3022437219 0.9065647447
-0.6305761896 0.7761272413 0.0004176171 -0.7037207992 -0.5715213875 -0.4220667487 -0.3273388242 -0.2664391280 0.9065646614
-0.5373652284 0.8433495403 0.0004052730 -0.7646428652 -0.4870121058 -0.4220669349 -0.3557525826 -0.2271139840 0.9065645803
-0.4370572174 0.8994336186 0.0003929289 -0.8154671986 -0.3960714554 -0.4220671158 -0.3794657254 -0.1847878998 0.9065645015
-0.3309769369 0.9436387669 0.0003805847 -0.8555226256 -0.2999003810 -0.4220672916 -0.3981649211 -0.1400201381 0.9065644249
-0.2205254023 0.9753811621 0.0003682404 -0.8842801843 -0.1997688992 -0.4220674620 -0.4116030886 -0.0934022245 0.9065643507
-0.1071613604 0.9942415784 0.0003558960 -0.9013601104 -0.0969993265 -0.4220676273 -0.4196026622 -0.0455501316 0.9065642787
0.0076179757 0.9999709238 0.0003435515 -0.9065368519 0.0070511828 -0.4220677873 -0.4220579376 0.0029038601 0.9065642089
0.1222967013 0.9924935300 0.0003312069 -0.8997420476 0.1110085587 -0.4220679420 -0.4189364685 0.0513195162 0.9065641415
0.2353602402 0.9719081519 0.0003188623 -0.8810654304 0.2134999614 -0.4220680915 -0.4102794959 0.0990571089 0.9065640763
0.3453153483 0.9384866628 0.0003065176 -0.8507536416 0.3131719107 -0.4220682358 -0.3962014028 0.1454858689 0.9065640134
0.4507098349 0.8926704645 0.0002941728 -0.8092069742 0.4087081597 -0.4220683749 -0.3768882031 0.1899923209 0.9065639527
0.5501517419 0.8350646570 0.0002818280 -0.7569740867 0.4988470768 -0.4220685087 -0.3525950835 0.2319883888 0.9065638944
0.6423277278 0.7664300474 0.0002694830 -0.6947447574 0.5823983066 -0.4220686373 -0.3236430321 0.2709191668 0.9065638382
0.7260204128 0.6876731011 0.0002571381 -0.6233407753 0.6582584897 -0.4220687606 -0.2904145968 0.3062702512 0.9065637844
0.8001244574 0.5998339710 0.0002447930 -0.5437050880 0.7254258328 -0.4220688787 -0.2533488308 0.3375745373 0.9065637328
0.8636611600 0.5040727592 0.0002324479 -0.4568893491 0.7830133390 -0.4220689916 -0.2129354910 0.3644183919 0.9065636836
0.9157913837 0.4016541958 0.0002201028 -0.3640400303 0.8302605205 -0.4220690992 -0.1697085673 0.3864471181 0.9065636365
0.9558266381 0.2939309354 0.0002077576 -0.2663832815 0.8665434418 -0.4220692016 -0.1242392262 0.4033696428 0.9065635918
0.9832381724 0.1823256924 0.0001954123 -0.1652087381 0.8913829592 -0.4220692987 -0.0771282643 0.4149623621 0.9065635493
0.9976639592 0.0683124509 0.0001830670 -0.0618524908 0.9044510484 -0.4220693906 -0.0289981697 0.4210720962 0.9065635091
0.9989134753 -0.0466030020 0.0001707217 0.0423205586 0.9055751358 -0.4220694773 0.0195151034 0.4216181134 0.9065634711
0.9869702180 -0.1609029638 0.0001583763 0.1459347222 0.8947403783 -0.4220695587 0.0677705373 0.4165931970 0.9065634355
0.9619919233 -0.2730778609 0.0001460308 0.2476216924 0.8720898582 -0.4220696349 0.1151305210 0.4060637403 0.9065634021
0.9243084828 -0.3816461853 0.0001336854 0.3460386122 0.8379226947 -0.4220697059 0.1609692752 0.3901688698 0.9065633709
0.8744175861 -0.4851740620 0.0001213399 0.4398858079 0.7926900932 -0.4220697716 0.2046811206 0.3691186065 0.9065633421
0.8129781485 -0.5822941853 0.0001089943 0.5279239531 0.7369893870 -0.4220698321 0.2456884813 0.3431910913 0.9065633155
0.7408016081 -0.6717238779 0.0000966488 0.6089904344 0.6715561489 -0.4220698873 0.2834495163 0.3127289094 0.9065632912
0.6588412094 -0.7522820306 0.0000843032 0.6820147046 0.5972544773 -0.4220699373 0.3174652790 0.2781345640 0.9065632691
0.5681794136 -0.8229047021 0.0000719576 0.7460324208 0.5150655855 -0.4220699821 0.3472863100 0.2398651576 0.9065632493
0.4700136021 -0.8826591699 0.0000596119 0.8001981783 0.4260748436 -0.4220700216 0.3725185758 0.1984263526 0.9065632318
0.3656402629 -0.9307562495 0.0000472663 0.8437966757 0.3314574453 -0.4220700559 0.3928286755 0.1543656893 0.9065632166
0.2564378676 -0.9665607166 0.0000349206 0.8762521604 0.2324628890 -0.4220700849 0.4079482460 0.1082653518 0.9065632036
0.1438486657 -0.9895996973 0.0000225749 0.8971360324 0.1303984766 -0.4220701087 0.4176775081 0.0607344748 0.9065631929
0.0293596366 -0.9995689129 0.0000102292 0.9061725037 0.0266120501 -0.4220701273 0.4218879061 0.0124010950 0.9065631845
-0.0855171488 -0.9963366987 -0.0000021165 0.9032422407 -0.0775258082 -0.4220701406 0.4205238065 -0.0360961467 0.9065631784
-0.1992644986 -0.9799457431 -0.0000144622 0.8883839402 -0.1806398748 -0.4220701487 0.4136032331 -0.0841164445 0.9065631745
-0.3103801377 -0.9506125233 -0.0000268079 0.8617938178 -0.2813684466 -0.4220701516 0.4012176289 -0.1310252946 0.9065631729
-0.4173965480 -0.9087244468 -0.0000391536 0.8238230173 -0.3783813225 -0.4220701492 0.3835306479 -0.1762028789 0.9065631735
-0.5189003505 -0.8548347347 -0.0000514993 0.7749729735 -0.4703973703 -0.4220701416 0.3607759924 -0.2190522550 0.9065631765
-0.6135509721 -0.7896551150 -0.0000638450 0.7158887898 -0.5562014447 -0.4220701287 0.3332543254 -0.2590072437 0.9065631817
-0.7000983502 -0.7140464230 -0.0000761907 0.6473507198 -0.6346604346 -0.4220701107 0.3013292976 -0.2955399102 0.9065631891
-0.7773994431 -0.6290072321 -0.0000885364 0.5702638632 -0.7047382263 -0.4220700873 0.2654227424 -0.3281675399 0.9065631989
-0.8444333256 -0.5356606654 -0.0001008821 0.4856462131 -0.7655093867 -0.4220700587 0.2260091024 -0.3564590163 0.9065632109
-0.9003146729 -0.4352395626 -0.0001132277 0.3946152127 -0.8161713839 -0.4220700249 0.1836091598 -0.3800405178 0.9065632252
-0.9443054534 -0.3290701976 -0.0001255733 0.2983729986 -0.8560551855 -0.4220699859 0.1387831559 -0.3986004571 0.9065632417
-0.9758246753 -0.2185547622 -0.0001379190 0.1981905258 -0.8846340938 -0.4220699416 0.0921233879 -0.4118935979 0.9065632605
-0.9944560604 -0.1051528476 -0.0001502646 0.0953907832 -0.9015307009 -0.4220698921 0.0442463829 -0.4197442960 0.9065632816
-0.9999535418 0.0096378333 -0.0001626101 -0.0086686766 -0.9065218731 -0.4220698373 -0.0042152484 -0.4220488191 0.9065633050
-0.9922445136 0.1243012256 -0.0001749557 -0.1126136657 -0.8995416974 -0.4220697773 -0.0526211705 -0.4187767185 0.9065633306
-0.9714307899 0.2373229558 -0.0001873012 -0.2150715078 -0.8806823517 -0.4220697121 -0.1003317845 -0.4099712307 0.9065633585
-0.9377872603 0.3472103320 -0.0001996466 -0.3146891653 -0.8501928880 -0.4220696416 -0.1467166785 -0.3957487062 0.9065633887
-0.8917582589 0.4525120580 -0.0002119921 -0.4101511075 -0.8084759431 -0.4220695659 -0.1911629584 -0.3762970724 0.9065634212
-0.8339516967 0.5518374011 -0.0002243375 -0.5001966830 -0.7560824216 -0.4220694849 -0.2330833453 -0.3518733502 0.9065634559
-0.7651310321 0.6438745590 -0.0002366828 -0.5836367679 -0.6937042207 -0.4220693987 -0.2719239359 -0.3228002579 0.9065634929
-0.6862051881 0.7274079858 -0.0002490281 -0.6593694688 -0.6221650934 -0.4220693073 -0.3071715213 -0.2894619469 0.9065635321
-0.5982165482 0.8013344453 -0.0002613734 -0.7263946742 -0.5424097701 -0.4220692107 -0.3383603683 -0.2522989260 0.9065635737
-0.5023271892 0.8646775816 -0.0002737186 -0.7838272621 -0.4554914825 -0.4220691087 -0.3650783727 -0.2118022409 0.9065636175
-0.3998035338 0.9166008142 -0.0002860638 -0.8309087883 -0.3625580551 -0.4220690016 -0.3869725052 -0.1685069855 0.9065636635
-0.2919996247 0.9564183866 -0.0002984089 -0.8670175027 -0.2648367472 -0.4220688892 -0.4037534757 -0.1229852315 0.9065637119
-0.1803392414 0.9836044233 -0.0003107539 -0.8916765597 -0.1636180461 -0.4220687716 -0.4151995556 -0.0758384701 0.9065637625
-0.0662970963 0.9977998750 -0.0003230989 -0.9045603152 -0.0602386248 -0.4220686488 -0.4211595080 -0.0276896634 0.9065638154
0.0486206417 0.9988172609 -0.0003354438 -0.9054986276 0.0439363093 -0.4220685207 -0.4215545856 0.0208249862 0.9065638705
0.1628962400 0.9866431442 -0.0003477887 -0.8944791041 0.1475310431 -0.4220683873 -0.4163795711 0.0690644430 0.9065639280
0.2750204466 0.9614383102 -0.0003601335 -0.8716472648 0.2491775256 -0.4220682488 -0.4057028467 0.1163913076 0.9065639876
0.3835124233 0.9235356422 -0.0003724782 -0.8373046204 0.3475334336 -0.4220681049 -0.3896654897 0.1621802394 0.9065640496
0.4869393032 0.8734357257 -0.0003848228 -0.7919046913 0.4412998986 -0.4220679559 -0.3684794091 0.2058262194 0.9065641138
0.5839351148 0.8118002365 -0.0003971674 -0.7360470181 0.5292386589 -0.4220678016 -0.3424245448 0.2467525441 0.9065641804
0.6732188225 0.7394432022 -0.0004095119 -0.6704692441 0.6101884120 -0.4220676421 -0.3118451694 0.2844184462 0.9065642491
0.7536112454 0.6573202513 -0.0004218563 -0.5960373747 0.6830801509 -0.4220674773 -0.2771453386 0.3183262394 0.9065643202
0.8240506310 0.5665159918 -0.0004342006 -0.5137343404 0.7469512806 -0.4220673073 -0.2387835525 0.3480278947 0.9065643935
0.8836066778 0.4682296868 -0.0004465449 -0.4246470171 0.8009583303 -0.4220671321 -0.1972666972 0.3731309603 0.9065644691
0.9314928217 0.3637594158 -0.0004588890 -0.3299518727 0.8443880921 -0.4220669516 -0.1531433473 0.3933037470 0.9065645469
0.9670766247 0.2544849306 -0.0004712331 -0.2308994311 0.8766670393 -0.4220667659 -0.1069965171 0.4082797108 0.9065646271
0.9898881273 0.1418494328 -0.0004835770 -0.1287977578 0.8973689007 -0.4220665750 -0.0594359573 0.4178609751 0.9065647095
0.9996260553 0.0273405135 -0.0004959209 -0.0249951864 0.9062202892 -0.4220663788 -0.0110900980 0.4219209449 0.9065647941
0.9961617988 -0.0875294939 -0.0005082646 0.0791374877 0.9031043129 -0.4220661774 0.0374022549 0.4204059797 0.9065648811
0.9795411109 -0.2012434870 -0.0005206083 0.1822251096 0.8880621182 -0.4220659707 0.0854003602 0.4133361019 0.9065649703
0.9499835032 -0.3122996312 -0.0005329519 0.2829063249 0.8612923468 -0.4220657588 0.1322700082 0.4008047327 0.9065650618
0.9078793468 -0.4192311943 -0.0005452953 0.3798515571 0.8231485122 -0.4220655417 0.1773919001 0.3829774570 0.9065651555
0.8537847168 -0.5206259180 -0.0005576386 0.4717805663 0.7741343317 -0.4220653193 0.2201698315 0.3600898360 0.9065652515
0.7884140476 -0.6151446697 -0.0005699819 0.5574793554 0.7148970742 -0.4220650917 0.2600385698 0.3324442942 0.9065653498
0.7126306981 -0.7015391287 -0.0005823250 0.6358162021 0.6462190124 -0.4220648589 0.2964713228 0.3004061234 0.9065654504
0.6274355483 -0.7786682728 -0.0005946679 0.7057566041 0.5690070928 -0.4220646208 0.3289866995 0.2643986559 0.9065655532
0.5339537813 -0.8455134481 -0.0006070108 0.7663769404 0.4842809582 -0.4220643775 0.3571550709 0.2248976712 0.9065656583
0.4334200224 -0.9011918223 -0.0006193536 0.8168766688 0.3931594831 -0.4220641289 0.3806042462 0.1824251087 0.9065657657
0.3271620335 -0.9449680443 -0.0006316962 0.8565888974 0.2968459974 -0.4220638751 0.3990243911 0.1375421717 0.9065658753
0.2165831770 -0.9762639564 -0.0006440387 0.8849891918 0.1966123965 -0.4220636161 0.4121721217 0.0908419116 0.9065659872
0.1031438816 -0.9946662299 -0.0006563810 0.9017025003 0.0937823438 -0.4220633518 0.4198737199 0.0429413920 0.9065661014
-0.0116576459 -0.9999318237 -0.0006687232 0.9065081072 -0.0102862084 -0.4220630823 0.4220274290 -0.0055264650 0.9065662179
-0.1263052075 -0.9919911949 -0.0006810653 0.8993425474 -0.1142189520 -0.4220628076 0.4186047982 -0.0539212415 0.9065663366
-0.2392846387 -0.9709492164 -0.0006934073 0.8803004442 -0.2166433723 -0.4220625276 0.4096510583 -0.1016034861 0.9065664576
-0.3491038064 -0.9370837926 -0.0007057491 0.8496332605 -0.3162068724 -0.4220622424 0.3952845241 -0.1479431632 0.9065665808
-0.4543123152 -0.8908421884 -0.0007180907 0.8077459775 -0.4115946362 -0.4220619519 0.3756950306 -0.1923279774 0.9065667064
-0.5535206635 -0.8328351226 -0.0007304322 0.7551917469 -0.5015469906 -0.4220616562 0.3511414252 -0.2341714644 0.9065668342
-0.6454185946 -0.7638287021 -0.0007427736 0.6926645859 -0.5848760414 -0.4220613553 0.3219481467 -0.2729207397 0.9065669642
-0.7287924011 -0.6847343031 -0.0007551148 0.6209902126 -0.6604813598 -0.4220610491 0.2885009391 -0.3080638043 0.9065670966
-0.8025409553 -0.5965965355 -0.0007674558 0.5411151414 -0.7273645148 -0.4220607378 0.2512417538 -0.3391363096 0.9065672312
-0.8656902509 -0.5005794457 -0.0007797967 0.4540941839 -0.7846422580 -0.4220604211 0.2106629102 -0.3657276930 0.9065673681
-0.9174062677 -0.3979511435 -0.0007921374 0.3610765188 -0.8315581881 -0.4220600993 0.1673005907 -0.3874866026 0.9065675072
-0.9570059860 -0.2900670536 -0.0008044780 0.2632905168 -0.8674927392 -0.4220597721 0.1217277557 -0.4041255398 0.9065676486
-0.9839664078 -0.1783520146 -0.0008168184 0.1620275186 -0.8919713630 -0.4220594398 0.0745465727 -0.4154246579 0.9065677923
-0.9979314637 -0.0642814608 -0.0008291586 0.0586247818 -0.9046707960 -0.4220591022 0.0263804600 -0.4212346669 0.9065679383
-0.9987167158 0.0506380637 -0.0008414987 -0.0455521787 -0.9054233279 -0.4220587594 -0.0221341509 -0.4214788060 0.9065680865
-0.9863117933 0.1648888028 -0.0008538386 -0.1491276230 -0.8942190165 -0.4220584114 -0.0703562249 -0.4161538577 0.9065682370
-0.9608805300 0.2769618327 -0.0008661783 -0.2507337545 -0.8712058195 -0.4220580581 -0.1176485928 -0.4053301904 0.9065683898
-0.9227587999 0.3853769912 -0.0008785178 -0.3490287822 -0.8366876403 -0.4220576996 -0.1633863714 -0.3891508283 0.9065685448
-0.8724500817 0.4887024261 -0.0008908572 -0.4427146405 -0.7911203147 -0.4220573358 -0.2069652192 -0.3678295616 0.9065687021
-0.8106188092 0.5855735056 -0.0009031963 -0.5305541311 -0.7351055916 -0.4220569668 -0.2478093223 -0.3416481213 0.9065688617
-0.7380815957 0.6747108417 -0.0009155353 -0.6113872610 -0.6693831860 -0.4220565926 -0.2853790028 -0.3109524567 0.9065690235
-0.6557964495 0.7549371867 -0.0009278741 -0.6841465614 -0.5948210113 -0.4220562131 -0.3191778492 -0.2761481642 0.9065691877
-0.5648501208 0.8251929817 -0.0009402127 -0.7478711844 -0.5124037171 -0.4220558284 -0.3487592760 -0.2376951277 0.9065693540
-0.4664437493 0.8845503498 -0.0009525511 -0.8017195918 -0.4232196864 -0.4220554385 -0.3737324242 -0.1961014423 0.9065695227
-0.3618770002 0.9322253514 -0.0009648893 -0.8449806684 -0.3284466630 -0.4220550433 -0.3937673257 -0.1519167002 0.9065696936
-0.2525308995 0.9675883370 -0.0009772273 -0.8770831127 -0.2293361983 -0.4220546429 -0.4085992637 -0.1057247291 0.9065698668
-0.1398495948 0.9901722636 -0.0009895651 -0.8976029816 -0.1271971232 -0.4220542373 -0.4180322693 -0.0581358775 0.9065700423
-0.0253212822 0.9996788629 -0.0010019027 -0.9062692891 -0.0233782649 -0.4220538264 -0.4219417120 -0.0097789504 0.9065702200
0.0895414490 0.9959825803 -0.0010142401 -0.9029675845 0.0807493665 -0.4220534103 -0.4202759454 0.0387070998 0.9065704000
0.2032215923 0.9791322334 -0.0010265772 -0.8877414644 0.1838106823 -0.4220529890 -0.4130569899 0.0866816156 0.9065705823
0.3142177602 0.9493503673 -0.0010389142 -0.8607919966 0.2844446751 -0.4220525624 -0.4003802415 0.1335106999 0.9065707668
0.4210640126 0.9070303149 -0.0010512509 -0.8224750653 0.3813223912 -0.4220521306 -0.3824132114 0.1785755913 0.9065709536
0.5223492181 0.8527310028 -0.0010635875 -0.7732966711 0.4731644813 -0.4220516936 -0.3593933121 0.2212808408 0.9065711427
0.6167356906 0.7871695690 -0.0010759238 -0.7139062492 0.5587580949 -0.4220512513 -0.3316247204 0.2610621786 0.9065713340
0.7029768566 0.7112118917 -0.0010882598 -0.6450880930 0.6369728968 -0.4220508038 -0.2994743585 0.2973939708 0.9065715276
0.7799337185 0.6258611535 -0.0011005957 -0.5677509969 0.7067759947 -0.4220503510 -0.2633670449 0.3297961639 0.9065717235
0.8465898978 0.5322445926 -0.0011129313 -0.4829162552 0.7672455789 -0.4220498930 -0.2237798817 0.3578406284 0.9065719217
0.9020650585 0.4315986145 -0.0011252667 -0.3917041749 0.8175830956 -0.4220494298 -0.1812359501 0.3811568153 0.9065721221
0.9456265336 0.3252524633 -0.0011376019 -0.2953192816 0.8571237927 -0.4220489614 -0.1362973987 0.3994366521 0.9065723248
0.9766990016 0.2146106658 -0.0011499368 -0.1950344125 0.8853454986 -0.4220484877 -0.0895580156 0.4124386138 0.9065725297
0.9948720851 0.1011344820 -0.0011622715 -0.0921739076 0.9018755175 -0.4220480088 -0.0416353826 0.4199909136 0.9065727370
0.9999057702 -0.0136773940 -0.0011746059 0.0119038790 0.9064955514 -0.4220475246 0.0068372853 0.4219937728 0.9065729465
0.9917335767 -0.1283086276 -0.0011869401 0.1158245174 0.8991445830 -0.4220470352 0.0552195066 0.4184207391 0.9065731582
0.9704634364 -0.2412452701 -0.0011992740 0.2182156524 0.8799196819 -0.4220465406 0.1028719965 0.4093190358 0.9065733723
0.9363762669 -0.3509957533 -0.0012116077 0.3177251261 0.8490747221 -0.4220460408 0.1491651135 0.3948089379 0.9065735886
0.8899222620 -0.4561105892 -0.0012239412 0.4130388348 0.8070170300 -0.4220455357 0.1934871793 0.3750821826 0.9065738071
0.8317149459 -0.5552015133 -0.0012362743 0.5028980824 0.7543020053 -0.4220450254 0.2352525610 0.3503994355 0.9065740280
0.7625230702 -0.6469598198 -0.0012486073 0.5861162028 0.6916257865 -0.4220445098 0.2739094090 0.3210868464 0.9065742511
0.6832604607 -0.7301736457 -0.0012609399 0.6615942303 0.6198160580 -0.4220439891 0.3089469489 0.2875317398 0.9065744764
0.5949739489 -0.8037439760 -0.0012732723 0.7283354131 0.5398211198 -0.4220434630 0.3399022303 0.2501774965 0.9065747041
0.4988295459 -0.8666991585 -0.0012856045 0.7854583755 0.4526973647 -0.4220429318 0.3663662436 0.2095176952 0.9065749340
0.3960970429 -0.9182077368 -0.0012979363 0.8322087579 0.3595953279 -0.4220423953 0.3879893245 0.1660895908 0.9065751662
0.2881332408 -0.9575894312 -0.0013102679 0.8679691781 0.2617444930 -0.4220418536 0.4044857739 0.1204670149 0.9065754006
0.1763640312 -0.9843241230 -0.0013225992 0.8922673851 0.1604370560 -0.4220413067 0.4156376330 0.0732527940 0.9065756373
0.0622655639 -0.9980587245 -0.0013349303 0.9047824950 0.0570108610 -0.4220407545 0.4212975626 0.0250707840 0.9065758763
-0.0526552486 -0.9986118413 -0.0013472610 0.9053492291 -0.0471682675 -0.4220401971 0.4213907904 -0.0234423733 0.9065761176
-0.1668806330 -0.9859761690 -0.0013595915 0.8939600962 -0.1507245610 -0.4220396344 0.4159160981 -0.0716456619 0.9065763611
-0.2789020005 -0.9603185888 -0.0013719217 0.8707654922 -0.2522904753 -0.4220390666 0.4049458380 -0.1189021620 0.9065766069
-0.3872398713 -0.9219779639 -0.0013842516 0.8360717133 -0.3505247498 -0.4220384935 0.3886249765 -0.1645874655 0.9065768549
-0.4904634138 -0.8714606642 -0.0013965812 0.7903369120 -0.4441301203 -0.4220379151 0.3671691781 -0.2080979263 0.9065771052
-0.5872093422 -0.8094338783 -0.0014089106 0.7341650463 -0.5318704500 -0.4220373316 0.3408619562 -0.2488586368 0.9065773578
-0.6761999214 -0.7367168020 -0.0014212396 0.6682979046 -0.6125870538 -0.4220367428 0.3100509265 -0.2863310237 0.9065776127
-0.7562598421 -0.6542698190 -0.0014335683 0.5936053093 -0.6852140001 -0.4220361488 0.2751432136 -0.3200199650 0.9065778698
-0.8263317435 -0.5631818171 -0.0014458967 0.5110736306 -0.7487921868 -0.4220355495 0.2366000715 -0.3494803311 0.9065781292
-0.8854901775 -0.4646558071 -0.0014582249 0.4217927608 -0.8024820073 -0.4220349450 0.1949307888 -0.3743228671 0.9065783909
-0.9329538320 -0.3599930344 -0.0014705527 0.3269417212 -0.8455744384 -0.4220343353 0.1506859592 -0.3942193354 0.9065786548
-0.9680958490 -0.2505757933 -0.0014828802 0.2277730922 -0.8775004031 -0.4220337203 0.1044502063 -0.4089068530 0.9065789210
-0.9904521040 -0.1378491710 -0.0014952074 0.1255964726 -0.8978382864 -0.4220331002 0.0568344585 -0.4181913648 0.9065791894
-0.9997273358 -0.0233019620 -0.0015075343 0.0217611845 -0.9063195028 -0.4220324747 0.0084678769 -0.4219502073 0.9065794602
-0.9957990456 0.0915529947 -0.0015198609 -0.0823615447 -0.9028320434 -0.4220318441 -0.0400104583 -0.4201337295 0.9065797332
-0.9787191154 0.2051987954 -0.0015321871 -0.1853966910 -0.8874219550 -0.4220312082 -0.0879599920 -0.4127659484 0.9065800084
-0.9487131224 0.3161345061 -0.0015445130 -0.2859835919 -0.8602927325 -0.4220305671 -0.1347471582 -0.3999442317 0.9065802860
-0.9061773599 0.4228949854 -0.0015568386 -0.3827939149 -0.8218026312 -0.4220299208 -0.1797537513 -0.3818380111 0.9065805658
-0.8516736035 0.5240702346 -0.0015691639 -0.4745491996 -0.7724599362 -0.4220292692 -0.2223850944 -0.3586865430 0.9065808478
-0.7859216915 0.6183240200 -0.0015814889 -0.5600377403 -0.7129162501 -0.4220286125 -0.2620778973 -0.3307957475 0.9065811321
-0.7097900179 0.7044115206 -0.0015938135 -0.6381305879 -0.6439578882 -0.4220279504 -0.2983076990 -0.2985341653 0.9065814187
-0.6242840634 0.7811957683 -0.0016061378 -0.7077964586 -0.5664954946 -0.4220272832 -0.3305957976 -0.2623280886 0.9065817076
-0.5305331162 0.8476626648 -0.0016184617 -0.7681153528 -0.4815520166 -0.4220266107 -0.3585155749 -0.2226559276 0.9065819987
-0.4297753567 0.9029343737 -0.0016307853 -0.8182907045 -0.3902491957 -0.4220259330 -0.3816981342 -0.1800418894 0.9065822921
-0.3233415055 0.9462809155 -0.0016431086 -0.8576599009 -0.2937927547 -0.4220252501 -0.3998371734 -0.1350490514 0.9065825878
-0.2126372478 0.9771298074 -0.0016554315 -0.8857030324 -0.1934564747 -0.4220245619 -0.4126930328 -0.0882719206 0.9065828857
-0.0991246683 0.9950736248 -0.0016677541 -0.9020497588 -0.0905653742 -0.4220238685 -0.4200958614 -0.0403285788 0.9065831859
0.0156970581 0.9998753821 -0.0016800763 -0.9064842002 0.0135217891 -0.4220231699 -0.4219478606 0.0081474848 0.9065834884
0.1303114668 0.9914716624 -0.0016923981 -0.8989477876 0.1174304614 -0.4220224660 -0.4182245769 0.0565157441 0.9065837931
0.2432048312 0.9699734553 -0.0017047196 -0.8795400367 0.2197884449 -0.4220217570 -0.4089752241 0.1041370993 0.9065841001
0.3528861548 0.9356646908 -0.0017170408 -0.8485172336 0.3192440192 -0.4220210427 -0.3943220334 0.1503823217 0.9065844094
0.4579068630 0.8889984894 -0.0017293616 -0.8062890510 0.4144837912 -0.4220203231 -0.3744586374 0.1946403676 0.9065847209
0.5568799346 0.8305911780 -0.0017416820 -0.7534131374 0.5042500401 -0.4220195984 -0.3496475121 0.2363264525 0.9065850347
0.6484982205 0.7612141496 -0.0017540021 -0.6905877540 0.5873573262 -0.4220188684 -0.3202165080 0.2748897775 0.9065853508
0.7315517068 0.6817836756 -0.0017663218 -0.6186425530 0.6627081461 -0.4220181332 -0.2865545182 0.3098208074 0.9065856691
0.8049434965 0.5933488046 -0.0017786411 -0.5385276215 0.7293074256 -0.4220173927 -0.2491063393 0.3406580030 0.9065859897
0.8677042955 0.4970775070 -0.0017909600 -0.4513009356 0.7862756611 -0.4220166471 -0.2083667946 0.3669939194 0.9065863125
0.9190052148 0.3942412502 -0.0018032786 -0.3581143881 0.8328605336 -0.4220158962 -0.1648741949 0.3884805893 0.9065866377
0.9581687173 0.2861982054 -0.0018155968 -0.2601985780 0.8684468444 -0.4220151400 -0.1192032265 0.4048341211 0.9065869650
0.9846775664 0.1743753107 -0.0018279146 -0.1588465584 0.8925646392 -0.4220143787 -0.0719573565 0.4158384493 0.9065872947
0.9981816570 0.0602494250 -0.0018402320 -0.0553967617 0.9048954138 -0.4220136121 -0.0237608600 0.4213481895 0.9065876266
0.9985026395 -0.0546721770 -0.0018525490 0.0487846761 0.9052763213 -0.4220128403 0.0247494295 0.4212905590 0.9065879608
0.9856362753 -0.1688717117 -0.0018648656 0.1523219557 0.8937023219 -0.4220120633 0.0729325342 0.4156663382 0.9065882973
0.9597524927 -0.2808409317 -0.0018771819 0.2538477835 0.8703262500 -0.4220112810 0.1201518020 0.4045498605 0.9065886360
0.9211931425 -0.3891010459 -0.0018894977 0.3520214277 0.8354567959 -0.4220104936 0.1657833182 0.3880880291 0.9065889769
0.8704674835 -0.4922222499 -0.0019018132 0.4455464235 0.7895544294 -0.4220097009 0.2092241495 0.3664983762 0.9065893202
0.8082454561 -0.5888426095 -0.0019141282 0.5331876942 0.7332253191 -0.4220089029 0.2499003109 0.3400661886 0.9065896657
0.7353488350 -0.6776860480 -0.0019264429 0.6137878614 0.6672133279 -0.4220080998 0.2872743497 0.3091407373 0.9065900135
0.6527403752 -0.7575791997 -0.0019387571 0.6862825293 0.5923901890 -0.4220072914 0.3208524468 0.2741306626 0.9065903635
0.5615110973 -0.8274669062 -0.0019510710 0.7497143404 0.5097439950 -0.4220064778 0.3501909413 0.2354985745 0.9065907158
0.4628658780 -0.8864261527 -0.0019633844 0.8032456192 0.4203661489 -0.4220056590 0.3749021930 0.1937549399 0.9065910704
0.3581075371 -0.9336782575 -0.0019756974 0.8461694334 0.3254369513 -0.4220048349 0.3946597039 0.1494513373 0.9065914272
0.2486196312 -0.9685991569 -0.0019880100 0.8779189306 0.2262100141 -0.4220040056 0.4092024318 0.1031731686 0.9065917863
0.1358481808 -0.9907276470 -0.0020003222 0.8980748235 0.1239957053 -0.4220031711 0.4183382401 0.0555319241 0.9065921477
0.0212825725 -0.9997714746 -0.0020126339 0.9063709273 0.0201438445 -0.4220023314 0.4219464353 0.0071571023 0.9065925113
-0.0935641118 -0.9956111975 -0.0020249452 0.9026976749 -0.0839741221 -0.4220014865 0.4199793623 -0.0413121076 0.9065928772
-0.2071750775 -0.9783017616 -0.0020372561 0.8871035641 -0.1869832331 -0.4220006363 0.4124630332 -0.0892352717 0.9065932454
-0.3180498510 -0.9480717755 -0.0020495666 0.8597945174 -0.2875231691 -0.4219997809 0.3994967837 -0.1359791736 0.9065936158
-0.4247240955 -0.9053204910 -0.0020618767 0.8211311622 -0.3842662172 -0.4219989203 0.3812519601 -0.1809261809 0.9065939885
-0.5257889515 -0.8506125300 -0.0020741863 0.7716240693 -0.4759348040 -0.4219980544 0.3579696553 -0.2234824066 0.9065943634
-0.6199096432 -0.7846704281 -0.0020864954 0.7119270101 -0.5613183674 -0.4219971834 0.3299575223 -0.2630855558 0.9065947406
-0.7058431076 -0.7083650912 -0.0020988041 0.6428283231 -0.6392893428 -0.4219963071 0.2975857094 -0.2992123555 0.9065951201
-0.7824544112 -0.6227042938 -0.0021111124 0.5652405038 -0.7088180540 -0.4219954256 0.2612819689 -0.3313854685 0.9065955019
-0.8487317397 -0.5288193691 -0.0021234203 0.4801881541 -0.7689863106 -0.4219945388 0.2215260047 -0.3591798003 0.9065958859
-0.9037997607 -0.4279502672 -0.0021357276 0.3887944521 -0.8189995336 -0.4219936469 0.1788431340 -0.3822281161 0.9065962721
-0.9469311848 -0.3214291791 -0.0021480346 0.2922663195 -0.8581972487 -0.4219927497 0.1337973457 -0.4002258926 0.9065966607
-0.9775563706 -0.2106629421 -0.0021603411 0.1918784834 -0.8860618085 -0.4219918473 0.0869838484 -0.4129353417 0.9065970515
-0.9952708482 -0.0971144598 -0.0021726471 0.0889566425 -0.9022252283 -0.4219909397 0.0390212051 -0.4201885519 0.9065974445
-0.9998406610 0.0177166189 -0.0021849527 -0.0151400394 -0.9064740462 -0.4219900269 -0.0094568394 -0.4218897071 0.9065978398
-0.9912054556 0.1323137060 -0.0021972578 -0.1190368829 -0.8987521419 -0.4219891088 -0.0578097330 -0.4180163521 0.9065982374
-0.9694792790 0.2451633034 -0.0022095624 -0.2213618461 -0.8791614780 -0.4219881855 -0.1053985797 -0.4086196890 0.9065986373
-0.9349490722 0.3547749930 -0.0022218666 -0.3207636437 -0.8479607537 -0.4219872570 -0.1515945818 -0.3938239004 0.9065990394
-0.8880708805 0.4597011199 -0.0022341703 -0.4159295920 -0.8055619886 -0.4219863233 -0.1957873481 -0.3738245082 0.9065994438
-0.8294638307 0.5585559120 -0.0022464735 -0.5056029436 -0.7525250819 -0.4219853843 -0.2373929589 -0.3488857898 0.9065998504
-0.7599019539 0.6500337825 -0.0022587763 -0.5885994843 -0.6895504183 -0.4219844402 -0.2758616819 -0.3193372861 0.9066002593
-0.6803039630 0.7329265721 -0.0022710786 -0.6638231711 -0.6174696195 -0.4219834908 -0.3106852354 -0.2855694465 0.9066006705
-0.5917211189 0.8061395063 -0.0022833804 -0.7302806069 -0.5372345618 -0.4219825362 -0.3414035043 -0.2480284700 0.9066010839
-0.4953233466 0.8687056533 -0.0022956817 -0.7870941589 -0.4499048058 -0.4219815764 -0.3676106192 -0.2072104090 0.9066014996
-0.3923837838 0.9197986951 -0.0023079825 -0.8335135487 -0.3566336044 -0.4219806113 -0.3889603198 -0.1636546142 0.9066019175
-0.2842619663 0.9587438400 -0.0023202829 -0.8689257604 -0.2586526734 -0.4219796411 -0.4051705289 -0.1179366089 0.9066023378
-0.1723858724 0.9850267357 -0.0023325827 -0.8928631361 -0.1572559253 -0.4219786656 -0.4160270800 -0.0706604833 0.9066027602
-0.0582330637 0.9983002614 -0.0023448821 -0.9050095518 -0.0537823828 -0.4219776849 -0.4213865464 -0.0224509127 0.9066031850
0.0566888296 0.9983891127 -0.0023571810 -0.9052045923 0.0504015046 -0.4219766990 -0.4211781366 0.0260550962 0.9066036120
0.1708620199 0.9852921170 -0.0023694794 -0.8934456698 0.1539199050 -0.4219757078 -0.4154046284 0.0742166229 0.9066040412
0.2827786079 0.9591822486 -0.0023817772 -0.8698880581 0.2554057737 -0.4219747115 -0.4041423330 0.1213973011 0.9066044728
0.3909604978 0.9204043446 -0.0023940746 -0.8348428424 0.3535189057 -0.4219737099 -0.3875400853 0.1669737277 0.9066049065
0.4939789181 0.8694705503 -0.0024063715 -0.7887728112 0.4469636340 -0.4219727031 -0.3658172779 0.2103436997 0.9066053426
0.5904732924 0.8070535552 -0.0024186678 -0.7322863450 0.5345059408 -0.4219716911 -0.3392609612 0.2509341712 0.9066057809
0.6791692081 0.7339777089 -0.0024309637 -0.6661293825 0.6149897529 -0.4219706739 -0.3082220507 0.2882088247 0.9066062215
0.7588952477 0.6512081338 -0.0024432590 -0.5911755696 0.6873522089 -0.4219696514 -0.2731106898 0.3216751582 0.9066066643
0.8285984603 0.5598379782 -0.0024555538 -0.5084147229 0.7506376956 -0.4219686238 -0.2343908300 0.3508909917 0.9066071094
0.8873582676 0.4610739797 -0.0024678481 -0.4189397579 0.8040104673 -0.4219675909 -0.1925741007 0.3754703101 0.9066075567
0.9343986222 0.3562205268 -0.0024801419 -0.3239322568 0.8467656826 -0.4219665528 -0.1482130487 0.3950883635 0.9066080064
0.9690982573 0.2466624323 -0.0024924351 -0.2246468646 0.8783387131 -0.4219655095 -0.1018938367 0.4094859576 0.9066084582
0.9909988912 0.1338466437 -0.0025047278 -0.1223947207 0.8983125993 -0.4219644610 -0.0542284983 0.4184728784 0.9066089124
0.9998112804 0.0192631331 -0.0025170200 -0.0185261442 0.9064235571 -0.4219634073 -0.0058468510 0.4219304051 0.9066093688
0.9954190393 -0.0955747810 -0.0025293117 0.0855871981 0.9025644620 -0.4219623483 0.0426118258 0.4198128787 0.9066098274
0.9778801778 -0.2091504201 -0.0025416028 0.1885704054 0.8867862634 -0.4219612841 0.0905072383 0.4121483045 0.9066102884
0.9474263344 -0.3199637769 -0.0025538934 0.2890634998 0.8592973119 -0.4219602148 0.1372065377 0.3990379822 0.9066107515
0.9044597177 -0.4265513260 -0.0025661834 0.3857393858 0.8204606086 -0.4219591402 0.1820926832 0.3806551668 0.9066112170
0.8495477938 -0.5275053530 -0.0025784729 0.4773213759 0.7707890109 -0.4219580603 0.2245725942 0.3572427790 0.9066116847
0.7834157920 -0.6214925460 -0.0025907619 0.5626000501 0.7109384605 -0.4219569753 0.2640849871 0.3291101953 0.9066121546
0.7069371265 -0.7072716050 -0.0026030503 0.6404492271 0.6416993210 -0.4219558851 0.3001077917 0.2966291594 0.9066126269
0.6211218610 -0.7837096362 -0.0026153381 0.7098408373 0.5639859406 -0.4219547896 0.3321650486 0.2602288704 0.9066131013
0.5271033687 -0.8497971136 -0.0026276254 0.7698584986 0.4788245780 -0.4219536890 0.3598331986 0.2203903111 0.9066135781
0.4261233641 -0.9046612125 -0.0026399122 0.8197096185 0.3873398496 -0.4219525831 0.3827466786 0.1776398928 0.9066140571
0.3195155028 -0.9475773369 -0.0026521984 0.8587358608 0.2907398780 -0.4219514720 0.4006027519 0.1325424989 0.9066145383
0.2086877682 -0.9779786889 -0.0026644840 0.8864218401 0.1903003384 -0.4219503557 0.4131655078 0.0856940212 0.9066150219
0.0951038761 -0.9954637551 -0.0026767691 0.9024019274 0.0873476119 -0.4219492342 0.4202689785 0.0377134861 0.9066155076
