1968
39636
0.0488558461 -0.9986841957 -0.0155879288 0.9245264202 0.0511229374 -0.3776735940 0.3779735502 0.0040401109 0.9258075787
-0.0660480765 -0.9976948335 -0.0155778962 0.9242891690 -0.0552917212 -0.3776669930 0.3759350790 -0.0393426592 0.9258104404
-0.1800797317 -0.9835288160 -0.0155678603 0.9118438063 -0.1609767005 -0.3776603962 0.3689338195 -0.0822044398 0.9258133002
-0.2917330917 -0.9563732312 -0.0155578210 0.8873546403 -0.2645360975 -0.3776538036 0.3570623832 -0.1239794164 0.9258161582
-0.3995335388 -0.9165867215 -0.0155477784 0.8511450565 -0.3646020757 -0.3776472154 0.3404776708 -0.1641161431 0.9258190143
-0.5020573404 -0.8646947472 -0.0155377325 0.8036932465 -0.4598529320 -0.3776406314 0.3193987984 -0.2020848217 0.9258218686
-0.5979504530 -0.8013826470 -0.0155276832 0.7456258937 -0.5490305544 -0.3776340516 0.2941042034 -0.2373842949 0.9258247210
-0.6859464044 -0.7274865865 -0.0155176307 0.6777098963 -0.6309570395 -0.3776274762 0.2649279653 -0.2695486613 0.9258275716
-0.7648830208 -0.6439825150 -0.0155075748 0.6008422391 -0.7045502508 -0.3776209050 0.2322553944 -0.2981534245 0.9258304204
-0.8337177757 -0.5519732761 -0.0154975156 0.5160381466 -0.7688381124 -0.3776143380 0.1965179426 -0.3228210952 0.9258332672
-0.8915415584 -0.4526740422 -0.0154874531 0.4244176747 -0.8229714487 -0.3776077753 0.1581875063 -0.3432261733 0.9258361123
-0.9375906808 -0.3473962661 -0.0154773873 0.3271909173 -0.8662352017 -0.3776012169 0.1177701951 -0.3590994426 0.9258389555
-0.9712569640 -0.2375303599 -0.0154673182 0.2256420240 -0.8980578754 -0.3775946628 0.0757996492 -0.3702315228 0.9258417968
-0.9920957701 -0.1245273321 -0.0154572458 0.1211122389 -0.9180190862 -0.3775881129 0.0328299936 -0.3764756313 0.9258446363
-0.9998318748 -0.0098796241 -0.0154471701 0.0149821861 -0.9258551151 -0.3775815674 -0.0105714775 -0.3777495188 0.9258474739
-0.9943631026 0.1048986010 -0.0154370911 -0.0913463659 -0.9214623927 -0.3775750260 -0.0538317909 -0.3740365522 0.9258503097
-0.9757616757 0.2182914556 -0.0154270088 -0.1964690184 -0.9048988678 -0.3775684890 -0.0963798579 -0.3653859323 0.9258531436
-0.9442732611 0.3288013486 -0.0154169232 -0.2989972924 -0.8763832428 -0.3775619563 -0.1376540136 -0.3519120414 0.9258559757
-0.9003137253 0.4349687638 -0.0154068344 -0.3975769678 -0.8362920863 -0.3775554278 -0.1771094313 -0.3337929312 0.9258588059
-0.8444636424 0.5353915362 -0.0153967422 -0.4909059700 -0.7851548599 -0.3775489036 -0.2142253144 -0.3112679696 0.9258616342
-0.7774606262 0.6287433704 -0.0153866467 -0.5777515683 -0.7236469262 -0.3775423837 -0.2485117704 -0.2846346788 0.9258644607
-0.7001895889 0.7137913571 -0.0153765480 -0.6569666586 -0.6525806293 -0.3775358681 -0.2795162770 -0.2542448049 0.9258672854
-0.6136710534 0.7894122564 -0.0153664460 -0.7275049149 -0.5728945659 -0.3775293567 -0.3068296547 -0.2204996731 0.9258701081
-0.5190476759 0.8546073326 -0.0153563407 -0.7884346095 -0.4856411891 -0.3775228497 -0.3300914671 -0.1838448873 0.9258729291
-0.4175691543 0.9085155445 -0.0153462321 -0.8389509206 -0.3919729080 -0.3775163469 -0.3489947767 -0.1447644462 0.9258757481
-0.3105757234 0.9504249173 -0.0153361202 -0.8783865630 -0.2931268673 -0.3775098484 -0.3632901953 -0.1037743523 0.9258785653
-0.1994804545 0.9797819461 -0.0153260051 -0.9062206022 -0.1904086074 -0.3775033542 -0.3727891744 -0.0614157991 0.9258813807
-0.0857505926 0.9961989056 -0.0153158867 -0.9220853362 -0.0851748207 -0.3774968644 -0.3773664910 -0.0182480253 0.9258841942
0.0291118214 0.9994589714 -0.0153057650 -0.9257711532 0.0211845669 -0.3774903788 -0.3769618996 0.0251590682 0.9258870058
0.1435897884 0.9895190832 -0.0152956400 -0.9172293003 0.1272647546 -0.3774838975 -0.3715809243 0.0682324422 0.9258898156
0.2561713862 0.9665105142 -0.0152855118 -0.8965725293 0.2316646212 -0.3774774204 -0.3612947834 0.1104034841 0.9258926235
0.3653697379 0.9307371366 -0.0152753804 -0.8640736078 0.3330052311 -0.3774709477 -0.3462394475 0.1511155142 0.9258954295
0.4697426486 0.8826714090 -0.0152652456 -0.8201617174 0.4299480482 -0.3774644793 -0.3266138413 0.1898311344 0.9258982337
0.5679116535 0.8229481366 -0.0152551076 -0.7654167864 0.5212126148 -0.3774580152 -0.3026772157 0.2260393210 0.9259010360
0.6585802226 0.7523560868 -0.0152449664 -0.7005618302 0.6055934654 -0.3774515554 -0.2747457232 0.2592621709 0.9259038364
0.7405508846 0.6718275727 -0.0152348219 -0.6264534032 0.6819760481 -0.3774450999 -0.2431882417 0.2890612087 0.9259066350
0.8127410421 0.5824261393 -0.0152246741 -0.5440702853 0.7493514470 -0.3774386487 -0.2084215034 0.3150431735 0.9259094317
0.8741972694 0.4853325175 -0.0152145231 -0.4545005554 0.8068297083 -0.3774322018 -0.1709045915 0.3368652094 0.9259122266
0.9241079043 0.3818290302 -0.0152043688 -0.3589272203 0.8536515957 -0.3774257593 -0.1311328779 0.3542393893 0.9259150195
0.9618137687 0.2732826564 -0.0151942113 -0.2586125898 0.8891986193 -0.3774193210 -0.0896314829 0.3669365138 0.9259178107
0.9868168735 0.1611269774 -0.0151840506 -0.1548816047 0.9130012055 -0.3774128870 -0.0469483412 0.3747891353 0.9259205999
0.9987869962 0.0468432433 -0.0151738866 -0.0491043369 0.9247449000 -0.3774064574 -0.0036469683 0.3776937655 0.9259233873
0.9975660421 -0.0680591895 -0.0151637194 0.0573221063 0.9242745220 -0.3774000320 0.0397009798 0.3756122399 0.9259261728
0.9831701324 -0.1820627934 -0.0151535489 0.1629920351 0.9115962148 -0.3773936110 0.0825232528 0.3685722187 0.9259289564
0.9557893912 -0.2936619109 -0.0151433752 0.2665097441 0.8868773657 -0.3773871943 0.1242545613 0.3566668196 0.9259317382
0.9157854346 -0.4013826404 -0.0151331982 0.3665079464 0.8504443960 -0.3773807819 0.1643440383 0.3400533860 0.9259345181
0.8636865951 -0.5038023023 -0.0151230181 0.4616658336 0.8027784501 -0.3773743738 0.2022625114 0.3189514073 0.9259372961
0.8001809434 -0.5995682280 -0.0151128347 0.5507265213 0.7445090422 -0.3773679701 0.2375094872 0.2936396195 0.9259400722
0.7261072016 -0.6874156252 -0.0151026481 0.6325136504 0.6764057415 -0.3773615707 0.2696197579 0.2644523230 0.9259428465
0.6424436658 -0.7661842820 -0.0150924582 0.7059469251 0.5993680091 -0.3773551756 0.2981695409 0.2317749678 0.9259456189
0.5502952858 -0.8348338899 -0.0150822651 0.7700563827 0.5144133184 -0.3773487848 0.3227820719 0.1960390628 0.9259483894
0.4508790719 -0.8924577835 -0.0150720688 0.8239952045 0.4226637166 -0.3773423983 0.3431325771 0.1577164779 0.9259511581
0.3455080218 -0.9382949147 -0.0150618693 0.8670509027 0.3253310054 -0.3773360162 0.3589525582 0.1173132131 0.9259539249
0.2355737798 -0.9717399043 -0.0150516666 0.8986547306 0.2237007358 -0.3773296384 0.3700333356 0.0753627178 0.9259566898
0.1225282572 -0.9923510370 -0.0150414607 0.9183891964 0.1191152287 -0.3773232649 0.3762288003 0.0324188471 0.9259594528
0.0078644567 -0.9998560955 -0.0150312515 0.9259935778 0.0129558459 -0.3773168958 0.3774573408 -0.0109514500 0.9259622139
-0.1069032459 -0.9941559558 -0.0150210392 0.9213673670 -0.0933752551 -0.3773105310 0.3737029182 -0.0541756158 0.9259649732
-0.2202591019 -0.9753258959 -0.0150108236 0.9045715985 -0.1984736408 -0.3773041705 0.3650152753 -0.0966830424 0.9259677306
-0.3307060085 -0.9436146024 -0.0150006048 0.8758280445 -0.3009511517 -0.3772978144 0.3515092778 -0.1379126046 0.9259704861
-0.4367852814 -0.8994408854 -0.0149903829 0.8355162863 -0.3994542371 -0.3772914626 0.3333633952 -0.1773200667 0.9259732397
-0.5370959194 -0.8433881480 -0.0149801577 0.7841687017 -0.4926818337 -0.3772851151 0.3108173429 -0.2143852666 0.9259759915
-0.6303131081 -0.7761966806 -0.0149699293 0.7224634339 -0.5794025499 -0.3772787720 0.2841689152 -0.2486189819 0.9259787414
-0.7152057164 -0.6987538842 -0.0149596978 0.6512154359 -0.6584709311 -0.3772724332 0.2537700520 -0.2795693869 0.9259814893
-0.7906525563 -0.6120825507 -0.0149494630 0.5713657068 -0.7288425892 -0.3772660987 0.2200221907 -0.3068280159 0.9259842354
-0.8556571908 -0.5173273541 -0.0149392251 0.4839688636 -0.7895879977 -0.3772597686 0.1833709651 -0.3300351536 0.9259869797
-0.9093610940 -0.4157397336 -0.0149289839 0.3901792127 -0.8399047695 -0.3772534429 0.1443003211 -0.3488845827 0.9259897220
-0.9510549895 -0.3086613650 -0.0149187396 0.2912355039 -0.8791282561 -0.3772471215 0.1033261260 -0.3631276238 0.9259924625
-0.9801882178 -0.1975064416 -0.0149084921 0.1884445696 -0.9067403265 -0.3772408044 0.0609893579 -0.3725764162 0.9259952010
-0.9963760098 -0.0837429964 -0.0148982414 0.0831640640 -0.9223762121 -0.3772344917 0.0178489632 -0.3771063959 0.9259979377
-0.9994045676 0.0311264860 -0.0148879875 -0.0232154683 -0.9258293254 -0.3772281833 -0.0255255232 -0.3766579379 0.9260006725
-0.9892338886 0.1455849129 -0.0148777304 -0.1292889590 -0.9170539890 -0.3772218793 -0.0685614965 -0.3712371403 0.9260034054
-0.9659982939 0.2581206202 -0.0148674702 -0.2336553742 -0.8961660407 -0.3772155797 -0.1106908413 -0.3609157421 0.9260061365
-0.9300046544 0.3672473366 -0.0148572068 -0.3349362192 -0.8634413037 -0.3772092844 -0.1513574311 -0.3458301735 0.9260088656
-0.8817283377 0.4715238136 -0.0148469402 -0.4317937464 -0.8193119444 -0.3772029934 -0.1900244694 -0.3261797524 0.9260115929
-0.8218069305 0.5695728595 -0.0148366705 -0.5229486245 -0.7643607659 -0.3771967068 -0.2261815757 -0.3022240514 0.9260143182
-0.7510318171 0.6600995286 -0.0148263976 -0.6071968363 -0.6993135102 -0.3771904246 -0.2593515216 -0.2742794683 0.9260170417
-0.6703377283 0.7419082238 -0.0148161215 -0.6834255822 -0.6250292738 -0.3771841467 -0.2890965300 -0.2427150476 0.9260197633
-0.5807903962 0.8139184865 -0.0148058422 -0.7506279784 -0.5424891612 -0.3771778732 -0.3150240526 -0.2079476070 0.9260224830
-0.4835724788 0.8751792669 -0.0147955598 -0.8079163568 -0.4527833273 -0.3771716041 -0.3367919507 -0.1704362327 0.9260252008
-0.3799679407 0.9248814841 -0.0147852743 -0.8545339902 -0.3570965785 -0.3771653393 -0.3541130096 -0.1306762178 0.9260279167
-0.2713450956 0.9623687126 -0.0147749855 -0.8898650876 -0.2566927249 -0.3771590788 -0.3667587284 -0.0891925225 0.9260306307
-0.1591385350 0.9871458507 -0.0147646937 -0.9134429288 -0.1528978876 -0.3771528228 -0.3745623346 -0.0465328426 0.9260333429
-0.0448301812 0.9988856604 -0.0147543986 -0.9249560295 -0.0470829837 -0.3771465711 -0.3774209829 -0.0032603791 0.9260360531
0.0700702842 0.9974330889 -0.0147441005 -0.9242522565 0.0593543809 -0.3771403238 -0.3752971111 0.0400535978 0.9260387614
0.1840453592 0.9828073163 -0.0147337991 -0.9113408378 0.1650083708 -0.3771340808 -0.3682189337 0.0828372902 0.9260414679
0.2955897632 0.9552015026 -0.0147234947 -0.8863922417 0.2684834900 -0.3771278422 -0.3562800664 0.1245259210 0.9260441724
0.4032303169 0.9149802368 -0.0147131871 -0.8497359263 0.3684130132 -0.3771216080 -0.3396382886 0.1645691892 0.9260468751
0.5055453995 0.8626747212 -0.0147028763 -0.8018559884 0.4634770388 -0.3771153782 -0.3185134582 0.2024385339 0.9260495759
0.6011837234 0.7989757564 -0.0146925624 -0.7433847707 0.5524199214 -0.3771091528 -0.2931846064 0.2376341117 0.9260522747
0.6888821815 0.7247246178 -0.0146822454 -0.6750945106 0.6340668582 -0.3771029317 -0.2639862528 0.2696913935 0.9260549717
0.7674825290 0.6409019444 -0.0146719252 -0.5978871410 0.7073394052 -0.3770967150 -0.2313039870 0.2981872959 0.9260576668
0.8359466800 0.5486147880 -0.0146616019 -0.5127823780 0.7712697230 -0.3770905026 -0.1955693765 0.3227457649 0.9260603599
0.8933704185 0.4490819919 -0.0146512755 -0.4209042533 0.8250133600 -0.3770842947 -0.1572542682 0.3430427384 0.9260630512
0.9389953399 0.3436180937 -0.0146409459 -0.3234662684 0.8678604072 -0.3770780911 -0.1168645575 0.3588104225 0.9260657406
0.9722188676 0.2336159641 -0.0146306133 -0.2217553667 0.8992448752 -0.3770718920 -0.0749335096 0.3698408248 0.9260684281
0.9926022112 0.1205284112 -0.0146202775 -0.1171149361 0.9187521710 -0.3770656972 -0.0320147177 0.3759884976 0.9260711136
0.9998761618 0.0058489928 -0.0146099385 -0.0109270654 0.9261245746 -0.3770595068 0.0113252048 0.3771724562 0.9260737973
0.9939446478 -0.1089077086 -0.0145995965 0.0954057102 0.9212646437 -0.3770533208 0.0545141052 0.3733772452 0.9260764791
0.9748860030 -0.2222260895 -0.0145892513 0.2004789338 0.9042365022 -0.3770471391 0.0969818449 0.3646531409 0.9260791589
0.9429519331 -0.3326095421 -0.0145789031 0.3029047771 0.8752649936 -0.3770409619 0.1381678252 0.3511154845 0.9260818369
0.8985641906 -0.4386002197 -0.0145685517 0.4013303712 0.8347327123 -0.3770347890 0.1775283880 0.3329431578 0.9260845130
0.8423090051 -0.5387982913 -0.0145581972 0.4944556759 0.7831749510 -0.3770286206 0.2145439919 0.3103762191 0.9260871871
0.7749293412 -0.6318804290 -0.0145478396 0.5810506503 0.7212726316 -0.3770224565 0.2487260701 0.2837127322 0.9260898594
0.6973150855 -0.7166172851 -0.0145374789 0.6599715008 0.6498433119 -0.3770162969 0.2796234785 0.2533048295 0.9260925297
0.6104912943 -0.7918897288 -0.0145271150 0.7301757882 0.5698303884 -0.3770101416 0.3068284504 0.2195540616 0.9260951982
0.5156046556 -0.8567036262 -0.0145167481 0.7907361972 0.4822906359 -0.3770039907 0.3299819776 0.1829060946 0.9260978647
0.4139083446 -0.9102029704 -0.0145063781 0.8408527852 0.3883802505 -0.3769978443 0.3487785484 0.1438448252 0.9261005293
0.3067454728 -0.9516811865 -0.0144960050 0.8798635488 0.2893395790 -0.3769917022 0.3629701784 0.1028859915 0.9261031920
0.1955313496 -0.9805904639 -0.0144856288 0.9072531681 0.1864767363 -0.3769855645 0.3723696824 0.0605703636 0.9261058529
0.0817347902 -0.9965489909 -0.0144752495 0.9226598142 0.0811503282 -0.3769794313 0.3768531430 0.0174566037 0.9261085118
-0.0331412833 -0.9993459976 -0.0144648671 0.9258799290 -0.0252484929 -0.3769733024 0.3763615449 -0.0258861092 0.9261111688
-0.1475796912 -0.9889445398 -0.0144544816 0.9168709148 -0.1313144025 -0.3769671779 0.3709015507 -0.0688855935 0.9261138238
-0.2600690334 -0.9654819864 -0.0144440931 0.8957516978 -0.2356464655 -0.3769610579 0.3605454115 -0.1109742188 0.9261164770
-0.3691236510 -0.9292682059 -0.0144337014 0.8628011580 -0.3368666402 -0.3769549422 0.3454300104 -0.1515963988 0.9261191283
-0.4733032473 -0.8807814736 -0.0144233067 0.8184544467 -0.4336379797 -0.3769488310 0.3257550533 -0.1902159253 0.9261217776
-0.5712319103 -0.8206621550 -0.0144129089 0.7632972400 -0.5246822907 -0.3769427242 0.3017804303 -0.2263230460 0.9261244251
-0.6616162840 -0.7497042487 -0.0144025080 0.6980580035 -0.6087970162 -0.3769366218 0.2738227830 -0.2594411930 0.9261270706
-0.7432626504 -0.6688448997 -0.0143921040 0.6235983719 -0.6848711198 -0.3769305238 0.2422513220 -0.2891332728 0.9261297142
-0.8150926950 -0.5791520227 -0.0143816970 0.5409017687 -0.7518997609 -0.3769244302 0.2074829516 -0.3150074350 0.9261323559
-0.8761577477 -0.4818101983 -0.0143712869 0.4510604179 -0.8089975671 -0.3769183411 0.1699767645 -0.3367222435 0.9261349957
-0.9256513131 -0.3781050276 -0.0143608737 0.3552609182 -0.8554103290 -0.3769122563 0.1302279794 -0.3539911822 0.9261376336
-0.9629197208 -0.2694061537 -0.0143504575 0.2547685708 -0.8905249630 -0.3769061760 0.0887614025 -0.3665864353 0.9261402695
-0.9874707596 -0.1571491722 -0.0143400382 0.1509106677 -0.9138776094 -0.3769001001 0.0461244989 -0.3743418929 0.9261429036
-0.9989801774 -0.0428166716 -0.0143296158 0.0450589604 -0.9251597599 -0.3768940286 0.0028801639 -0.3771553411 0.9261455357
-0.9972959642 0.0720813474 -0.0143191904 -0.0613884572 -0.9242223335 -0.3768879616 -0.0404007077 -0.3749898100 0.9261481659
-0.9824403596 0.1860274151 -0.0143087619 -0.1670256159 -0.9110776465 -0.3768818989 -0.0831467586 -0.3678740585 0.9261507942
-0.9546095592 0.2975166336 -0.0142983304 -0.2704572408 -0.8858992503 -0.3768758407 -0.1247937116 -0.3559021932 0.9261534206
-0.9141711232 0.4050765526 -0.0142878958 -0.3703171804 -0.8490196403 -0.3768697869 -0.1647918182 -0.3392324231 0.9261560450
-0.8616591226 0.5072866159 -0.0142774582 -0.4652864514 -0.8009258651 -0.3768637376 -0.2026131156 -0.3180849696 0.9261586676
-0.7977670850 0.6027969229 -0.0142670175 -0.5541106600 -0.7422530943 -0.3768576926 -0.2377583954 -0.2927391564 0.9261612882
-0.7233388358 0.6903460572 -0.0142565738 -0.6356165705 -0.6737762296 -0.3768516521 -0.2697637927 -0.2635297208 0.9261639069
-0.6393573535 0.7687777458 -0.0142461270 -0.7087276022 -0.5963996710 -0.3768456161 -0.2982069087 -0.2308423924 0.9261665236
-0.5469317873 0.8370561305 -0.0142356772 -0.7724780493 -0.5111453716 -0.3768395845 -0.3227123849 -0.1951087993 0.9261691385
-0.4472828087 0.8942794485 -0.0142252243 -0.8260258370 -0.4191393405 -0.3768335573 -0.3429568569 -0.1568007691 0.9261717514
-0.3417264899 0.9396919423 -0.0142147685 -0.8686636440 -0.3215967707 -0.3768275345 -0.3586732214 -0.1164240981 0.9261743624
-0.2316569224 0.9726938408 -0.0142043095 -0.8998282459 -0.2198059889 -0.3768215162 -0.3696541602 -0.0745118738 0.9261769715
-0.1185278051 0.9928492807 -0.0141938476 -0.9191079554 -0.1151114400 -0.3768155023 -0.3757548746 -0.0316174362 0.9261795787
-0.0038332450 0.9998920631 -0.0141833826 -0.9262480599 -0.0088959291 -0.3768094928 -0.3768949956 0.0116929275 0.9261821839
0.1109119754 0.9937291694 -0.0141729146 -0.9211541877 0.0974376419 -0.3768034878 -0.3730596416 0.0548474588 0.9261847872
0.2241924039 0.9744419897 -0.0141624435 -0.9038935543 0.2024848044 -0.3767974873 -0.3642996136 0.0972764759 0.9261873886
0.3345119339 0.9422852476 -0.0141519695 -0.8746940763 0.3048580736 -0.3767914912 -0.3507307214 0.1384198943 0.9261899880
0.4404135629 0.8976836368 -0.0141414924 -0.8339413614 0.4032052742 -0.3767854995 -0.3325322532 0.1777346197 0.9261925856
0.5404986357 0.8412262117 -0.0141310123 -0.7821736162 0.4962274007 -0.3767795123 -0.3099446063 0.2147017173 0.9261951812
0.6334453166 0.7736586079 -0.0141205292 -0.7200745384 0.5826957753 -0.3767735295 -0.2832661116 0.2488332612 0.9261977748
0.7180260470 0.6958731943 -0.0141100430 -0.6484642872 0.6614682764 -0.3767675512 -0.2528490935 0.2796787744 0.9262003666
0.7931237579 0.6088972879 -0.0140995539 -0.5682886509 0.7315044246 -0.3767615773 -0.2190952165 0.3068311745 0.9262029564
0.8577466232 0.5138795859 -0.0140890617 -0.4806065559 0.7918791261 -0.3767556078 -0.1824501818 0.3299321458 0.9262055443
0.9110411587 0.4120749945 -0.0140785666 -0.3865760807 0.8417948921 -0.3767496429 -0.1433978416 0.3486768683 0.9262081303
0.9523034947 0.3048280556 -0.0140680684 -0.2874391601 0.8805923728 -0.3767436823 -0.1024538104 0.3628180391 0.9262107143
0.9809886715 0.1935551890 -0.0140575672 -0.1845051823 0.9077590668 -0.3767377263 -0.0601586577 0.3721691356 0.9262132964
0.9967178373 0.0797259858 -0.0140470631 -0.0791336944 0.9229360912 -0.3767317747 -0.0170707706 0.3766068757 0.9262158766
0.9992832515 -0.0351562005 -0.0140365559 0.0272835542 0.9259229226 -0.3767258275 0.0262410176 0.3760728427 0.9262184548
0.9886510284 -0.1495741092 -0.0140260457 0.1333409942 0.9166800465 -0.3767198848 0.0692049374 0.3705742546 0.9262210311
0.9649615850 -0.2620166109 -0.0140155326 0.2376378013 0.8953294800 -0.3767139466 0.1112538311 0.3601838666 0.9262236055
0.9285277863 -0.3709986652 -0.0140050164 0.3387963987 0.8621531612 -0.3767080128 0.1518326391 0.3450390081 0.9262261779
0.8798308135 -0.4750809337 -0.0139944973 0.4354806521 0.8175892257 -0.3767020835 0.1904057278 0.3253397678 0.9262287484
0.8195138091 -0.5728887896 -0.0139839752 0.5264135182 0.7622262210 -0.3766961586 0.2264639589 0.3013463503 0.9262313170
0.7483733824 -0.6631304723 -0.0139734500 0.6103939118 0.6967953335 -0.3766902382 0.2595314104 0.2733756389 0.9262338836
0.6673490893 -0.7446141483 -0.0139629219 0.6863125713 0.6221607315 -0.3766843223 0.2891716576 0.2417970106 0.9262364483
0.5775110232 -0.8162636516 -0.0139523909 0.7531667094 0.5393081519 -0.3766784109 0.3149935333 0.2070274582 0.9262390110
0.4800456822 -0.8771326967 -0.0139418568 0.8100732594 0.4493318810 -0.3766725039 0.3366562899 0.1695260837 0.9262415719
0.3762402989 -0.9264173767 -0.0139313198 0.8562805391 0.3534203018 -0.3766666014 0.3538740960 0.1297880367 0.9262441307
0.2674658401 -0.9634667800 -0.0139207798 0.8911781802 0.2528401979 -0.3766607033 0.3664198077 0.0883379763 0.9262466877
0.1551589000 -0.9877915879 -0.0139102368 0.9143051904 0.1489200222 -0.3766548098 0.3741279654 0.0457231443 0.9262492427
0.0408027269 -0.9990705361 -0.0138996908 0.9253560436 0.0430323505 -0.3766489207 0.3768969755 0.0025061401 0.9262517958
-0.0740923657 -0.9971546586 -0.0138891419 0.9241847155 -0.0634242470 -0.3766430361 0.3746904497 -0.0407425062 0.9262543469
-0.1880089465 -0.9820692546 -0.0138785900 0.9108066137 -0.1690436784 -0.3766371559 0.3675376831 -0.0834518665 0.9262568961
-0.2994425070 -0.9540135547 -0.0138680352 0.8853983750 -0.2724309020 -0.3766312803 0.3555332652 -0.1250581506 0.9262594433
-0.4069213317 -0.9133580898 -0.0138574774 0.8482955327 -0.3722203520 -0.3766254091 0.3388358291 -0.1650121492 0.9262619886
-0.5090259353 -0.8606397969 -0.0138469166 0.7999880862 -0.4670939757 -0.3766195424 0.3176659551 -0.2027864832 0.9262645320
-0.6044078101 -0.7965549287 -0.0138363529 0.7411140297 -0.5557986424 -0.3766136802 0.2923032570 -0.2378825650 0.9262670734
-0.6918072357 -0.7219498572 -0.0138257862 0.6724509259 -0.6371626953 -0.3766078224 0.2630826884 -0.2698371793 0.9262696129
-0.7700699162 -0.6378098964 -0.0138152166 0.5949056370 -0.7101114278 -0.3766019692 0.2303901197 -0.2982285971 0.9262721504
-0.8381622256 -0.5452462888 -0.0138046441 0.5095023470 -0.7736812783 -0.3765961204 0.1946572424 -0.3226821410 0.9262746860
-0.8951848585 -0.4454815291 -0.0137940685 0.4173690352 -0.8270325582 -0.3765902761 0.1563558683 -0.3428751301 0.9262772196
-0.9403847078 -0.3398332189 -0.0137834901 0.3197225777 -0.8694605429 -0.3765844363 0.1159917004 -0.3585411381 0.9262797513
-0.9731648109 -0.2296966648 -0.0137729087 0.2178526755 -0.9004047807 -0.3765786010 0.0740976559 -0.3694735080 0.9262822811
-0.9930922338 -0.1165264505 -0.0137623243 0.1131048202 -0.9194564962 -0.3765727702 0.0312268298 -0.3755280787 0.9262848089
-0.9999037891 -0.0018172260 -0.0137517370 0.0068625226 -0.9263639903 -0.3765669439 -0.0120548067 -0.3766250856 0.9262873347
-0.9935095121 0.1129160323 -0.0137411468 -0.0994709602 -0.9210359653 -0.3765611220 -0.0551758782 -0.3727502115 0.9262898587
-0.9739938487 0.2261580302 -0.0137305537 -0.2044911597 -0.9035427318 -0.3765553047 -0.0975671480 -0.3639547736 0.9262923806
-0.9416145405 0.3364131684 -0.0137199576 -0.3068109461 -0.8741152805 -0.3765494919 -0.1386690322 -0.3503550436 0.9262949006
-0.8967992207 0.4422252947 -0.0137093586 -0.4050788500 -0.8331422326 -0.3765436835 -0.1779389870 -0.3321307107 0.9262974187
-0.8401397662 0.5421969359 -0.0136987566 -0.4979969129 -0.7811647073 -0.3765378797 -0.2148586698 -0.3095225077 0.9262999348
-0.7723844809 0.6350077544 -0.0136881518 -0.5843378313 -0.7188691754 -0.3765320803 -0.2489407812 -0.2828290305 0.9263024490
-0.6944282128 0.7194319857 -0.0136775440 -0.6629611673 -0.6470783933 -0.3765262855 -0.2797354964 -0.2524027950 0.9263049612
-0.6073005355 0.7943546277 -0.0136669333 -0.7328284120 -0.5667405361 -0.3765204951 -0.3068364028 -0.2186455813 0.9263074715
-0.5121521508 0.8587861663 -0.0136563197 -0.7930167034 -0.4789166752 -0.3765147093 -0.3298858629 -0.1820031285 0.9263099798
-0.4102396909 0.9118756444 -0.0136457031 -0.8427310157 -0.3847667636 -0.3765089279 -0.3485797343 -0.1429592490 0.9263124861
-0.3029091226 0.9529219002 -0.0136350837 -0.8813146610 -0.2855343157 -0.3765031511 -0.3626713825 -0.1020294400 0.9263149905
-0.1915779704 0.9813828281 -0.0136244613 -0.9082579639 -0.1825299834 -0.3764973788 -0.3719749351 -0.0597540782 0.9263174930
-0.0777165954 0.9968825378 -0.0136138361 -0.9232049936 -0.0771142448 -0.3764916110 -0.3763677333 -0.0166912848 0.9263199935
0.0371712239 0.9992163193 -0.0136032079 -0.9259582663 0.0293205648 -0.3764858476 -0.3757919492 0.0265904425 0.9263224920
0.1515681524 0.9883533463 -0.0135925768 -0.9164813546 0.1353686428 -0.3764800888 -0.3702553469 0.0695197347 0.9263249886
0.2639633374 0.9644370831 -0.0135819428 -0.8948993686 0.2396292876 -0.3764743345 -0.3598311778 0.1115298939 0.9263274833
0.3728723635 0.9277833908 -0.0135713060 -0.8614973054 0.3407253990 -0.3764685848 -0.3446572115 0.1520663745 0.9263299759
0.4768568564 0.8788763547 -0.0135606662 -0.8167162845 0.4373216677 -0.3764628395 -0.3249339149 0.1905941031 0.9263324667
0.5745434807 0.8183618916 -0.0135500235 -0.7611477232 0.5281422121 -0.3764570988 -0.3009218041 0.2266045414 0.9263349554
0.6646420769 0.7470392191 -0.0135393779 -0.6955255253 0.6119874307 -0.3764513625 -0.2729380028 0.2596223984 0.9263374422
0.7459627010 0.6658503001 -0.0135287295 -0.6207163881 0.6877498474 -0.3764456308 -0.2413520546 0.2892119037 0.9263399271
0.8174313405 0.5758674024 -0.0135180782 -0.5377083562 0.7544287393 -0.3764399036 -0.2065810428 0.3149825586 0.9263424100
0.8781040986 0.4782789369 -0.0135074239 -0.4475977714 0.8111433550 -0.3764341809 -0.1690840827 0.3365942900 0.9263448909
0.9271796606 0.3743737629 -0.0134967668 -0.3515747930 0.8571445487 -0.3764284628 -0.1293562600 0.3537619373 0.9263473699
0.9640098769 0.2655241649 -0.0134861068 -0.2509076777 0.8918246751 -0.3764227491 -0.0879220933 0.3662590158 0.9263498469
0.9881083235 0.1531677298 -0.0134754440 -0.1469260296 0.9147256167 -0.3764170400 -0.0453286097 0.3739207038 0.9263523220
0.9991567259 0.0387883598 -0.0134647782 -0.0410032382 0.9255448347 -0.3764113354 -0.0021381224 0.3766460170 0.9263547950
0.9970091629 -0.0761033251 -0.0134541096 0.0654616612 0.9241393664 -0.3764056354 0.0410791928 0.3743991391 0.9263572662
0.9816939937 -0.1899899385 -0.0134434381 0.1710624657 0.9105277141 -0.3763999399 0.0837528244 0.3672098925 0.9263597353
0.9534134836 -0.3013673675 -0.0134327637 0.2744043787 0.8848896012 -0.3763942489 0.1253194569 0.3551733428 0.9263622025
0.9125411325 -0.4087646378 -0.0134220865 0.3741224323 0.8475635998 -0.3763885624 0.1652304063 0.3384485413 0.9263646678
0.8596167422 -0.5107633412 -0.0134114064 0.4688995162 0.7990426591 -0.3763828804 0.2029588634 0.3172564235 0.9263671311
0.7953392873 -0.6060163683 -0.0134007235 0.5574837746 0.7399675953 -0.3763772030 0.2380068468 0.2918768905 0.9263695924
0.7205576837 -0.6932657004 -0.0133900377 0.6387051413 0.6711186287 -0.3763715302 0.2699117762 0.2626451121 0.9263720517
0.6362595769 -0.7713590240 -0.0133793490 0.7114907947 0.5934050785 -0.3763658618 0.2982525775 0.2299471003 0.9263745091
0.5435582981 -0.8392649496 -0.0133686575 0.7748793278 0.5078533536 -0.3763601980 0.3226552401 0.1942146124 0.9263769645
0.4436781606 -0.8960866334 -0.0133579631 0.8280334477 0.4155933959 -0.3763545387 0.3427977528 0.1559194493 0.9263794179
0.3379382899 -0.9410736224 -0.0133472658 0.8702510351 0.3178437564 -0.3763488840 0.3584143526 0.1155672264 0.9263818694
0.2277352020 -0.9736317650 -0.0133365657 0.9009744187 0.2158955008 -0.3763432338 0.3692990315 0.0736906978 0.9263843189
0.1145243596 -0.9933310588 -0.0133258628 0.9197977418 0.1110951574 -0.3763375882 0.3753082538 0.0308427227 0.9263867665
-0.0001990507 -0.9999113296 -0.0133151570 0.9264723236 0.0048269320 -0.3763319470 0.3763628489 -0.0124110336 0.9263892121
-0.1149198649 -0.9932856670 -0.0133044484 0.9209099448 -0.1015055747 -0.3763263105 0.3724490546 -0.0554995676 0.9263916557
-0.2281229531 -0.9735415732 -0.0132937370 0.9031840133 -0.2064979059 -0.3763206785 0.3636186965 -0.0978540752 0.9263940973
-0.3383132296 -0.9409398068 -0.0132830227 0.8735285957 -0.3087632991 -0.3763150510 0.3499885015 -0.1389154604 0.9263965370
-0.4440353988 -0.8959109389 -0.0132723055 0.8323353265 -0.4069510027 -0.3763094281 0.3317385550 -0.1781417157 0.9263989747
-0.5438931755 -0.8390496672 -0.0132615856 0.7801482359 -0.4997641172 -0.3763038097 0.3091099217 -0.2150150766 0.9264014104
-0.6365677257 -0.7711069610 -0.0132508628 0.7176565651 -0.5859767251 -0.3762981958 0.2824014610 -0.2490488554 0.9264038441
-0.7208350846 -0.6929801437 -0.0132401372 0.6456856634 -0.6644500834 -0.3762925866 0.2519658805 -0.2797938652 0.9264062759
-0.7955823219 -0.6057010417 -0.0132294087 0.5651860874 -0.7341476649 -0.3762869818 0.2182050773 -0.3068443484 0.9264087057
-0.8598222400 -0.5104223566 -0.0132186774 0.4772210466 -0.7941488491 -0.3762813816 0.1815648321 -0.3298433315 0.9264111336
-0.9127064126 -0.4084024420 -0.0132079434 0.3829523609 -0.8436610825 -0.3762757860 0.1425289221 -0.3484873359 0.9264135594
-0.9535363895 -0.3009886837 -0.0131972064 0.2836251157 -0.8820303476 -0.3762701949 0.1016127341 -0.3625303824 0.9264159833
-0.9817729212 -0.1895997053 -0.0131864667 0.1805512166 -0.9087498020 -0.3762646084 0.0593564598 -0.3717872364 0.9264184052
-0.9970430814 -0.0757066316 -0.0131757242 0.0750920624 -0.9234664732 -0.3762590265 0.0163179640 -0.3761358515 0.9264208252
-0.9991451917 0.0391863399 -0.0131649788 -0.0313594367 -0.9259859220 -0.3762534491 -0.0269345806 -0.3755189782 0.9264232431
-0.9880514855 0.1535618060 -0.0131542306 -0.1373972565 -0.9162748111 -0.3762478762 -0.0698301936 -0.3699449178 0.9264256591
-0.9639084748 0.2659091974 -0.0131434797 -0.2416208299 -0.8944613464 -0.3762423080 -0.1118026246 -0.3594874107 0.9264280731
-0.9270350151 0.3747447295 -0.0131327259 -0.3426535455 -0.8608335844 -0.3762367443 -0.1522978284 -0.3442846608 0.9264304851
-0.8779180946 0.4786309988 -0.0131219693 -0.4391609308 -0.8158356282 -0.3762311851 -0.1907812780 -0.3245375089 0.9264328952
-0.8172064022 0.5761959670 -0.0131112099 -0.5298682779 -0.7600617626 -0.3762256305 -0.2267450203 -0.3005067797 0.9264353033
-0.7457017604 0.6661510811 -0.0131004477 -0.6135774807 -0.6942486054 -0.3762200805 -0.2597143809 -0.2725098366 0.9264377093
-0.6643485355 0.7473082922 -0.0130896828 -0.6891828599 -0.6192653787 -0.3762145350 -0.2892542290 -0.2409163904 0.9264401135
-0.5742211656 0.8185957458 -0.0130789150 -0.7556857671 -0.5361024287 -0.3762089942 -0.3149747202 -0.2061436172 0.9264425156
-0.4765099698 0.8790719381 -0.0130681444 -0.8122077765 -0.4458581456 -0.3762034578 -0.3365364414 -0.1686506498 0.9264449157
-0.3725054283 0.9279381504 -0.0130573711 -0.8580022872 -0.3497244566 -0.3761979261 -0.3536548897 -0.1289325153 0.9264473139
-0.2635811384 0.9645489982 -0.0130465949 -0.8924643852 -0.2489710828 -0.3761923989 -0.3661042264 -0.0875135994 0.9264497101
-0.1511756734 0.9884209545 -0.0130358160 -0.9151388342 -0.1449287693 -0.3761868763 -0.3737202561 -0.0449407229 0.9264521043
-0.0367735835 0.9992387363 -0.0130250343 -0.9257260889 -0.0389717084 -0.3761813583 -0.3764025929 -0.0017759225 0.9264544965
0.0781142114 0.9968594682 -0.0130142498 -0.9240862521 0.0675006103 -0.3761758448 -0.3741159828 0.0414109688 0.9264568868
0.1919703760 0.9813145697 -0.0130034626 -0.9102409238 0.1730818850 -0.3761703360 -0.3668907676 0.0840498446 0.9264592750
0.3032911993 0.9528093403 -0.0129926725 -0.8843729162 0.2763775760 -0.3761648317 -0.3548224818 0.1255778506 0.9264616613
0.4106064546 0.9117202478 -0.0129818797 -0.8468238399 0.3760233253 -0.3761593319 -0.3380705898 0.1654468149 0.9264640456
0.5124988166 0.8585899568 -0.0129710841 -0.7980895929 0.4707029772 -0.3761538368 -0.3168563786 0.2031304835 0.9264664279
0.6076225806 0.7941201613 -0.0129602858 -0.7388138113 0.5591659627 -0.3761483462 -0.2914600347 0.2381314669 0.9264688082
0.6947214347 0.7191623176 -0.0129494846 -0.6697793686 0.6402438176 -0.3761428603 -0.2622169437 0.2699878052 0.9264711866
0.7726450528 0.6347063990 -0.0129386808 -0.5918980365 0.7128656161 -0.3761373789 -0.2295132606 0.2982790647 0.9264735629
0.8403642867 0.5418678212 -0.0129278741 -0.5061984419 0.7760721163 -0.3761319021 -0.1937808116 0.3226318873 0.9264759373
0.8969847584 0.4418727109 -0.0129170647 -0.4138124822 0.8290284304 -0.3761264298 -0.1554913913 0.3427249174 0.9264783096
0.9417586720 0.3360417123 -0.0129062525 -0.3159603746 0.8710350530 -0.3761209622 -0.1151505338 0.3582930423 0.9264806800
0.9740946903 0.2257725450 -0.0128954376 -0.2139345401 0.9015371006 -0.3761154992 -0.0732908380 0.3691308902 0.9264830484
0.9935657445 0.1125215446 -0.0128846200 -0.1090825334 0.9201316418 -0.3761100407 -0.0304649362 0.3750955396 0.9264854148
0.9999146746 -0.0022155716 -0.0128737995 -0.0027892442 0.9265730192 -0.3761045868 0.0127618020 0.3761084037 0.9264877792
0.9930576261 -0.1169234586 -0.0128629764 0.1035413945 0.9207760957 -0.3760991376 0.0558187331 0.3721562662 0.9264901416
0.9730851568 -0.2300871570 -0.0128521505 0.2085049494 0.9028173792 -0.3760936929 0.0981374734 0.3632914531 0.9264925021
0.9402610417 -0.3402121013 -0.0128413218 0.3107150373 0.8729340134 -0.3760882528 0.1391594013 0.3496311406 0.9264948605
0.8950187888 -0.4458438585 -0.0128304904 0.4088216366 0.8315206455 -0.3760828173 0.1783430320 0.3313558056 0.9264972170
0.8379559139 -0.5455873374 -0.0128196563 0.5015289187 0.7791242155 -0.3760773864 0.2151711645 0.3087068417 0.9264995714
0.7698260492 -0.6381252135 -0.0128088194 0.5876123639 0.7164367318 -0.3760719601 0.2491577085 0.2819833706 0.9265019239
0.6915289901 -0.7222353270 -0.0127979798 0.6659349356 0.6442861323 -0.3760665384 0.2798541003 0.2515382916 0.9265042744
0.6040988113 -0.7968068243 -0.0127871375 0.7354620986 0.5636253494 -0.3760611213 0.3068552226 0.2177736214 0.9265066228
0.5086902102 -0.8608548289 -0.0127762924 0.7952754842 0.4755197243 -0.3760557088 0.3298047519 0.1811351854 0.9265089693
0.4065632561 -0.9135334489 -0.0127654446 0.8445850203 0.3811329357 -0.3760503009 0.3483998597 0.1421067315 0.9265113138
0.2990667489 -0.9541469489 -0.0127545941 0.8827393681 0.2817116308 -0.3760448976 0.3623952092 0.1012035427 0.9265136563
0.1876204051 -0.9821589386 -0.0127437409 0.9092345252 0.1785689597 -0.3760394989 0.3716061917 0.0589656340 0.9265159968
0.0736961074 -0.9971994572 -0.0127328849 0.9237204836 0.0730672309 -0.3760341048 0.3759113619 0.0159506232 0.9265183353
-0.0412015343 -0.9990698592 -0.0127220262 0.9260058530 -0.0334000815 -0.3760287154 0.3752540390 -0.0272736308 0.9265206718
-0.1555550549 -0.9877454385 -0.0127111648 0.9160603900 -0.1394267433 -0.3760233305 0.3696430531 -0.0701365244 0.9265230063
-0.2678541747 -0.9633757540 -0.0127003007 0.8940153981 -0.2436123336 -0.3760179502 0.3591526264 -0.1120722422 0.9265253388
-0.3766157467 -0.9262826553 -0.0126894339 0.8601619939 -0.3445807423 -0.3760125746 0.3439213915 -0.1525272253 0.9265276693
-0.4804033441 -0.8769560314 -0.0126785644 0.8149472634 -0.4409983456 -0.3760072035 0.3241505591 -0.1909674793 0.9265299978
-0.5778462313 -0.8160473409 -0.0126676922 0.7589683567 -0.5315916214 -0.3760018371 0.3001012603 -0.2268856220 0.9265323243
-0.6676574679 -0.7443610082 -0.0126568172 0.6929646024 -0.6151639703 -0.3759964753 0.2720910975 -0.2598075810 0.9265346489
-0.7486509051 -0.6628437994 -0.0126459396 0.6178077422 -0.6906115209 -0.3759911181 0.2404899497 -0.2892988503 0.9265369714
-0.8197568514 -0.5725723185 -0.0126350593 0.5344904180 -0.7569377102 -0.3759857655 0.2057150887 -0.3149702254 0.9265392919
-0.8800361999 -0.4747387882 -0.0126241762 0.4441130613 -0.8132664474 -0.3759804176 0.1682256689 -0.3364829395 0.9265416104
-0.9286928319 -0.3706353044 -0.0126132905 0.3478693588 -0.8588536853 -0.3759750742 0.1285166651 -0.3535531337 0.9265439269
-0.9650841307 -0.2616367714 -0.0126024021 0.2470304868 -0.8930972492 -0.3759697355 0.0871123371 -0.3659556028 0.9265462414
-0.9887294691 -0.1491827432 -0.0125915110 0.1429283214 -0.9155447907 -0.3759644014 0.0445593085 -0.3735267665 0.9265485539
-0.9993165569 -0.0347584114 -0.0125806172 0.0369378470 -0.9258997633 -0.3759590719 0.0014193496 -0.3761668262 0.9265508644
-0.9967055658 0.0801250100 -0.0125697207 -0.0695410042 -0.9240253399 -0.3759537470 -0.0417380382 -0.3738410811 0.9265531729
-0.9809309757 0.1939502433 -0.0125588215 -0.1751018430 -0.9099462209 -0.3759484268 -0.0843431410 -0.3665803843 0.9265554794
-0.9522011197 0.3052139860 -0.0125479197 -0.2783503987 -0.8838483086 -0.3759431112 -0.1258335531 -0.3544807330 0.9265577839
-0.9108954326 0.4124467652 -0.0125370152 -0.3779229353 -0.8460762527 -0.3759378002 -0.1656616004 -0.3377019995 0.9265600864
-0.8575594395 0.5142323447 -0.0125261080 -0.4725042637 -0.7971288985 -0.3759324938 -0.2033015704 -0.3164658193 0.9265623868
-0.7928975513 0.6092264299 -0.0125151981 -0.5608451136 -0.7376526993 -0.3759271921 -0.2382566508 -0.2910526624 0.9265646853
-0.7177637616 0.6961744217 -0.0125042856 -0.6417786341 -0.6684331782 -0.3759218950 -0.2700654872 -0.2617981301 0.9265669818
-0.6331503675 0.7739279862 -0.0124933704 -0.7142358063 -0.5903845535 -0.3759166025 -0.2983082721 -0.2290885226 0.9265692762
-0.5401748646 0.8414602213 -0.0124824525 -0.7772595634 -0.5045376642 -0.3759113147 -0.3226122854 -0.1933557379 0.9265715687
-0.4400651883 0.8978792184 -0.0124715319 -0.8300174324 -0.4120263552 -0.3759060315 -0.3426568136 -0.1550715696 0.9265738591
-0.3341434960 0.9424398428 -0.0124606087 -0.8718125302 -0.3140725014 -0.3759007529 -0.3581773810 -0.1147414769 0.9265761475
-0.2238087053 0.9745535741 -0.0124496829 -0.9020927687 -0.2119698697 -0.3758954790 -0.3689692402 -0.0728979116 0.9265784340
-0.1105180186 0.9937962794 -0.0124387544 -0.9204581475 -0.1070670306 -0.3758902097 -0.3748900723 -0.0300932884 0.9265807184
0.0042323225 0.9999138146 -0.0124278232 -0.9266660382 -0.0007495467 -0.3758849450 -0.3758618644 0.0131073080 0.9265830008
0.1189267982 0.9928253812 -0.0124168894 -0.9206343895 0.1055783281 -0.3758796850 -0.3718719371 0.0561335828 0.9265852812
0.2320506260 0.9726245932 -0.0124059529 -0.9024428118 0.2105121960 -0.3758744296 -0.3629731098 0.0984175597 0.9265875596
0.3421097669 0.9395782411 -0.0123950138 -0.8723315265 0.3126660651 -0.3758691788 -0.3492830017 0.1394010784 0.9265898359
0.4476506568 0.8941227680 -0.0123840720 -0.8306981938 0.4106906559 -0.3758639327 -0.3309824773 0.1785431626 0.9265921103
0.5472794046 0.8368585060 -0.0123731276 -0.7780926611 0.5032912227 -0.3758586913 -0.3083132563 0.2153271605 0.9265943826
0.6396802009 0.7685417472 -0.0123621805 -0.7152097012 0.5892446555 -0.3758534545 -0.2815747217 0.2492675647 0.9265966530
0.7236326963 0.6900747553 -0.0123512309 -0.6428798362 0.6674156351 -0.3758482223 -0.2511199655 0.2799164198 0.9265989213
0.7980281188 0.6024938498 -0.0123402785 -0.5620583686 0.7367716292 -0.3758429948 -0.2173511257 0.3068692349 0.9266011876
0.8618839174 0.5069557188 -0.0123293236 -0.4738127639 0.7963965306 -0.3758377719 -0.1807140773 0.3297703220 0.9266034519
0.9143567385 0.4047221424 -0.0123183660 -0.3793085521 0.8455027581 -0.3758325537 -0.1416925439 0.3483174896 0.9266057141
0.9547535650 0.2971433290 -0.0123074058 -0.2797939332 0.8834416593 -0.3758273401 -0.1008017120 0.3622660302 0.9266079744
0.9825408681 0.1856400821 -0.0122964429 -0.1765832914 0.9097120791 -0.3758221312 -0.0585814286 0.3714319494 0.9266102326
0.9973516544 0.0716850362 -0.0122854774 -0.0710398348 0.9239669796 -0.3758169269 -0.0155890745 0.3756943921 0.9266124889
0.9989903129 -0.0432167925 -0.0122745093 0.0354424100 0.9260180242 -0.3758117273 0.0276077943 0.3749972368 0.9266147431
0.9874351979 -0.1575478835 -0.0122635386 0.1414570105 0.9158380667 -0.3758065323 0.0704389393 0.3693498341 0.9266169953
0.9628389155 -0.2697982533 -0.0122525653 0.2456037041 0.8935615099 -0.3758013420 0.1123389664 0.3588268811 0.9266192454
0.9255263079 -0.3784853984 -0.0122415894 0.3465068938 0.8594825312 -0.3757961563 0.1527547902 0.3435674340 0.9266214936
0.8759901634 -0.4821738750 -0.0122306108 0.4428338169 0.8140511983 -0.3757909753 0.1911529342 0.3237730698 0.9266237397
0.8148847079 -0.5794942566 -0.0122196296 0.5333121488 0.7578675248 -0.3757857990 0.2270265727 0.2997052241 0.9266259838
0.7430169648 -0.6691612205 -0.0122086459 0.6167468085 0.6916735461 -0.3757806273 0.2599022206 0.2716817378 0.9266282259
0.6613360961 -0.7499905234 -0.0121976595 0.6920357436 0.6163435187 -0.3757754603 0.2893459825 0.2400726596 0.9266304660
0.5709208674 -0.8209146412 -0.0121866705 0.7581844869 0.5328723740 -0.3757702979 0.3149692794 0.2052953599 0.9266327041
0.4729654002 -0.8809968689 -0.0121756789 0.8143192921 0.4423625774 -0.3757651403 0.3364339767 0.1678090197 0.9266349401
