1977
42924
-0.8553126602 0.5178105030 0.0176786969 -0.4772493686 -0.7741146859 -0.4159080346 -0.2016762097 -0.3641685543 0.9092348269
-0.7902551435 0.6125231412 0.0176694552 -0.5629087094 -0.7142464871 -0.4159155450 -0.2421375498 -0.3386256890 0.9092315710
-0.7147606331 0.6991461609 0.0176602097 -0.6411335687 -0.6449463251 -0.4159230516 -0.2794011174 -0.3086079770 0.9092283168
-0.6298261885 0.7765355213 0.0176509605 -0.7108909574 -0.5671294568 -0.4159305542 -0.3129744701 -0.2745118638 0.9092250644
-0.5365735435 0.8436691310 0.0176417075 -0.7712597165 -0.4818236044 -0.4159380529 -0.3424139046 -0.2367876932 0.9092218136
-0.4362342917 0.8996603467 0.0176324507 -0.8214426813 -0.3901553828 -0.4159455477 -0.3673303201 -0.1959337589 0.9092185645
-0.3301336205 0.9437696837 0.0176231901 -0.8607772076 -0.2933354200 -0.4159530385 -0.3873943617 -0.1524897229 0.9092153171
-0.2196728093 0.9754145818 0.0176139257 -0.8887439219 -0.1926423695 -0.4159605254 -0.4023407736 -0.1070294866 0.9092120715
-0.1063107229 0.9941771000 0.0176046576 -0.9049735791 -0.0894060234 -0.4159680084 -0.4119719059 -0.0601536097 0.9092088275
0.0084554562 0.9998094357 0.0175953857 -0.9092519377 0.0150102495 -0.4159754875 -0.4161603285 -0.0124813760 0.9092055852
0.1231100009 0.9922371977 0.0175861100 -0.9015225877 0.1192275084 -0.4159829626 -0.4148505172 0.0353573875 0.9092023447
0.2361386581 0.9715603888 0.0175768306 -0.8818876945 0.2218694511 -0.4159904338 -0.4080595894 0.0827306322 0.9091991058
0.3460486472 0.9380520855 0.0175675474 -0.8506066486 0.3215805898 -0.4159979010 -0.3958770808 0.1290124383 0.9091958687
0.4513883759 0.8921548305 0.0175582604 -0.8080926386 0.4170441515 -0.4160053643 -0.3784637651 0.1735912848 0.9091926332
0.5507666111 0.8344747892 0.0175489697 -0.7549071937 0.5069994669 -0.4160128237 -0.3560495316 0.2158781296 0.9091893995
0.6428708533 0.7657737432 0.0175396752 -0.6917527668 0.5902586188 -0.4160202791 -0.3289303509 0.2553141929 0.9091861675
0.7264846707 0.6869590301 0.0175303770 -0.6194634566 0.6657221292 -0.4160277306 -0.2974643662 0.2913783409 0.9091829372
0.8005037653 0.5990715597 0.0175210750 -0.5389939918 0.7323934785 -0.4160351781 -0.2620671641 0.3235939724 0.9091797086
0.8639505568 0.5032720670 0.0175117693 -0.4514071218 0.7893922645 -0.4160426217 -0.2232062853 0.3515353173 0.9091764817
0.9159870940 0.4008257820 0.0175024598 -0.3578595809 0.8359658287 -0.4160500613 -0.1813950495 0.3748330637 0.9091732565
0.9559261218 0.2930857203 0.0174931465 -0.2595868120 0.8714991946 -0.4160574970 -0.1371857743 0.3931792394 0.9091700331
0.9832401578 0.1814748131 0.0174838295 -0.1578866503 0.8955231883 -0.4160649287 -0.0911624799 0.4063312829 0.9091668113
0.9975684588 0.0674671147 0.0174745088 -0.0541021837 0.9077206332 -0.4160723565 -0.0439331736 0.4141152503 0.9091635913
0.9987217853 -0.0474316655 0.0174651843 0.0503959845 0.9079305376 -0.4160797803 0.0038781828 0.4164281162 0.9091603730
0.9866849009 -0.1617040489 0.0174558561 0.1542278362 0.8961502198 -0.4160872002 0.0516399157 0.4132391368 0.9091571563
0.9616167735 -0.2738408293 0.0174465241 0.2560221630 0.8725353417 -0.4160946161 0.0987209858 0.4045902590 0.9091539415
0.9238484758 -0.3823610051 0.0174371884 0.3544346748 0.8373978526 -0.4161020280 0.1444993255 0.3905955686 0.9091507283
0.8738788132 -0.4858313390 0.0174278490 0.4481657520 0.7912018681 -0.4161094360 0.1883700578 0.3714397851 0.9091475168
0.8123677355 -0.5828852872 0.0174185058 0.5359776084 0.7345575395 -0.4161168400 0.2297534890 0.3473758241 0.9091443071
0.7401276214 -0.6722410469 0.0174091589 0.6167106367 0.6682129955 -0.4161242401 0.2681027685 0.3187214575 0.9091410991
0.6581125495 -0.7527184858 0.0173998083 0.6892987223 0.5930444611 -0.4161316361 0.3029111151 0.2858551176 0.9091378928
0.5674056970 -0.8232547279 0.0173904540 0.7527833211 0.5100446850 -0.4161390283 0.3337185139 0.2492108991 0.9091346882
0.4692050351 -0.8829181913 0.0173810959 0.8063261177 0.4203098285 -0.4161464164 0.3601177959 0.2092728255 0.9091314853
0.3648075065 -0.9309208914 0.0173717341 0.8492200956 0.3250249889 -0.4161538006 0.3817600193 0.1665684560 0.9091282842
0.2555918971 -0.9666288483 0.0173623686 0.8808988727 0.2254485479 -0.4161611808 0.3983590821 0.1216619166 0.9091250848
0.1430006259 -0.9895704595 0.0173529993 0.9009441798 0.1228955531 -0.4161685570 0.4096955038 0.0751464479 0.9091218871
0.0285206955 -0.9994427290 0.0173436264 0.9090913839 0.0187203510 -0.4161759293 0.4156193277 0.0276365683 0.9091186911
-0.0863359479 -0.9961152684 0.0173342497 0.9052329811 -0.0857012993 -0.4161832975 0.4160521048 -0.0202400449 0.9091154969
-0.2000523818 -0.9796320194 0.0173248693 0.8894200155 -0.1889903941 -0.4161906618 0.4109879324 -0.0678508476 0.9091123043
-0.3111267424 -0.9502106735 0.0173154852 0.8618614036 -0.2897828969 -0.4161980221 0.4004935344 -0.1145667864 0.9091091135
-0.4180920594 -0.9082397970 0.0173060974 0.8229211746 -0.3867477516 -0.4162053785 0.3847073827 -0.1597706098 0.9091059245
-0.5195356303 -0.8542736990 0.0172967059 0.7731136613 -0.4786044602 -0.4162127308 0.3638378697 -0.2028650238 0.9091027371
-0.6141176788 -0.7890251108 0.0172873107 0.7130967073 -0.5641399930 -0.4162200792 0.3381605574 -0.2432805846 0.9090995515
-0.7005890486 -0.7133557729 0.0172779118 0.6436629776 -0.6422248073 -0.4162274236 0.3080145390 -0.2804832225 0.9090963676
-0.7778077015 -0.6282650540 0.0172685092 0.5657294903 -0.7118277636 -0.4162347639 0.2737979607 -0.3139813001 0.9090931855
-0.8447538006 -0.5348767520 0.0172591029 0.4803255050 -0.7720297424 -0.4162421003 0.2359627634 -0.3433321089 0.9090900050
-0.9005431790 -0.4344242522 0.0172496929 0.3885789296 -0.8220357810 -0.4162494327 0.1950087133 -0.3681477202 0.9090868263
-0.9444390175 -0.3282342379 0.0172402792 0.2917014246 -0.8611855710 -0.4162567612 0.1514768004 -0.3881001125 0.9090836494
-0.9758615759 -0.2177091687 0.0172308618 0.1909724006 -0.8889621776 -0.4162640856 0.1059420924 -0.4029255075 0.9090804741
-0.9943958492 -0.1043087581 0.0172214407 0.0877221224 -0.9049988651 -0.4162714060 0.0590061377 -0.4124278569 0.9090773006
-0.9997970495 0.0104693050 0.0172120159 -0.0166858594 -0.9090839386 -0.4162787224 0.0112890183 -0.4164814357 0.9090741289
-0.9919938382 0.1251091365 0.0172025874 -0.1208727156 -0.9011635389 -0.4162860348 -0.0365788418 -0.4150325049 0.9090709588
-0.9710892687 0.2380966772 0.0171931553 -0.2234625473 -0.8813423525 -0.4162933432 -0.0839650058 -0.4081000245 0.9090677905
-0.9373594253 0.3479396895 0.0171837194 -0.3231005566 -0.8498822278 -0.4163006477 -0.1302433803 -0.3957754052 0.9090646240
-0.8912497771 0.4531874656 0.0171742799 -0.4184709372 -0.8071987160 -0.4163079481 -0.1748024872 -0.3782213029 0.9090614591
-0.8333692944 0.5524499865 0.0171648367 -0.5083142518 -0.7538555821 -0.4163152445 -0.2170535432 -0.3556694727 0.9090582960
-0.7644824063 0.6444162809 0.0171553899 -0.5914440628 -0.6905573588 -0.4163225369 -0.2564382401 -0.3284177083 0.9090551347
-0.6854989049 0.7278717388 0.0171459393 -0.6667626008 -0.6181400414 -0.4163298253 -0.2924361222 -0.2968259104 0.9090519751
-0.5974619293 0.8017141535 0.0171364851 -0.7332752608 -0.5375600460 -0.4163371096 -0.3245714637 -0.2613113333 0.9090488172
-0.5015341891 0.8649682781 0.0171270272 -0.7901037360 -0.4498815792 -0.4163443900 -0.3524195561 -0.2223430742 0.9090456610
-0.3989826086 0.9167987058 0.0171175657 -0.8364976166 -0.3562625820 -0.4163516664 -0.3756123207 -0.1804358768 0.9090425066
-0.2911615938 0.9565209037 0.0171081005 -0.8718442981 -0.2579394386 -0.4163589387 -0.3938431745 -0.1361433320 0.9090393540
-0.1794951454 0.9836102529 0.0170986316 -0.8956770710 -0.1562106467 -0.4163662070 -0.4068710819 -0.0900505651 0.9090362030
-0.0654580514 0.9977089777 0.0170891590 -0.9076812825 -0.0524196702 -0.4163734713 -0.4145237423 -0.0427665059 0.9090330539
0.0494435903 0.9986308706 0.0170796828 -0.9076984911 0.0520628038 -0.4163807316 -0.4166998687 0.0050841560 0.9090299064
0.1636922632 0.9863637519 0.0170702029 -0.8957285579 0.1558569666 -0.4163879879 -0.4133705280 0.0528692238 0.9090267607
0.2757790742 0.9610696302 0.0170607194 -0.8719296470 0.2575921092 -0.4163952401 -0.4045795261 0.0999573467 0.9090236168
0.3842236813 0.9230825630 0.0170512322 -0.8366161355 0.3559247245 -0.4164024883 -0.3904428313 0.1457263609 0.9090204746
0.4875938453 0.8729042451 0.0170417414 -0.7902544611 0.4495562494 -0.4164097325 -0.3711470445 0.1895715105 0.9090173341
0.5845243450 0.8111973821 0.0170322469 -0.7334569609 0.5372502130 -0.4164169727 -0.3469469364 0.2309134381 0.9090141954
0.6737350079 0.7387769387 0.0170227488 -0.6669737836 0.6178485659 -0.4164242088 -0.3181620831 0.2692058404 0.9090110584
0.7540476180 0.6565993750 0.0170132470 -0.5916829822 0.6902869719 -0.4164314409 -0.2851726466 0.3039426873 0.9090079232
0.8244014761 0.5657500146 0.0170037416 -0.5085789174 0.7536088639 -0.4164386690 -0.2484143534 0.3346649089 0.9090047897
0.8838674088 0.4674287108 0.0169942326 -0.4187591252 0.8069780749 -0.4164458930 -0.2083727400 0.3609664624 0.9090016580
0.9316600404 0.3629340000 0.0169847199 -0.3234098216 0.8496898799 -0.4164531130 -0.1655767387 0.3824996989 0.9089985280
0.9671481653 0.2536459516 0.0169752035 -0.2237902372 0.8811803017 -0.4164603289 -0.1205916914 0.3989799582 0.9089953998
0.9898630845 0.1410079417 0.0169656835 -0.1212159870 0.9010335576 -0.4164675409 -0.0740118809 0.4101893325 0.9089922733
0.9995047955 0.0265075899 0.0169561599 -0.0170416959 0.9089875490 -0.4164747487 -0.0264526801 0.4159795469 0.9089891486
0.9959459553 -0.0883428872 0.0169466327 0.0873568912 0.9049373220 -0.4164819526 0.0214575777 0.4162739213 0.9089860256
0.9792335614 -0.2020266487 0.0169371018 0.1906010770 0.8889364518 -0.4164891524 0.0690859005 0.4110683858 0.9089829044
0.9495883317 -0.3130422619 0.0169275673 0.2913274197 0.8611963345 -0.4164963481 0.1158030000 0.4004315369 0.9089797850
0.9074017893 -0.4199235324 0.0169180292 0.3882057384 0.8220833936 -0.4165035398 0.1609916068 0.3845037333 0.9089766672
0.8532310918 -0.5212588676 0.0169084875 0.4799566788 0.7721142405 -0.4165107275 0.2040546262 0.3634952442 0.9089735513
0.7877916728 -0.6157099204 0.0168989421 0.5653686089 0.7119488505 -0.4165179111 0.2444230275 0.3376834733 0.9089704371
0.7119477932 -0.7020292644 0.0168893931 0.6433136187 0.6423818466 -0.4165250907 0.2815633635 0.3074092957 0.9089673246
0.6267011270 -0.7790768694 0.0168798405 0.7127624153 0.5643320038 -0.4165322662 0.3149848197 0.2730725565 0.9089642139
0.5331775320 -0.8458351571 0.0168702843 0.7727979148 0.4788301158 -0.4165394376 0.3442457005 0.2351267898 0.9089611050
0.4326121803 -0.9014224412 0.0168607244 0.8226273525 0.3870053807 -0.4165466050 0.3689592665 0.1940732281 0.9089579978
0.3263332459 -0.9451045715 0.0168511610 0.8615927517 0.2900704885 -0.4165537684 0.3887988462 0.1504541815 0.9089548924
0.2157443629 -0.9763046300 0.0168415939 0.8891796114 0.1893056052 -0.4165609276 0.4035021542 0.1048458739 0.9089517888
0.1023060879 -0.9946105506 0.0168320233 0.9050237004 0.0860414667 -0.4165680829 0.4128747583 0.0578508309 0.9089486869
-0.0124833902 -0.9997805610 0.0168224490 0.9089158658 -0.0183581955 -0.4165752340 0.4167926510 0.0100899196 0.9089455867
-0.1271080360 -0.9917463761 0.0168128711 0.9008047940 -0.1225146640 -0.4165823811 0.4152038901 -0.0378058534 0.9089424883
-0.2400539910 -0.9706140999 0.0168032896 0.8807976874 -0.2250524432 -0.4165895241 0.4081292874 -0.0852036792 0.9089393917
-0.3498295666 -0.9366628240 0.0167937046 0.8491588476 -0.3246174238 -0.4165966631 0.3956621360 -0.1314773073 0.9089362969
-0.4549849453 -0.8903409420 0.0167841159 0.8063061833 -0.4198947657 -0.4166037980 0.3779669804 -0.1760153198 0.9089332038
-0.5541313286 -0.8322602274 0.0167745236 0.7528056910 -0.5096262607 -0.4166109288 0.3552774441 -0.2182292106 0.9089301125
-0.6459592785 -0.7631877539 0.0167649278 0.6893639788 -0.5926269489 -0.4166180556 0.3278931461 -0.2575611613 0.9089270229
-0.7292560124 -0.6840357646 0.0167553283 0.6168189340 -0.6678007664 -0.4166251783 0.2961757435 -0.2934914124 0.9089239351
-0.8029214196 -0.5958496242 0.0167457253 0.5361286570 -0.7341550193 -0.4166322969 0.2605441558 -0.3255451320 0.9089208491
-0.8659825907 -0.4997940125 0.0167361187 0.4483588079 -0.7908134927 -0.4166394114 0.2214690316 -0.3532986907 0.9089177648
-0.9176066675 -0.3971375425 0.0167265084 0.3546685321 -0.8370280211 -0.4166465219 0.1794665321 -0.3763852603 0.9089146823
-0.9571118421 -0.2892360060 0.0167168946 0.2562951522 -0.8721883679 -0.4166536283 0.1350915124 -0.3944996626 0.9089116016
-0.9839763619 -0.1775144671 0.0167072773 0.1545378271 -0.8958302828 -0.4166607306 0.0889301925 -0.4074024035 0.9089085226
-0.9978454207 -0.0634484415 0.0166976563 0.0507403951 -0.9076416323 -0.4166678288 0.0415924124 -0.4149228392 0.9089054454
-0.9985358440 0.0514555904 0.0166880318 -0.0537263737 -0.9074665203 -0.4166749229 -0.0062964240 -0.4169614333 0.9089023700
-0.9860385093 0.1656800806 0.0166784037 -0.1574828797 -0.8953073454 -0.4166820130 -0.0541036122 -0.4134910739 0.9088992964
-0.9605184656 0.2777164549 0.0166687720 -0.2591589130 -0.8713247688 -0.4166890989 -0.1011975054 -0.4045574348 0.9088962245
-0.9223127544 0.3860850376 0.0166591368 -0.3574117484 -0.8358355909 -0.4166961808 -0.1469558612 -0.3902783735 0.9088931544
-0.8719259581 0.4893545931 0.0166494979 -0.4509438776 -0.7893085667 -0.4167032586 -0.1907740622 -0.3708423772 0.9088900860
-0.8100235359 0.5861612290 0.0166398556 -0.5385201434 -0.7323582143 -0.4167103323 -0.2320731056 -0.3465060742 0.9088870195
-0.7374230354 0.6752264087 0.0166302096 -0.6189840510 -0.6657366984 -0.4167174019 -0.2703072539 -0.3175908459 0.9088839547
-0.6550832948 0.7553738371 0.0166205601 -0.6912730400 -0.5903238962 -0.4167244674 -0.3049712462 -0.2844785823 0.9088808917
-0.5640917798 0.8255449968 0.0166109070 -0.7544325164 -0.5071157768 -0.4167315288 -0.3356069756 -0.2476066382 0.9088778304
-0.4656502213 0.8848131271 0.0166012504 -0.8076284578 -0.4172112475 -0.4167385862 -0.3618095432 -0.2074620571 0.9088747710
-0.3610587440 0.9323954647 0.0165915902 -0.8501584267 -0.3217976408 -0.4167456394 -0.3832326095 -0.1645751374 0.9088717133
-0.2516986955 0.9676635812 0.0165819265 -0.8814608461 -0.2221350342 -0.4167526885 -0.3995929722 -0.1195124270 0.9088686574
-0.1390144030 0.9901516833 0.0165722592 -0.9011224149 -0.1195396081 -0.4167597335 -0.4106743103 -0.0728692398 0.9088656032
-0.0244940977 0.9995627643 0.0165625883 -0.9088835644 -0.0153662649 -0.4167667744 -0.4163300440 -0.0252617904 0.9088625509
0.0903497404 0.9957725270 0.0165529140 -0.9046418855 0.0890092649 -0.4167738113 -0.4164852739 0.0226809464 0.9088595003
0.2040003578 0.9788310249 0.0165432360 -0.8884534798 0.1922085905 -0.4167808440 -0.4111377728 0.0703255457 0.9088564515
0.3149567594 0.9489620020 0.0165335546 -0.8605322177 0.2928688641 -0.4167878726 -0.4003580173 0.1170425013 0.9088534045
0.4217535324 0.9065599371 0.0165238695 -0.8212469126 0.3896607785 -0.4167948971 -0.3842882596 0.1622145433 0.9088503593
0.5229802003 0.8521848344 0.0165141810 -0.7711164496 0.4813061217 -0.4168019175 -0.3631406494 0.2052447937 0.9088473158
0.6172998510 0.7865548270 0.0165044889 -0.7108029317 0.5665946567 -0.4168089337 -0.3371944340 0.2455646536 0.9088442741
0.7034667934 0.7105366932 0.0164947932 -0.6411029352 0.6444001038 -0.4168159459 -0.3067922704 0.2826413165 0.9088412342
0.7803430098 0.6251344085 0.0164850941 -0.5629369889 0.7136950130 -0.4168229539 -0.2723357002 0.3159848092 0.9088381961
0.8469131856 0.5314758861 0.0164753914 -0.4773374169 0.7735643326 -0.4168299579 -0.2342798463 0.3451544667 0.9088351598
0.9022981188 0.4307980803 0.0164656852 -0.3854347048 0.8232174919 -0.4168369577 -0.1931274012 0.3697647563 0.9088321253
0.9457663316 0.3244306505 0.0164559754 -0.2884425696 0.8619988414 -0.4168439534 -0.1494219867 0.3894903728 0.9088290925
0.9767437311 0.2137783996 0.0164462621 -0.1876419309 0.8893963096 -0.4168509449 -0.1037409727 0.4040705389 0.9088260616
0.9948211920 0.1003027212 0.0164365453 -0.0843639944 0.9050481648 -0.4168579324 -0.0566878502 0.4133124526 0.9088230324
0.9997599592 -0.0144977012 0.0164268250 0.0200273284 0.9087477913 -0.4168649157 -0.0088842580 0.4170938366 0.9088200050
0.9914948018 -0.1291066879 0.0164171012 0.1241534321 0.9004464162 -0.4168718949 0.0390382297 0.4153645563 0.9088169794
0.9701348741 -0.2420105869 0.0164073738 0.2266392239 0.8802537532 -0.4168788700 0.0864464476 0.4081472845 0.9088139556
0.9359622746 -0.3517182650 0.0163976430 0.3261312826 0.8484365516 -0.4168858409 0.1327140050 0.3955372042 0.9088109335
0.8894283199 -0.4567808010 0.0163879086 0.4213157320 0.8054150736 -0.4168928078 0.1772295621 0.3777007533 0.9088079133
0.8311475846 -0.5558106226 0.0163781707 0.5109355920 0.7517575422 -0.4168997704 0.2194049076 0.3548734275 0.9088048949
0.7618897841 -0.6474998312 0.0163684293 0.5938073773 0.6881726368 -0.4169067290 0.2586827315 0.3273566718 0.9088018782
0.6825696093 -0.7306374764 0.0163586844 0.6688367267 0.6155001329 -0.4169136834 0.2945439891 0.2955138989 0.9087988633
0.5942346463 -0.8041255483 0.0163489360 0.7350328540 0.5346998117 -0.4169206337 0.3265147602 0.2597656904 0.9087958503
0.4980515405 -0.8669934798 0.0163391840 0.7915216324 0.4468387836 -0.4169275799 0.3541725122 0.2205842410 0.9087928390
0.3952905890 -0.9184109647 0.0163294286 0.8375571367 0.3530773955 -0.4169345219 0.3771516843 0.1784871222 0.9087898295
0.2873089636 -0.9576989234 0.0163196697 0.8725314934 0.2546539065 -0.4169414597 0.3951485194 0.1340304444 0.9087868218
0.1755327862 -0.9843384722 0.0163099073 0.8959829075 0.1528681351 -0.4169483935 0.4079250795 0.0878015114 0.9087838159
0.0614382946 -0.9979777760 0.0163001414 0.9076017595 0.0490642926 -0.4169553230 0.4153123911 0.0404110610 0.9087808118
-0.0534676550 -0.9984366949 0.0162903720 0.9072346936 -0.0553867681 -0.4169622485 0.4172126803 -0.0075148030 0.9087778095
-0.1676674888 -0.9857091636 0.0162805991 0.8948866417 -0.1591056568 -0.4169691698 0.4136006670 -0.0553428829 0.9087748090
-0.2796529583 -0.9599632718 0.0162708228 0.8707207569 -0.2607226619 -0.4169760869 0.4045239009 -0.1024412532 0.9087718103
-0.3879450599 -0.9215390437 0.0162610429 0.8350562582 -0.3588958393 -0.4169829999 0.3901021356 -0.1481876092 0.9087688134
-0.4911135680 -0.8709439476 0.0162512596 0.7883642132 -0.4523287336 -0.4169899088 0.3705257489 -0.1919774905 0.9087658183
-0.5877959245 -0.8088461941 0.0162414727 0.7312613169 -0.5397874989 -0.4169968135 0.3460532295 -0.2332322667 0.9087628250
-0.6767152339 -0.7360659105 0.0162316824 0.6645017456 -0.6201171927 -0.4170037140 0.3170077638 -0.2714067846 0.9087598335
-0.7566971279 -0.6535643097 0.0162218887 0.5889671970 -0.6922570272 -0.4170106104 0.2837729681 -0.3059965709 0.9087568438
-0.8266852749 -0.5624309952 0.0162120914 0.5056552454 -0.7552543779 -0.4170175026 0.2467878220 -0.3365444997 0.9087538559
-0.8857553314 -0.4638695707 0.0162022907 0.4156661665 -0.8082773631 -0.4170243907 0.2065408699 -0.3626468333 0.9087508698
-0.9331271499 -0.3591817443 0.0161924865 0.3201884069 -0.8506258285 -0.4170312746 0.1635637679 -0.3839585583 0.9087478855
-0.9681750825 -0.2497501362 0.0161826788 0.2204828885 -0.8817405932 -0.4170381544 0.1184242607 -0.4001979457 0.9087449030
-0.9904362437 -0.1370200189 0.0161728677 0.1178663563 -0.9012108327 -0.4170450300 0.0717186814 -0.4111502759 0.9087419223
-0.9996166240 -0.0224802289 0.0161630531 0.0136939892 -0.9087795036 -0.4170519014 0.0240640736 -0.4166706770 0.9087389434
-0.9955949732 0.0923564962 0.0161532351 -0.0906584974 -0.9043467368 -0.4170587687 -0.0239099612 -0.4166860416 0.9087359663
-0.9784244012 0.2059734966 0.0161434135 -0.1938130186 -0.8879711553 -0.4170656317 -0.0715695809 -0.4111959947 0.9087329910
-0.9483316774 0.3168702212 0.0161335886 -0.2944073199 -0.8598690990 -0.4170724907 -0.1182850781 -0.4002729012 0.9087300176
-0.9057142350 0.4235820451 0.0161237601 -0.3911129666 -0.8204117667 -0.4170793454 -0.1634391996 -0.3840609119 0.9087270459
-0.8511349228 0.5246996137 0.0161139282 -0.4826528868 -0.7701203126 -0.4170861960 -0.2064353025 -0.3627740612 0.9087240761
-0.7853145712 0.6188874554 0.0161040929 -0.5678182366 -0.7096589632 -0.4170930424 -0.2467052378 -0.3366934414 0.9087211080
-0.7091224725 0.7049016200 0.0160942541 -0.6454843633 -0.6398262443 -0.4170998847 -0.2837168583 -0.3061634909 0.9087181418
-0.6235648999 0.7816061075 0.0160844119 -0.7146256570 -0.5615444348 -0.4171067228 -0.3169810500 -0.2715874452 0.9087151773
-0.5297718175 0.8479878712 0.0160745662 -0.7743290941 -0.4758473861 -0.4171135566 -0.3460581966 -0.2334220113 0.9087122147
-0.4289819571 0.9031701973 0.0160647171 -0.8238062943 -0.3838668685 -0.4171203864 -0.3705639890 -0.1921713347 0.9087092539
-0.3225264580 0.9464242839 0.0160548645 -0.8624039307 -0.2868176239 -0.4171272119 -0.3901745047 -0.1483803405 0.9087062949
-0.2118112866 0.9771788662 0.0160450085 -0.8896123569 -0.1859813235 -0.4171340332 -0.4046304897 -0.1026275341 0.9087033377
-0.0982986677 0.9950277614 0.0160351491 -0.9050723364 -0.0826896418 -0.4171408504 -0.4137407858 -0.0555173597 0.9087003824
0.0165122273 0.9997352332 0.0160252862 -0.9085797854 0.0216933303 -0.4171476634 -0.4173848584 -0.0076722140 0.9086974288
0.1311050803 0.9912391055 0.0160154199 -0.9000884672 0.1257890998 -0.4171544722 -0.4155143911 0.0402757758 0.9086944771
0.2439664520 0.9696515831 0.0160055501 -0.8797106015 0.2282229759 -0.4171612768 -0.4081539268 0.0876931044 0.9086915271
0.3536057706 0.9352577705 0.0159956770 -0.8477153815 0.3276422246 -0.4171680772 -0.3954005450 0.1339532580 0.9086885790
0.4585750180 0.8885119060 0.0159858004 -0.8045254174 0.4227339325 -0.4171748735 -0.3774225822 0.1784449924 0.9086856327
0.5574878535 0.8300313628 0.0159759204 -0.7507111550 0.5122423447 -0.4171816655 -0.3544574092 0.2205804096 0.9086826883
0.6490379236 0.7605884954 0.0159660369 -0.6869833406 0.5949854487 -0.4171884533 -0.3268082977 0.2598027261 0.9086797456
0.7320161152 0.6811004392 0.0159561501 -0.6141836345 0.6698705825 -0.4171952370 -0.2948404147 0.2955936304 0.9086768048
0.8053265245 0.5926169975 0.0159462598 -0.5332734948 0.7359088648 -0.4172020165 -0.2589760003 0.3274801322 0.9086738657
0.8680009305 0.4963067769 0.0159363661 -0.4453214795 0.7922282525 -0.4172087917 -0.2196887902 0.3550408133 0.9086709285
0.9192115829 0.3934417535 0.0159264690 -0.3514891344 0.8380850569 -0.4172155628 -0.1774977583 0.3779113971 0.9086679931
0.9582821339 0.2853804736 0.0159165685 -0.2530156534 0.8728737634 -0.4172223297 -0.1329602611 0.3957895634 0.9086650596
0.9846965709 0.1735501116 0.0159066645 -0.1512015124 0.8961350273 -0.4172290923 -0.0866646748 0.4084389448 0.9086621278
0.9981060319 0.0594276208 0.0158967572 -0.0473912955 0.9075617389 -0.4172358508 -0.0392226225 0.4156922515 0.9086591979
0.9983334127 -0.0554797725 0.0158868464 0.0570440625 0.9070030780 -0.4172426050 0.0087391062 0.4174534841 0.9086562698
0.9853757060 -0.1696544754 0.0158769323 0.1607253806 0.8944665045 -0.4172493551 0.0565868363 0.4136992038 0.9086533435
0.9594040413 -0.2815885710 0.0158670147 0.2622834449 0.8701176592 -0.4172561009 0.1036883795 0.4044788448 0.9086504191
0.9207614248 -0.3898037341 0.0158570938 0.3603770909 0.8342781746 -0.4172628425 0.1494213869 0.3899140628 0.9086474964
0.8699582094 -0.4928707550 0.0158471694 0.4537109147 0.7874214269 -0.4172695800 0.1931815722 0.3701971304 0.9086445756
0.8076653541 -0.5894284160 0.0158372417 0.5410523794 0.7301662833 -0.4172763132 0.2343906964 0.3455883986 0.9086416567
0.7347055633 -0.6782014682 0.0158273106 0.6212480918 0.6632689282 -0.4172830422 0.2725042086 0.3164128591 0.9086387395
0.6520424207 -0.7580174749 0.0158173761 0.6932390339 0.5876128762 -0.4172897670 0.3070184416 0.2830558523 0.9086358242
0.5607676634 -0.8278222953 0.0158074381 0.7560745472 0.5041973032 -0.4172964875 0.3374772684 0.2459579779 0.9086329107
0.4620867635 -0.8866940070 0.0157974968 0.8089248866 0.4141238509 -0.4173032039 0.3634781298 0.2056092752 0.9086299990
0.3573030071 -0.9338550821 0.0157875522 0.8510921771 0.3185820775 -0.4173099160 0.3846773547 0.1625427500 0.9086270892
0.2478002815 -0.9686826558 0.0157776041 0.8820196292 0.2188337477 -0.4173166239 0.4007947034 0.1173273334 0.9086241812
0.1350247986 -0.9907167531 0.0157676527 0.9012988907 0.1161961696 -0.4173233276 0.4116170713 0.0705603661 0.9086212750
0.0204659943 -0.9996663634 0.0157576978 0.9086754386 0.0120247978 -0.4173300271 0.4170013074 0.0228597069 0.9086183706
-0.0943631425 -0.9954132840 0.0157477396 0.9040519391 -0.0923046673 -0.4173367223 0.4168761072 -0.0251444300 0.9086154681
-0.2079460521 -0.9780136818 0.0157377781 0.8874895320 -0.1954144467 -0.4173434133 0.4112429574 -0.0728178019 0.9086125674
-0.3187826334 -0.9476973507 0.0157278131 0.8592070221 -0.2959428781 -0.4173501001 0.4001761185 -0.1195305165 0.9086096686
-0.4254090559 -0.9048646774 0.0157178448 0.8195779888 -0.3925623979 -0.4173567827 0.3838216454 -0.1646653553 0.9086067715
-0.5264170925 -0.8500813534 0.0157078731 0.7691258512 -0.4839970727 -0.4173634610 0.3623954604 -0.2076259284 0.9086038764
-0.6204727182 -0.7840709037 0.0156978981 0.7085169552 -0.5690394489 -0.4173701351 0.3361805023 -0.2478445553 0.9086009830
-0.7063337289 -0.7077051311 0.0156879197 0.6385517725 -0.6465664982 -0.4173768050 0.3055229898 -0.2847897661 0.9085980915
-0.7828661471 -0.6219926028 0.0156779379 0.5601543284 -0.7155544471 -0.4173834706 0.2708278494 -0.3179733247 0.9085952018
-0.8490591987 -0.5280653296 0.0156679528 0.4743599989 -0.7750922972 -0.4173901320 0.2325533672 -0.3469566810 0.9085923139
-0.9040386621 -0.4271638159 0.0156579643 0.3823018361 -0.8243938540 -0.4173967892 0.1912051347 -0.3713567663 0.9085894279
-0.9470784146 -0.3206206755 0.0156479725 0.2851956048 -0.8628081093 -0.4174034421 0.1473293711 -0.3908510572 0.9085865438
-0.9776100221 -0.2098430327 0.0156379773 0.1843237266 -0.8898278373 -0.4174100908 0.1015057068 -0.4051818378 0.9085836614
-0.9952302467 -0.0962939373 0.0156279787 0.0810183432 -0.9050962917 -0.4174167352 0.0543395265 -0.4141596074 0.9085807809
-0.9997063722 0.0185269573 0.0156179769 -0.0233562755 -0.9084119165 -0.4174233754 0.0064539712 -0.4176655861 0.9085779023
-0.9909792779 0.1331032006 0.0156079716 -0.1274217485 -0.8997310063 -0.4174300113 -0.0415182945 -0.4156532862 0.9085750254
-0.9691642192 0.2459215726 0.0155979631 -0.2298037871 -0.8791682822 -0.4174366430 -0.0889434413 -0.4081491292 0.9085721505
-0.9345493055 0.3554920694 0.0155879511 -0.3291503429 -0.8469953764 -0.4174432705 -0.1351948495 -0.3952520980 0.9085692773
-0.8875916955 0.4603675814 0.0155779359 -0.4241494637 -0.8036372432 -0.4174498937 -0.1796613885 -0.3771324321 0.9085664060
-0.8289115590 0.5591630060 0.0155679173 -0.5135466183 -0.7496665464 -0.4174565127 -0.2217554917 -0.3540293800 0.9085635366
-0.7592838869 0.6505735401 0.0155578954 -0.5961612636 -0.6857960958 -0.4174631274 -0.2609209207 -0.3262480405 0.9085606690
-0.6796282551 0.7333919134 0.0155478701 -0.6709024346 -0.6128694325 -0.4174697378 -0.2966401155 -0.2941553334 0.9085578032
-0.5909966805 0.8065243327 0.0155378415 -0.7367831507 -0.5318496884 -0.4174763440 -0.3284410336 -0.2581751533 0.9085549393
-0.4945597261 0.8690049278 0.0155278096 -0.7929334494 -0.4438068664 -0.4174829459 -0.3559033888 -0.2187827710 0.9085520772
-0.3915910420 0.9200085078 0.0155177743 -0.8386118741 -0.3499037089 -0.4174895436 -0.3786642053 -0.1764985552 0.9085492170
-0.2834505439 0.9588614599 0.0155077358 -0.8732152650 -0.2513803423 -0.4174961371 -0.3964226156 -0.1318810987 0.9085463586
-0.1715664524 0.9850506454 0.0154976939 -0.8962867233 -0.1495378991 -0.4175027262 -0.4089438373 -0.0855198388 0.9085435020
-0.0574164306 0.9982301770 0.0154876487 -0.9075216442 -0.0457213347 -0.4175093111 -0.4160622776 -0.0380272708 0.9085406473
0.0574919313 0.9982259873 0.0154776001 -0.9067717385 0.0586983341 -0.4175158918 -0.4176837226 0.0099691446 0.9085377945
0.1716410275 0.9850381275 0.0154675483 -0.8940469897 0.1623421352 -0.4175224681 -0.4137865850 0.0578352704 0.9085349435
0.2835232791 0.9588407668 0.0154574931 -0.8695155212 0.2638413518 -0.4175290403 -0.4044221910 0.1049386724 0.9085320943
0.3916610455 0.9199798923 0.0154474346 -0.8335013751 0.3618555979 -0.4175356081 -0.3897141045 0.1506569748 0.9085292470
0.4946261390 0.8689687394 0.0154373729 -0.7864802315 0.4550905189 -0.4175421717 -0.3698564966 0.1943860837 0.9085264016
0.5910586880 0.8064810137 0.0154273078 -0.7290731260 0.5423148848 -0.4175487310 -0.3451115825 0.2355481696 0.9085235580
0.6796850959 0.7333419933 0.0154172394 -0.6620382471 0.6223768493 -0.4175552860 -0.3158061586 0.2735993025 0.9085207162
0.7593348625 0.6505176291 0.0154071677 -0.5862609228 0.6942191606 -0.4175618368 -0.2823272871 0.3080366396 0.9085178764
0.8289560425 0.5591017878 0.0153970927 -0.5027419279 0.7568931227 -0.4175683833 -0.2451171832 0.3384050704 0.9085150383
0.8876291389 0.4603018048 0.0153870144 -0.4125842672 0.8095711235 -0.4175749255 -0.2046673743 0.3643032315 0.9085122021
0.9345792469 0.3554225390 0.0153769328 -0.3169786084 0.8515575631 -0.4175814634 -0.1615122074 0.3853888108 0.9085093678
0.9691862878 0.2458491396 0.0153668479 -0.2171875574 0.8822980390 -0.4175879971 -0.1162217896 0.4013830726 0.9085065353
0.9909931993 0.1330287519 0.0153567597 -0.1145289842 0.9013866669 -0.4175945264 -0.0693944571 0.4120745417 0.9085037047
0.9997119712 0.0184514050 0.0153466682 -0.0103586184 0.9085714396 -0.4176010515 -0.0216488706 0.4173218001 0.9085008759
0.9952274498 -0.0963696670 0.0153365735 0.0939478546 0.9037575538 -0.4176075724 0.0263841586 0.4170553574 0.9084980490
0.9775988583 -0.2099180109 0.0153264754 0.1970129613 0.8870086617 -0.4176140889 0.0740700024 0.4112785708 0.9084952239
0.9470590154 -0.3206939820 0.0153163741 0.2974756307 0.8585460283 -0.4176206011 0.1207786014 0.4000676034 0.9084924007
0.9040112596 -0.4272345499 0.0153062695 0.3940091687 0.8187456093 -0.4176271091 0.1658927890 0.3835704195 0.9084895794
0.8490241231 -0.5281326214 0.0152961616 0.4853387784 0.7681330846 -0.4176336128 0.2088164469 0.3620048323 0.9084867599
0.7828238229 -0.6220556237 0.0152860505 0.5702583942 0.7073769155 -0.4176401121 0.2489823812 0.3356556278 0.9084839423
0.7062846693 -0.7077631042 0.0152759360 0.6476466091 0.6372795157 -0.4176466072 0.2858598181 0.3048708040 0.9084811265
0.6204175195 -0.7841231130 0.0152658183 0.7164814833 0.5587666542 -0.4176530980 0.3189614171 0.2700569752 0.9084783126
0.5263564266 -0.8501271528 0.0152556973 0.7758540391 0.4728752282 -0.4176595845 0.3478497121 0.2316740008 0.9084755006
0.4253436624 -0.9049034984 0.0152455731 0.8249802645 0.3807395696 -0.4176660667 0.3721428920 0.1902289114 0.9084726904
0.3187133104 -0.9477287096 0.0152354456 0.8632114657 0.2835764641 -0.4176725446 0.3915198480 0.1462692106 0.9084698821
0.2078736466 -0.9780371858 0.0152253148 0.8900428328 0.1826690818 -0.4176790183 0.4057244173 0.1003756429 0.9084670756
0.0942885403 -0.9954286360 0.0152151807 0.9051201058 0.0793500313 -0.4176854876 0.4145687701 0.0531545209 0.9084642710
-0.0205418794 -0.9996733656 0.0152050434 0.9082442516 -0.0250162393 -0.4176919526 0.4179358930 0.0052297156 0.9084614683
-0.1351010359 -0.9907153098 0.0151949029 0.8993740912 -0.1290514611 -0.4176984133 0.4157811373 -0.0427655864 0.9084586674
-0.2478759350 -0.9686727744 0.0151847591 0.8786268431 -0.2313817462 -0.4177048697 0.4081328111 -0.0901972482 0.9084558684
-0.3573771465 -0.9338368735 0.0151746120 0.8462765736 -0.3306557313 -0.4177113218 0.3950918072 -0.1364385616 0.9084530713
-0.4621584760 -0.8866676842 0.0151644617 0.8027505770 -0.4255624233 -0.4177177696 0.3768302725 -0.1808785274 0.9084502760
-0.5608360643 -0.8277881709 0.0151543081 0.7486237312 -0.5148485126 -0.4177242131 0.3535893353 -0.2229299290 0.9084474826
-0.6521066648 -0.7579759577 0.0151441513 0.6846109054 -0.5973349231 -0.4177306523 0.3256759217 -0.2620370913 0.9084446911
-0.7347648550 -0.6781530581 0.0151339912 0.6115575182 -0.6719323834 -0.4177370872 0.2934587019 -0.2976832241 0.9084419015
-0.8077189573 -0.5893736980 0.0151238279 0.5304283725 -0.7376558107 -0.4177435177 0.2573632214 -0.3293972511 0.9084391137
-0.8700054564 -0.4928103927 0.0151136614 0.4422949130 -0.7936373191 -0.4177499440 0.2178662796 -0.3567600351 0.9084363277
-0.9208017249 -0.3897384610 0.0151034916 0.3483210767 -0.8391376802 -0.4177563659 0.1754896320 -0.3794099178 0.9084335437
-0.9594368878 -0.2815191823 0.0150933186 0.2497479208 -0.8735560845 -0.4177627835 0.1307930975 -0.3970474999 0.9084307615
-0.9854006829 -0.1695818181 0.0150831424 0.1478772329 -0.8964380749 -0.4177691968 0.0843671630 -0.4094395985 0.9084279812
-0.9983501996 -0.0554047351 0.0150729629 0.0440543394 -0.9074815471 -0.4177756058 0.0368251824 -0.4164223300 0.9084252027
-0.9981144085 0.0595041190 0.0150627802 -0.0603496614 -0.9065407382 -0.4177820105 -0.0112047266 -0.4179032779 0.9084224262
-0.9846964195 0.1736271316 0.0150525942 -0.1639560059 -0.8936281508 -0.4177884108 -0.0590879814 -0.4138627155 0.9084196515
-0.9582734412 0.2854570683 0.0150424051 -0.2653964737 -0.8689143866 -0.4177948068 -0.1061919185 -0.4043538685 0.9084168787
-0.9191944407 0.3935169791 0.0150322127 -0.3633314556 -0.8327258924 -0.4178011985 -0.1518941528 -0.3895022147 0.9084141077
-0.8679755342 0.4963797046 0.0150220171 -0.4564676447 -0.7855406485 -0.4178075859 -0.1955908010 -0.3695038273 0.9084113386
-0.8052931712 0.5926867247 0.0150118183 -0.5435751156 -0.7279818549 -0.4178139689 -0.2367044615 -0.3446227869 0.9084085714
-0.7319752006 0.6811661010 0.0150016162 -0.6235035659 -0.6608097006 -0.4178203476 -0.2746918436 -0.3151876940 0.9084058061
-0.6489899370 0.7606492748 0.0149914110 -0.6951975071 -0.5849113236 -0.4178267220 -0.3090509471 -0.2815873295 0.9084030427
-0.5574333720 0.8300865011 0.0149812025 -0.7577102022 -0.5012890949 -0.4178330921 -0.3393276960 -0.2442655194 0.9084002811
-0.4585146999 0.8885607123 0.0149709908 -0.8102161682 -0.4110473797 -0.4178394578 -0.3651219397 -0.2037152724 0.9083975214
-0.3535403473 0.9352996301 0.0149607760 -0.8520220760 -0.3153779533 -0.4178458192 -0.3860927412 -0.1604722675 0.9083947636
-0.2438967194 0.9696859652 0.0149505579 -0.8825759062 -0.2155442612 -0.4178521762 -0.4019628839 -0.1151077771 0.9083920077
-0.1310318891 0.9912655701 0.0149403366 -0.9014742379 -0.1128647344 -0.4178585290 -0.4125225358 -0.0682211210 0.9083892536
-0.0164364727 0.9997534367 0.0149301121 -0.9084675749 -0.0086953770 -0.4178648773 -0.4176320242 -0.0204317474 0.9083865015
0.0983760570 0.9950374608 0.0149198844 -0.9034636405 0.0955881408 -0.4178712214 -0.4172236831 0.0276289500 0.9083837512
0.2118893593 0.9771799229 0.0149096535 -0.8865285940 0.1986086502 -0.4178775611 -0.4113027491 0.0753259745 0.9083810028
0.3226042521 0.9464166650 0.0148994194 -0.8578861568 0.2990056705 -0.4178838964 -0.3999472945 0.1220291162 0.9083782562
0.4290585117 0.9031539768 0.0148891822 -0.8179146565 0.3954533758 -0.4178902275 -0.3833071981 0.1671212787 0.9083755116
0.5298461846 0.8479632290 0.0148789417 -0.7671420297 0.4866781033 -0.4178965541 -0.3616021666 0.2100066332 0.9083727688
0.6236361560 0.7815733278 0.0148686981 -0.7062388493 0.5714751732 -0.4179028765 -0.3351188337 0.2501184912 0.9083700279
0.7091897299 0.7048610880 0.0148584512 -0.6360094678 0.6487247968 -0.4179091944 -0.3042069752 0.2869267931 0.9083672889
0.7853769892 0.6188396527 0.0148482012 -0.5573813943 0.7174068646 -0.4179155081 -0.2692748893 0.3199451124 0.9083645518
0.8511917181 0.5246451128 0.0148379480 -0.4713930450 0.7766144163 -0.4179218173 -0.2307840033 0.3487370842 0.9083618166
0.9057646914 0.4235215028 0.0148276916 -0.3791800291 0.8255656183 -0.4179281223 -0.1892427788 0.3729221722 0.9083590833
0.9483751550 0.3168043704 0.0148174321 -0.2819601513 0.8636140870 -0.4179344229 -0.1451999948 0.3921806977 0.9083563518
0.9784603444 0.2059031378 0.0148071694 -0.1810173290 0.8902574245 -0.4179407191 -0.0992374979 0.4062580657 0.9083536223
0.9956229176 0.0922824876 0.0147969034 -0.0776846368 0.9051438522 -0.4179470109 -0.0519625160 0.4149681304 0.9083508946
0.9996362028 -0.0225569815 0.0147866344 0.0266732991 0.9080768555 -0.4179532985 -0.0039996356 0.4181956566 0.9083481688
0.9904471921 -0.1370985732 0.0147763621 0.1306783216 0.8990177776 -0.4179595816 0.0440174500 0.4158978442 0.9083454449
0.9681772416 -0.2498295250 0.0147660867 0.2329569433 0.8780863295 -0.4179658604 0.0914543135 0.4081048962 0.9083427229
0.9331204688 -0.3592609872 0.0147558082 0.3321584843 0.8455590079 -0.4179721348 0.1376841753 0.3949196213 0.9083400028
0.8857398681 -0.4639476862 0.0147455264 0.4269729092 0.8018654425 -0.4179784049 0.1820961858 0.3765160776 0.9083372845
0.8266611962 -0.5625070127 0.0147352415 0.5161481275 0.7475827215 -0.4179846706 0.2241034965 0.3531372751 0.9083345682
0.7566647076 -0.6536372817 0.0147249535 0.5985065279 0.6834277701 -0.4179909320 0.2631510144 0.3250919671 0.9083318537
0.6766748497 -0.7361349242 0.0147146623 0.6729605293 0.6102478809 -0.4179971890 0.2987227375 0.2927505719 0.9083291412
0.5877480536 -0.8089103826 0.0147043679 0.7385269431 0.5290095246 -0.4180034416 0.3303485732 0.2565402811 0.9083264305
0.4910587819 -0.8710025012 0.0146940704 0.7943399566 0.4407855857 -0.4180096898 0.3576105509 0.2169394164 0.9083237218
0.3878840173 -0.9215912196 0.0146837698 0.8396625655 0.3467411935 -0.4180159337 0.3801483463 0.1744711115 0.9083210149
0.2795863975 -0.9600084040 0.0146734660 0.8738963067 0.2481183343 -0.4180221732 0.3976640434 0.1296964012 0.9083183099
0.1675962188 -0.9857466709 0.0146631590 0.8965891603 0.1462194499 -0.4180284083 0.4099260728 0.0832068100 0.9083156068
0.0533925456 -0.9984660886 0.0146528490 0.9074415179 0.0423902370 -0.4180346391 0.4167722732 0.0356165370 0.9083129056
-0.0615163231 -0.9979986664 0.0146425357 0.9063101386 -0.0619981245 -0.4180408654 0.4181120360 -0.0124456583 0.9083102064
-0.1756127742 -0.9843505736 0.0146322194 0.8932100396 -0.1655670795 -0.4180470875 0.4139275041 -0.0603447635 0.9083075090
-0.2873899241 -0.9577020578 0.0146218999 0.8683142965 -0.2669489025 -0.4180533051 0.4042738107 -0.1074479029 0.9083048135
-0.3953715196 -0.9184050649 0.0146115772 0.8319517571 -0.3648047601 -0.4180595183 0.3892783520 -0.1531326997 0.9083021199
-0.4981314358 -0.8669785904 0.0146012515 0.7846026973 -0.4578423912 -0.4180657272 0.3691391067 -0.1967954996 0.9082994282
-0.5943125102 -0.8041018252 0.0145909226 0.7268924778 -0.5448331723 -0.4180719317 0.3441220220 -0.2378593473 0.9082967384
-0.6826444674 -0.7306051858 0.0145805906 0.6595832847 -0.6246283425 -0.4180781318 0.3145575013 -0.2757816098 0.9082940505
-0.7619606960 -0.6474593465 0.0145702554 0.5835640632 -0.6961741731 -0.4180843275 0.2808360410 -0.3100611477 0.9082913645
-0.8312136555 -0.5557624202 0.0145599172 0.4998387771 -0.7585258829 -0.4180905188 0.2434030726 -0.3402449373 0.9082886804
-0.8894887120 -0.4567254548 0.0145495758 0.4095131503 -0.8108601139 -0.4180967058 0.2027530788 -0.3659340577 0.9082859982
-0.9360162174 -0.3516564396 0.0145392313 0.3137800635 -0.8524858043 -0.4181028883 0.1594230614 -0.3867889631 0.9082833179
-0.9701816746 -0.2419430299 0.0145288837 0.2139038007 -0.8828533132 -0.4181090665 0.1139854475 -0.4025339709 0.9082806395
-0.9915338532 -0.1290342207 0.0145185330 0.1112033526 -0.9015616785 -0.4181152403 0.0670405272 -0.4129609057 0.9082779630
-0.9997907488 -0.0144212092 0.0145081791 0.0070349978 -0.9083639114 -0.4181214096 0.0192085227 -0.4179318522 0.9082752884
-0.9948433078 0.1003822993 0.0144978222 -0.0972256087 -0.9031702566 -0.4181275746 -0.0288786055 -0.4173809790 0.9082726157
-0.9767568676 0.2138600830 0.0144874621 -0.2002016023 -0.8860493767 -0.4181337352 -0.0765855085 -0.4113154106 0.9082699450
-0.9457702935 0.3245134289 0.0144770990 -0.3005330914 -0.8572274448 -0.4181398914 -0.1232818433 -0.3998151352 0.9082672761
