1952
33792
-0.5642667353 -0.8255642572 0.0068343693 0.7642574335 -0.5254593217 -0.3739024960 0.3122717195 -0.2057575232 0.9274428364
-0.6552594366 -0.7553728874 0.0068463003 0.6989196017 -0.6096770758 -0.3739054073 0.2866120395 -0.2402200331 0.9274415747
-0.7375980348 -0.6752052308 0.0068582298 0.6243504567 -0.6858418715 -0.3739083237 0.2571685172 -0.2715121058 0.9274403108
-0.8101950759 -0.5861200729 0.0068701579 0.5415349476 -0.7529477281 -0.3739112451 0.2243297560 -0.2992206190 0.9274390447
-0.8720917639 -0.4892939733 0.0068820845 0.4515669407 -0.8101083201 -0.3739141716 0.1885291846 -0.3229797476 0.9274377765
-0.9224706237 -0.3860057268 0.0068940096 0.3556347711 -0.8565686835 -0.3739171031 0.1502393359 -0.3424757938 0.9274365060
-0.9606662976 -0.2776194746 0.0069059333 0.2550055472 -0.8917151871 -0.3739200397 0.1099656105 -0.3574513289 0.9274352333
-0.9861743331 -0.1655666874 0.0069178554 0.1510084134 -0.9150836372 -0.3739229814 0.0682396057 -0.3677085924 0.9274339584
-0.9986578446 -0.0513272602 0.0069297761 0.0450169952 -0.9263654087 -0.3739259281 0.0256120983 -0.3731121037 0.9274326814
-0.9979519630 0.0635900332 0.0069416953 -0.0615687448 -0.9254115206 -0.3739288799 -0.0173542251 -0.3735904512 0.9274314021
-0.9840660133 0.1776674665 0.0069536130 -0.1673409974 -0.9122346036 -0.3739318367 -0.0600921957 -0.3691372363 0.9274301207
-0.9571833910 0.2893984059 0.0069655292 -0.2709027021 -0.8870087330 -0.3739347986 -0.1020376494 -0.3598111592 0.9274288371
-0.9176591403 0.3973072080 0.0069774439 -0.3708859993 -0.8500671286 -0.3739377655 -0.1426368739 -0.3457352447 0.9274275512
-0.8660152646 0.4999687094 0.0069893571 -0.4659702972 -0.8018977535 -0.3739407375 -0.1813539181 -0.3270952196 0.9274262632
-0.8029338328 0.5960270484 0.0070012689 -0.5548997146 -0.7431368683 -0.3739437146 -0.2176776674 -0.3041370621 0.9274249730
-0.7292479705 0.6842135725 0.0070131791 -0.6364996688 -0.6745606271 -0.3739466967 -0.2511285908 -0.2771637558 0.9274236806
-0.6459308575 0.7633635932 0.0070250878 -0.7096923890 -0.5970748253 -0.3739496838 -0.2812650713 -0.2465312913 0.9274223860
-0.5540828742 0.8324317685 0.0070369950 -0.7735111520 -0.5117029351 -0.3739526760 -0.3076892364 -0.2126439677 0.9274210892
-0.4549170692 0.8905059086 0.0070489007 -0.8271130504 -0.4195725876 -0.3739556733 -0.3300522111 -0.1759490567 0.9274197903
-0.3497431380 0.9368190233 0.0070608049 -0.8697901256 -0.3219006779 -0.3739586756 -0.3480587234 -0.1369308991 0.9274184891
-0.2399501261 0.9707594521 0.0070727076 -0.9009787182 -0.2199772919 -0.3739616830 -0.3614710034 -0.0961045120 0.9274171858
-0.1269880834 0.9918789417 0.0070846087 -0.9202669130 -0.1151486670 -0.3739646954 -0.3701119231 -0.0540087909 0.9274158802
-0.0123489134 0.9998985668 0.0070965084 -0.9273999785 -0.0087994096 -0.3739677129 -0.3738673350 -0.0111993966 0.9274145725
0.1024533307 0.9947124135 0.0071084065 -0.9222837319 0.0976657925 -0.3739707354 -0.3726875809 0.0317585798 0.9274132626
0.2159024422 0.9763889782 0.0071203031 -0.9049857819 0.2028407237 -0.3739737629 -0.3665881477 0.0742980757 0.9274119505
0.3265000856 0.9451702629 0.0071321981 -0.8757346359 0.3053362146 -0.3739767955 -0.3556494645 0.1158575428 0.9274106362
0.4327855855 0.9014685790 0.0071440917 -0.8349166809 0.4037984898 -0.3739798332 -0.3400158422 0.1558883598 0.9274093197
0.5333552176 0.8458611019 0.0071559837 -0.7830710799 0.4969270494 -0.3739828759 -0.3198935694 0.1938620743 0.9274080011
0.6268807480 0.7790822481 0.0071678741 -0.7208826500 0.5834918456 -0.3739859236 -0.2955481903 0.2292773795 0.9274066802
0.7121269752 0.7020139757 0.0071797630 -0.6491728168 0.6623495297 -0.3739889764 -0.2673010009 0.2616667316 0.9274053572
0.7879680439 0.6156741362 0.0071916504 -0.5688887645 0.7324585531 -0.3739920343 -0.2355248085 0.2906025226 0.9274040319
0.8534023138 0.5212030313 0.0072035363 -0.4810909248 0.7928929243 -0.3739950972 -0.2006390113 0.3157027253 0.9274027045
0.9075655886 0.4198483536 0.0072154206 -0.3869389705 0.8428544392 -0.3739981651 -0.1631040631 0.3366359374 0.9274013749
0.9497425297 0.3129487072 0.0072273033 -0.2876764976 0.8816832235 -0.3740012380 -0.1234153960 0.3531257566 0.9274000431
0.9793761033 0.2019159292 0.0072391845 -0.1846145997 0.9088664485 -0.3740043160 -0.0820968810 0.3649544305 0.9273987092
0.9960749375 0.0882164432 0.0072510642 -0.0791145503 0.9240451035 -0.3740073991 -0.0396939128 0.3719657320 0.9273973730
0.9996184912 -0.0266481079 0.0072629423 0.0274301768 0.9270187382 -0.3740104872 0.0032337882 0.3740670227 0.9273960347
0.9899599665 -0.1411606946 0.0072748188 0.1336123136 0.9177481089 -0.3740135803 0.0461195655 0.3712304768 0.9273946942
0.9672269270 -0.2538089356 0.0072866938 0.2380293849 0.8963556974 -0.3740166785 0.0883973055 0.3634934498 0.9273933515
0.9317196129 -0.3631050729 0.0072985672 0.3393022326 0.8631240918 -0.3740197817 0.1295089109 0.3509579863 0.9273920066
0.8839069756 -0.4676056202 0.0073104391 0.4360932321 0.8184922545 -0.3740228899 0.1689116677 0.3337894744 0.9273906595
0.8244204843 -0.5659304275 0.0073223093 0.5271239597 0.7630497232 -0.3740260032 0.2060854098 0.3122144634 0.9273893102
0.7540457863 -0.6567809087 0.0073341781 0.6111920779 0.6975288239 -0.3740291215 0.2405393857 0.2865176745 0.9273879588
0.6737123302 -0.7389571921 0.0073460452 0.6871872163 0.6227949980 -0.3740322448 0.2718187372 0.2570382436 0.9273866052
0.5844810910 -0.8113739677 0.0073579108 0.7541056372 0.5398353708 -0.3740353732 0.2995105043 0.2241652450 0.9273852494
0.4875305578 -0.8730748202 0.0073697747 0.8110634927 0.4497457130 -0.3740385066 0.3232490773 0.1883325570 0.9273838914
0.3841411689 -0.9232448612 0.0073816371 0.8573084989 0.3537159673 -0.3740416451 0.3427210238 0.1500131350 0.9273825312
0.2756784011 -0.9612214913 0.0073934980 0.8922298713 0.2530145311 -0.3740447886 0.3576692271 0.1097127690 0.9273811688
0.1635747357 -0.9865031508 0.0074053572 0.9153663922 0.1489715030 -0.3740479371 0.3678962813 0.0679634076 0.9273798043
0.0493107395 -0.9987559441 0.0074172149 0.9264125022 0.0429611143 -0.3740510906 0.3732670984 0.0253161365 0.9273784376
-0.0656044891 -0.9978180495 0.0074290709 0.9252223352 -0.0636164220 -0.3740542492 0.3737106923 -0.0176660956 0.9273770687
-0.1796532513 -0.9837018562 0.0074409254 0.9118116449 -0.1693534060 -0.3740574128 0.3692211174 -0.0604159080 0.9273756976
-0.2913292919 -0.9565938008 0.0074527782 0.8863575964 -0.2728532438 -0.3740605815 0.3598575481 -0.1023689777 0.9273743244
-0.3991576930 -0.9168519048 0.0074646295 0.8491964255 -0.3727488940 -0.3740637551 0.3457434988 -0.1429714888 0.9273729489
-0.5017143529 -0.8650010464 0.0074764792 0.8008189972 -0.4677209240 -0.3740669338 0.3270651949 -0.1816874431 0.9273715713
-0.5976447950 -0.8017260280 0.0074883272 0.7418643219 -0.5565149370 -0.3740701175 0.3040691155 -0.2180057359 0.9273701915
-0.6856820557 -0.7278625322 0.0075001737 0.6731111146 -0.6379581404 -0.3740733063 0.2770587408 -0.2514469034 0.9273688095
-0.7646634184 -0.6443860847 0.0075120186 0.5954675094 -0.7109748359 -0.3740765001 0.2463905474 -0.2815694523 0.9273674254
-0.8335457684 -0.5523991704 0.0075238618 0.5099590641 -0.7746006273 -0.3740796989 0.2124693034 -0.3079756885 0.9273660391
-0.8914193705 -0.4531166726 0.0075357034 0.4177152140 -0.8279951581 -0.3740829027 0.1757427261 -0.3303169677 0.9273646506
-0.9375198833 -0.3478498282 0.0075475434 0.3199543541 -0.8704532110 -0.3740861115 0.1366955730 -0.3482982982 0.9273632599
-0.9712384541 -0.2379889097 0.0075593818 0.2179677455 -0.9014140217 -0.3740893254 0.0958432434 -0.3616822367 0.9273618670
-0.9921297599 -0.1249848637 0.0075712186 0.1131024604 -0.9204686859 -0.3740925443 0.0537249753 -0.3702920227 0.9273604720
-0.9999178893 -0.0103301486 0.0075830537 0.0067435894 -0.9273655591 -0.3740957682 0.0108967278 -0.3740139139 0.9273590747
-0.9944999859 0.1044609773 0.0075948873 -0.0997040531 -0.9220135802 -0.3740989971 -0.0320761577 -0.3727986884 0.9273576753
-0.9759476069 0.2178724544 0.0076067192 -0.2048344845 -0.9044834739 -0.3741022311 -0.0746264195 -0.3666622956 0.9273562738
-0.9445057783 0.3284064441 0.0076185494 -0.3072591240 -0.8750068160 -0.3741054701 -0.1161923645 -0.3556856470 0.9273548700
-0.9005897581 0.4346031120 0.0076303781 -0.4056251333 -0.8339729739 -0.3741087141 -0.1562252823 -0.3400135494 0.9273534641
-0.8447795527 0.5350599069 0.0076422050 -0.4986332854 -0.7819239642 -0.3741119631 -0.1941966889 -0.3198527947 0.9273520560
-0.7778122561 0.6284500856 0.0076540304 -0.5850551247 -0.7195472920 -0.3741152171 -0.2296053034 -0.2954694308 0.9273506457
-0.7005723152 0.7135402342 0.0076658541 -0.6637491923 -0.6476668708 -0.3741184762 -0.2619836654 -0.2671852515 0.9273492333
-0.6140798487 0.7892065589 0.0076776762 -0.7336761028 -0.5672321391 -0.3741217402 -0.2909043066 -0.2353735492 0.9273478187
-0.5194771744 0.8544497275 0.0076894966 -0.7939122722 -0.4793055199 -0.3741250093 -0.3159853941 -0.2004541884 0.9273464019
-0.4180137223 0.9084080679 0.0077013154 -0.8436621165 -0.3850483875 -0.3741282834 -0.3368957720 -0.1628880644 0.9273449829
-0.3110295331 0.9503689479 0.0077131325 -0.8822685595 -0.2857057276 -0.3741315625 -0.3533593333 -0.1231710195 0.9273435617
-0.1999375604 0.9797781877 0.0077249480 -0.9092217114 -0.1825896932 -0.3741348467 -0.3651586661 -0.0818272989 0.9273421384
-0.0862050097 0.9962473783 0.0077367618 -0.9241656028 -0.0770622727 -0.3741381358 -0.3721379245 -0.0394026307 0.9273407129
0.0286660397 0.9995590116 0.0077485739 -0.9269028864 0.0294826990 -0.3741414299 -0.3742048868 0.0035429775 0.9273392853
0.1431584723 0.9896693530 0.0077603844 -0.9173974427 0.1356379511 -0.3741447291 -0.3713321746 0.0464426310 0.9273378554
0.2557601733 0.9667090187 0.0077721932 -0.8957748569 0.2400013644 -0.3741480333 -0.3635576151 0.0887300305 0.9273364234
0.3649839994 0.9309812509 0.0077840004 -0.8623207596 0.3411944908 -0.3741513425 -0.3509837429 0.1298469482 0.9273349892
0.4693874195 0.8829579128 0.0077958059 -0.8174770535 0.4378807598 -0.3741546567 -0.3337764481 0.1692505964 0.9273335529
0.5675915665 0.8232732565 0.0078076097 -0.7618360767 0.5287831327 -0.3741579759 -0.3121627875 0.2064207929 0.9273321144
0.6582994480 0.7527155463 0.0078194118 -0.6961327777 0.6127009690 -0.3741613001 -0.2864279886 0.2408668284 0.9273306737
0.7403130758 0.6722166480 0.0078312123 -0.6212350084 0.6885258851 -0.3741646293 -0.2569116853 0.2721339443 0.9273292308
0.8125492882 0.5828397218 0.0078430111 -0.5381320608 0.7552563937 -0.3741679635 -0.2240034361 0.2998093367 0.9273277858
0.8740540550 0.4857651808 0.0078548082 -0.4479215992 0.8120111312 -0.3741713027 -0.1881375822 0.3235276062 0.9273263386
0.9240150776 0.3822751011 0.0078666036 -0.3517951628 0.8580404985 -0.3741746470 -0.1497875155 0.3429755823 0.9273248892
0.9617725172 0.2737362893 0.0078783974 -0.2510224263 0.8927365617 -0.3741779962 -0.1094594296 0.3578964589 0.9273234376
0.9868277091 0.1615822310 0.0078901894 -0.1469344301 0.9156410816 -0.3741813504 -0.0676856390 0.3680931844 0.9273219839
0.9988497491 0.0472941585 0.0079019798 -0.0409059993 0.9264515650 -0.3741847097 -0.0250175525 0.3734310650 0.9273205281
0.9976798630 -0.0676185120 0.0079137684 0.0656624153 0.9250252605 -0.3741880739 0.0179816051 0.3738395435 0.9273190700
0.9833335042 -0.1816381156 0.0079255554 0.1713632349 0.9113810430 -0.3741914432 0.0607442277 0.3693131319 0.9273176098
0.9560001492 -0.2932587822 0.0079373407 0.2748003441 0.8856991642 -0.3741948174 0.1027058205 0.3599114852 0.9273161474
0.9160407952 -0.4010063253 0.0079491242 0.3746075315 0.8483188710 -0.3741981967 0.1433124517 0.3457586155 0.9273146828
0.8639831924 -0.5034577114 0.0079609061 0.4694665343 0.7997339245 -0.3742015809 0.1820280649 0.3270412555 0.9273132161
0.8005148739 -0.5992598542 0.0079726862 0.5581244501 0.7405860777 -0.3742049702 0.2183415555 0.3040063956 0.9273117472
0.7264740753 -0.6871474851 0.0079844647 0.6394102858 0.6716565986 -0.3742083644 0.2517735181 0.2769580243 0.9273102762
0.6428386638 -0.7659598634 0.0079962414 0.7122504235 0.5938559507 -0.3742117637 0.2818825758 0.2462531165 0.9273088030
0.5507132240 -0.8346561068 0.0080080164 0.7756828011 0.5082117671 -0.3742151679 0.3082712070 0.2122969222 0.9273073276
0.4513144687 -0.8923289379 0.0080197897 0.8288696190 0.4158552768 -0.3742185771 0.3305909936 0.1755376183 0.9273058500
0.3459551701 -0.9382166670 0.0080315613 0.8711084057 0.3180063628 -0.3742219914 0.3485472219 0.1364603932 0.9273043703
0.2360268217 -0.9717132521 0.0080433311 0.9018412953 0.2159574497 -0.3742254106 0.3619027734 0.0955810425 0.9273028884
0.1229812609 -0.9923763020 0.0080550993 0.9206623963 0.1110564327 -0.3742288348 0.3704812566 0.0534391610 0.9273014044
0.0083114940 -0.9999329201 0.0080668657 0.9273231514 0.0046888739 -0.3742322640 0.3741693360 0.0105910205 0.9272999182
-0.1064680220 -0.9942833077 0.0080786304 0.9217356204 -0.1017402981 -0.3742356982 0.3729182301 -0.0323977732 0.9272984298
-0.2198413806 -0.9755020825 0.0080903933 0.9039736415 -0.2068253455 -0.3742391374 0.3667443563 -0.0749597464 0.9272969393
-0.3303112472 -0.9438372927 0.0081021545 0.8742718550 -0.3091782877 -0.3742425816 0.3557291153 -0.1165330482 0.9272954466
-0.4364186341 -0.8997071414 0.0081139140 0.8330226042 -0.4074472351 -0.3742460308 0.3400178183 -0.1565688678 0.9272939517
-0.5367621696 -0.8436944629 0.0081256717 0.7807707521 -0.5003342440 -0.3742494849 0.3198177700 -0.1945386787 0.9272924547
-0.6300166062 -0.7765390256 0.0081374277 0.7182064850 -0.5866124605 -0.3742529441 0.2953955330 -0.2299412163 0.9272909555
-0.7149503232 -0.6991277610 0.0081491819 0.6461561953 -0.6651423248 -0.3742564082 0.2670734105 -0.2623090956 0.9272894541
-0.7904415929 -0.6124830507 0.0081609344 0.5655715665 -0.7348866221 -0.3742598773 0.2352251930 -0.2912149811 0.9272879506
-0.8554933952 -0.5177492231 0.0081726852 0.4775170023 -0.7949241828 -0.3742633514 0.2002712245 -0.3162772291 0.9272864449
-0.9092465854 -0.4161774404 0.0081844342 0.3831555675 -0.8444620481 -0.3742668305 0.1626728556 -0.3371649262 0.9272849371
-0.9509912413 -0.3091091741 0.0081961814 0.2837336260 -0.8828459441 -0.3742703146 0.1229263534 -0.3536022588 0.9272834271
-0.9801760387 -0.1979584881 0.0082079269 0.1805643780 -0.9095689228 -0.3742738037 0.0815563516 -0.3653721551 0.9272819150
-0.9964155331 -0.0841933632 0.0082196706 0.0750105148 -0.9242780572 -0.3742772977 0.0391089257 -0.3723191514 0.9272804006
-0.9994952501 0.0306836910 0.0082314126 -0.0315337800 -0.9267791031 -0.3742807968 -0.0038556151 -0.3743514461 0.9272788842
-0.9893745181 0.1451554799 0.0082431528 -0.1376612451 -0.9170390634 -0.3742843008 -0.0467701242 -0.3714421124 0.9272773655
-0.9661870054 0.2577101615 0.0082548912 -0.2419701293 -0.8951866241 -0.3742878098 -0.0890681037 -0.3636294552 0.9272758447
-0.9302389547 0.3668612136 0.0082666279 -0.3430827059 -0.8615104537 -0.3742913237 -0.1301911829 -0.3510165068 0.9272743218
-0.8820051385 0.4711670663 0.0082783628 -0.4396634697 -0.8164553902 -0.3742948427 -0.1695964891 -0.3337696683 0.9272727967
-0.8221225888 0.5692501413 0.0082900959 -0.5304367769 -0.7606165647 -0.3742983666 -0.2067638138 -0.3121165139 0.9272712694
-0.7513821836 0.6598150452 0.0083018272 -0.6142036938 -0.6947315406 -0.3743018955 -0.2412024809 -0.2863427885 0.9272697400
-0.6707182016 0.7416656786 0.0083135568 -0.6898578319 -0.6196705716 -0.3743054294 -0.2724578238 -0.2567886367 0.9272682084
-0.5811959834 0.8137210324 0.0083252845 -0.7563999617 -0.5364251058 -0.3743089683 -0.3001171885 -0.2238441138 0.9272666746
-0.4839978608 0.8750294652 0.0083370105 -0.8129512099 -0.4460946913 -0.3743125121 -0.3238153812 -0.1879440379 0.9272651387
-0.3804075421 0.9247812717 0.0083487347 -0.8587646674 -0.3498724518 -0.3743160609 -0.3432394906 -0.1495622511 0.9272636007
-0.2717931579 0.9623193763 0.0083604571 -0.8932352545 -0.2490293279 -0.3743196147 -0.3581330192 -0.1092053652 0.9272620605
-0.1595891917 0.9871480115 0.0083721778 -0.9159077122 -0.1448972896 -0.3743231735 -0.3682992705 -0.0674060749 0.9272605181
-0.0452775349 0.9989392650 0.0083838966 -0.9264826150 -0.0388517437 -0.3743267372 -0.3736039467 -0.0247161263 0.9272589736
0.0696320849 0.9975374110 0.0083956136 -0.9248203252 0.0677066336 -0.3743303059 -0.3739769230 0.0183009655 0.9272574269
0.1836220431 0.9829609667 0.0084073288 -0.9109428369 0.1733703969 -0.3743338796 -0.3694131741 0.0610773558 0.9272558781
0.2951868615 0.9554024474 0.0084190423 -0.8850334849 0.2767439212 -0.3743374582 -0.3599728425 0.1030483651 0.9272543271
0.4028530912 0.9152258242 0.0084307539 -0.8474345227 0.3764618361 -0.3743410419 -0.3457804457 0.1436599340 0.9272527739
0.5051987726 0.8629617170 0.0084424637 -0.7986426015 0.4712070594 -0.3743446304 -0.3270232335 0.1823759367 0.9272512186
0.6008722159 0.7993003861 0.0084541717 -0.7393022094 0.5597281933 -0.3743482240 -0.3039487182 0.2186852591 0.9272496612
0.6886098521 0.7250826163 0.0084658779 -0.6701971593 0.6408560530 -0.3743518225 -0.2768614080 0.2521085458 0.9272481016
0.7672529219 0.6412886124 0.0084775823 -0.5922402347 0.7135191093 -0.3743554260 -0.2461187886 0.2822045291 0.9272465398
0.8357627791 0.5490250532 0.0084892848 -0.5064611339 0.7767576412 -0.3743590345 -0.2121266057 0.3085758542 0.9272449759
0.8932346082 0.4495104759 0.0085009856 -0.4139928686 0.8297364115 -0.3743626479 -0.1753335093 0.3308743257 0.9272434099
0.9389093744 0.3440591823 0.0085126845 -0.3160567986 0.8717556990 -0.3743662663 -0.1362251326 0.3488055050 0.9272418416
0.9721838481 0.2340638809 0.0085243816 -0.2139465000 0.9022605394 -0.3743698896 -0.0953176824 0.3621325983 0.9272402713
0.9926185722 0.1209772931 0.0085360768 -0.1090106785 0.9208480554 -0.3743735179 -0.0531511246 0.3706795833 0.9272386988
0.9999436655 0.0062929671 0.0085477702 -0.0026353557 0.9272727773 -0.3743771512 -0.0102820578 0.3743335344 0.9272371241
0.9940623873 -0.1084744478 0.0085594618 0.1037744379 0.9214498850 -0.3743807894 0.0327236343 0.3730461146 0.9272355473
0.9750524149 -0.2218092052 0.0085711516 0.2088132213 0.9034563273 -0.3743844326 0.0752982523 0.3668342149 0.9272339683
0.9431648180 -0.3322144804 0.0085828395 0.3110936261 0.8735298053 -0.3743880807 0.1168797756 0.3557797327 0.9272323872
0.8988207422 -0.4382321389 0.0085945256 0.4092647220 0.8320656326 -0.3743917339 0.1569192809 0.3400284922 0.9272308039
0.8426058474 -0.5384619941 0.0086062099 0.5020298594 0.7796115127 -0.3743953919 0.1948881890 0.3197883208 0.9272292185
0.7752625725 -0.6315803002 0.0086178923 0.5881637958 0.7168603050 -0.3743990549 0.2302852427 0.2953263067 0.9272276309
0.6976803301 -0.7163572346 0.0086295728 0.6665288790 0.6446408725 -0.3744027229 0.2626431239 0.2669652748 0.9272260412
0.6108837598 -0.7916731401 0.0086412515 0.7360900727 0.5639071338 -0.3744063959 0.2915346237 0.2350795263 0.9272244494
0.5160191957 -0.8565333131 0.0086529284 0.7959286279 0.4757254629 -0.3744100738 0.3165782826 0.2000898985 0.9272228554
0.4143395266 -0.9100811400 0.0086646034 0.8452542165 0.3812606042 -0.3744137566 0.3374434265 0.1624582112 0.9272212592
0.3071876489 -0.9516094107 0.0086762765 0.8834153709 0.2817602879 -0.3744174444 0.3538545335 0.1226811705 0.9272196609
0.1959787308 -0.9805696593 0.0086879478 0.9099080871 0.1785387495 -0.3744211372 0.3655948715 0.0812838132 0.9272180604
0.0821815218 -0.9965794068 0.0086996172 0.9243824821 0.0729593707 -0.3744248349 0.3725093612 0.0388125765 0.9272164578
-0.0327010446 -0.9994272136 0.0087112848 0.9266474143 -0.0335833281 -0.3744285375 0.3745066238 -0.0041719148 0.9272148531
-0.1471517012 -0.9890754708 0.0087229504 0.9166730075 -0.1396821076 -0.3744322451 0.3715601892 -0.0471022486 0.9272132462
-0.2596588851 -0.9656608980 0.0087346142 0.8945910453 -0.2439355964 -0.3744359577 0.3637088464 -0.0894117156 0.9272116372
-0.3687367016 -0.9294927367 0.0087462762 0.8606932300 -0.3449668006 -0.3744396752 0.3510561333 -0.1305417901 0.9272100260
-0.4729445482 -0.8810486666 0.0087579363 0.8154273287 -0.4414412912 -0.3744433976 0.3337689709 -0.1699495030 0.9272084127
-0.5709061411 -0.8209684965 0.0087695944 0.7593912591 -0.5320848298 -0.3744471250 0.3120754614 -0.2071146098 0.9272067972
-0.6613276916 -0.7500457146 0.0087812508 0.6933251915 -0.6157001984 -0.3744508573 0.2862618787 -0.2415464587 0.9272051796
-0.7430149936 -0.6692170083 0.0087929052 0.6181017717 -0.6911830123 -0.3744545946 0.2566688902 -0.2727904680 0.9272035598
-0.8148891953 -0.5795498936 0.0088045577 0.5347145948 -0.7575363067 -0.3744583369 0.2236870614 -0.3004341273 0.9272019379
-0.8760010481 -0.4822286161 0.0088162084 0.4442650814 -0.8138837049 -0.3744620840 0.1877517009 -0.3241124446 0.9272003139
-0.9255434430 -0.3785385106 0.0088278571 0.3479479287 -0.8594809925 -0.3744658362 0.1493371153 -0.3435127647 0.9271986877
-0.9628620704 -0.2698490255 0.0088395040 0.2470353312 -0.8937259473 -0.3744695932 0.1089503489 -0.3583788980 0.9271970594
-0.9874640614 -0.1575956361 0.0088511490 0.1428601766 -0.9161662929 -0.3744733552 0.0671244910 -0.3685145035 0.9271954289
-0.9990244975 -0.0432608865 0.0088627921 0.0367984408 -0.9265056717 -0.3744771222 0.0244116394 -0.3737856819 0.9271937963
-0.9973907013 0.0716451908 0.0088744332 -0.0697489867 -0.9246075594 -0.3744808940 -0.0186243871 -0.3741227443 0.9271921615
-0.9825842534 0.1856050182 0.0088860725 -0.1753748058 -0.9104970669 -0.3744846709 -0.0614154912 -0.3695211340 0.9271905247
-0.9548007068 0.2971135153 0.0088977099 -0.2786838939 -0.8843606087 -0.3744884526 -0.1033967965 -0.3600414877 0.9271888856
-0.9144070049 0.4046979774 0.0089093454 -0.3783117329 -0.8465434398 -0.3744922393 -0.1440141039 -0.3458088368 0.9271872444
-0.8619366345 0.5069375251 0.0089209789 -0.4729424318 -0.7975450953 -0.3744960310 -0.1827312081 -0.3270109580 0.9271856011
-0.7980825801 0.6024818701 0.0089326106 -0.5613261072 -0.7380127916 -0.3744998275 -0.2190369756 -0.3038958961 0.9271839557
-0.7236881721 0.6900691488 0.0089442403 -0.6422953918 -0.6687328775 -0.3745036290 -0.2524520930 -0.2767686911 0.9271823081
-0.6397359479 0.7685425879 0.0089558681 -0.7147808529 -0.5906204476 -0.3745074355 -0.2825353948 -0.2459873523 0.9271806583
-0.5473346762 0.8368657815 0.0089674940 -0.7778251172 -0.5047072549 -0.3745112468 -0.3088896880 -0.2119581341 0.9271790065
-0.4477047128 0.8941363797 0.0089791180 -0.8305955158 -0.4121280828 -0.3745150631 -0.3311669960 -0.1751301739 0.9271773525
-0.3421618835 0.9395980056 0.0089907400 -0.8723950819 -0.3141057566 -0.3745188844 -0.3490731536 -0.1359895642 0.9271756963
-0.2321001055 0.9726502447 0.0090023601 -0.9026717557 -0.2119349916 -0.3745227105 -0.3623716909 -0.0950529369 0.9271740380
-0.1189729784 0.9928565750 0.0090139783 -0.9210256760 -0.1069652923 -0.3745265416 -0.3708869566 -0.0528606436 0.9271723776
-0.0042745854 0.9999501320 0.0090255946 -0.9272144607 -0.0005831272 -0.3745303776 -0.3745064375 -0.0099696239 0.9271707151
0.1104802383 0.9938372331 0.0090372089 -0.9211564082 0.1058063835 -0.3745342186 -0.3731822459 0.0330539468 0.9271690504
0.2237759128 0.9745986146 0.0090488213 -0.9029315754 0.2107980275 -0.3745380645 -0.3669317524 0.0756421308 0.9271673835
0.3341161297 0.9424883662 0.0090604317 -0.8727807204 0.3130050602 -0.3745419153 -0.3558373588 0.1172327250 0.9271657146
0.4400436138 0.8979305742 0.0090720402 -0.8311021215 0.4110775219 -0.3745457710 -0.3400454110 0.1572766827 0.9271640435
0.5401593697 0.8415137210 0.0090836468 -0.7784463163 0.5037200672 -0.3745496317 -0.3197642694 0.1952453616 0.9271623702
0.6331411586 0.7739829130 0.0090952514 -0.7155088294 0.5897090747 -0.3745534973 -0.2952615592 0.2306375026 0.9271606949
0.7177609611 0.6962300396 0.0091068540 -0.6431209856 0.6679088082 -0.3745573678 -0.2668606390 0.2629858473 0.9271590174
0.7929011954 0.6092819939 0.0091184548 -0.5622389290 0.7372864178 -0.3745612432 -0.2349363339 0.2918633073 0.9271573377
0.8575694783 0.5142871105 0.0091300535 -0.4739309934 0.7969255810 -0.3745651235 -0.1999099883 0.3168886022 0.9271556559
0.9109117304 0.4124999995 0.0091416503 -0.3793635916 0.8460386061 -0.3745690088 -0.1622439050 0.3377312947 0.9271539720
0.9522234572 0.3052649761 0.0091532451 -0.2797858084 0.8839768350 -0.3745728990 -0.1224352437 0.3541161528 0.9271522860
0.9809590526 0.1939983065 0.0091648380 -0.1765129026 0.9102392106 -0.3745767941 -0.0810094586 0.3658267849 0.9271505978
0.9967390049 0.0801695032 0.0091764289 -0.0709089342 0.9244788946 -0.3745806941 -0.0385133630 0.3727084975 0.9271489075
0.9993549094 -0.0347180835 0.0091880179 0.0356312522 0.9265078478 -0.3745845991 0.0044920887 0.3746703387 0.9271472151
0.9887722204 -0.1491471200 0.0091996049 0.1417004513 0.9162993130 -0.3745885089 0.0474392057 0.3716862999 0.9271455205
0.9651307075 -0.2616063292 0.0092111899 0.2458976833 0.8939881685 -0.3745924237 0.0897610541 0.3637956612 0.9271438238
0.9287426096 -0.3706104500 0.0092227729 0.3468466985 0.8598691454 -0.3745963434 0.1308989415 0.3511024738 0.9271421250
0.8800885112 -0.4747198534 0.0092343539 0.4432141552 0.8143929346 -0.3746002680 0.1703097917 0.3337741885 0.9271404241
0.8198109951 -0.5725595559 0.0092459330 0.5337272301 0.7581602331 -0.3746041975 0.2074733142 0.3120394462 0.9271387210
0.7487061558 -0.6628373788 0.0092575101 0.6171904304 0.6919138097 -0.3746081320 0.2418988732 0.2861850611 0.9271370157
0.6677130854 -0.7443610144 0.0092690852 0.6925013832 0.6165286939 -0.3746120713 0.2731319644 0.2565522363 0.9271353084
0.5779014704 -0.8160537727 0.0092806583 0.7586653958 0.5330006173 -0.3746160156 0.3007602162 0.2235320606 0.9271335989
0.4804574651 -0.8769688014 0.0092922295 0.8148085938 0.4424328622 -0.3746199647 0.3244188338 0.1875603471 0.9271318873
0.3766680250 -0.9263015914 0.0093037986 0.8601894622 0.3460216881 -0.3746239188 0.3437954161 0.1491118811 0.9271301736
0.2679039103 -0.9634006014 0.0093153658 0.8942086396 0.2450405316 -0.3746278778 0.3586340806 0.1086941539 0.9271284577
0.1556015821 -0.9877758632 0.0093269309 0.9164168339 0.1408231858 -0.3746318417 0.3687388427 0.0668406638 0.9271267398
0.0412442307 -0.9991054529 0.0093384941 0.9265207565 0.0347461836 -0.3746358105 0.3739762041 0.0241038744 0.9271250196
-0.0736578132 -0.9972397420 0.0093500552 0.9243869949 -0.0717893845 -0.3746397842 0.3742769164 -0.0189520778 0.9271232974
-0.1875870251 -0.9822033741 0.0093616143 0.9100437749 -0.1773763759 -0.3746437628 0.3696368971 -0.0617588301 0.9271215730
-0.2990387294 -0.9541949392 0.0093731715 0.8836805869 -0.2806201819 -0.3746477463 0.3601172846 -0.1037512963 0.9271198465
-0.4065409712 -0.9135843506 0.0093847266 0.8456456826 -0.3801571481 -0.3746517347 0.3458436326 -0.1443751266 0.9271181179
-0.5086739574 -0.8609079596 0.0093962797 0.7964414746 -0.4746725851 -0.3746557280 0.3270042548 -0.1830940250 0.9271163872
-0.6040888073 -0.7968614721 0.0094078308 0.7367178999 -0.5629181339 -0.3746597262 0.3038477396 -0.2193968298 0.9271146543
-0.6915253676 -0.7222907595 0.0094193799 0.6672638353 -0.6437282533 -0.3746637294 0.2766796706 -0.2528042616 0.9271129193
-0.7698288556 -0.6381806881 0.0094309270 0.5889966764 -0.7160356149 -0.3746677374 0.2458585941 -0.2828752509 0.9271111822
-0.8379651104 -0.5456421111 0.0094424720 0.5029502208 -0.7788852001 -0.3746717503 0.2117912865 -0.3092127612 0.9271094430
-0.8950342511 -0.4458971978 0.0094540151 0.4102610129 -0.8314469135 -0.3746757681 0.1749273867 -0.3314690317 0.9271077016
-0.9402825615 -0.3402632920 0.0094655561 0.3121533317 -0.8730265471 -0.3746797908 0.1357534608 -0.3493501686 0.9271059581
-0.9731124446 -0.2301355139 0.0094770950 0.2099230199 -0.9030749481 -0.3746838184 0.0947865802 -0.3626200261 0.9271042125
-0.9930903154 -0.1169683344 0.0094886320 0.1049203683 -0.9211952728 -0.3746878509 0.0525674968 -0.3711033253 0.9271024648
-0.9999523267 -0.0022563659 0.0095001669 -0.0014677198 -0.9271482269 -0.3746918883 0.0096535049 -0.3746879691 0.9271007149
-0.9936078540 0.1124853774 0.0095116997 -0.1078360465 -0.9208552257 -0.3746959306 -0.0333889147 -0.3733265236 0.9270989630
-0.9741406923 0.2257414884 0.0095232306 -0.2127796804 -0.9023994317 -0.3746999778 -0.0759915729 -0.3670368458 0.9270972089
-0.9418079498 0.3360161814 0.0095347594 -0.3149125123 -0.8720246554 -0.3747040299 -0.1175920720 -0.3559018492 0.9270954527
-0.8970366512 0.4418530466 0.0095462861 -0.4128855637 -0.8301321346 -0.3747080869 -0.1576412309 -0.3400684111 0.9270936943
-0.8404180990 0.5418542858 0.0095578108 -0.5054048041 -0.7772752341 -0.3747121487 -0.1956103341 -0.3197454352 0.9270919339
-0.7727000634 0.6346991727 0.0095693334 -0.5912482425 -0.7141521362 -0.3747162155 -0.2309981120 -0.2952010950 0.9270901713
-0.6947769066 0.7191614960 0.0095808540 -0.6692820673 -0.6415966185 -0.3747202871 -0.2633373587 -0.2667592957 0.9270884066
-0.6076777707 0.7941257542 0.0095923726 -0.7384756220 -0.5605670407 -0.3747243636 -0.2922011000 -0.2347953992 0.9270866398
-0.5125529857 0.8586018880 0.0096038891 -0.7979150175 -0.4721336859 -0.3747284450 -0.3172082309 -0.1997312707 0.9270848709
-0.4106588773 0.9117383564 0.0096154035 -0.8468152027 -0.3774646241 -0.3747325313 -0.3380285475 -0.1620297105 0.9270830998
-0.3033411738 0.9528333825 0.0096269159 -0.8845303332 -0.2778102830 -0.3747366225 -0.3543871073 -0.1221883461 0.9270813267
-0.1920172334 0.9813442224 0.0096384262 -0.9105623011 -0.1744869326 -0.3747407186 -0.3660678597 -0.0807330636 0.9270795514
-0.0781573248 0.9968943331 0.0096499344 -0.9245673135 -0.0688592989 -0.3747448195 -0.3729164992 -0.0382110665 0.9270777740
0.0367347911 0.9992783455 0.0096614406 -0.9263604330 0.0376774615 -0.3747489254 -0.3748425047 0.0048163472 0.9270759945
0.1511417207 0.9884647765 0.0096729447 -0.9159180197 0.1437161893 -0.3747530361 -0.3718203348 0.0477811944 0.9270742128
0.2635524792 0.9645964452 0.0096844467 -0.8933780430 0.2478563082 -0.3747571517 -0.3638897676 0.0901163044 0.9270724291
0.3724824456 0.9279885863 0.0096959467 -0.8590382584 0.3487223242 -0.3747612722 -0.3511553762 0.1312628060 0.9270706432
0.4764929703 0.8791246867 0.0097074446 -0.8133522745 0.4449819933 -0.3747653975 -0.3337851507 0.1706775053 0.9270688552
0.5742103758 0.8186501002 0.0097189404 -0.7569235606 0.5353639178 -0.3747695277 -0.3120082814 0.2078400564 0.9270670651
0.6643440989 0.7473635239 0.0097304341 -0.6904974760 0.6186743386 -0.3747736629 -0.2861121352 0.2422598312 0.9270652729
0.7457037351 0.6662064503 0.0097419257 -0.6149514241 0.6938129031 -0.3747778028 -0.2564384634 0.2734823963 0.9270634786
0.8172147606 0.5762507319 0.0097534153 -0.5312832633 0.7597871977 -0.3747819477 -0.2233788917 0.3010955134 0.9270616822
0.8779327234 0.4786844261 0.0097649027 -0.4405981268 0.8157258558 -0.3747860974 -0.1873697516 0.3247345814 0.9270598836
0.9270557173 0.3747961037 0.0097763881 -0.3440938249 0.8608900665 -0.3747902520 -0.1488863215 0.3440874512 0.9270580830
0.9639349718 0.2659578307 0.0097878713 -0.2430450245 0.8946833323 -0.3747944115 -0.1084365540 0.3588985471 0.9270562802
0.9880834214 0.1536070477 0.0097993525 -0.1387864119 0.9166593475 -0.3747985759 -0.0665543708 0.3689722422 0.9270544753
0.9991821376 0.0392275846 0.0098108315 -0.0326950647 0.9265278922 -0.3748027451 -0.0237926155 0.3741754423 0.9270526683
0.9970845416 -0.0756699358 0.0098223085 0.0738277377 0.9241586652 -0.3748069192 0.0192842440 0.3744393440 0.9270508592
0.9818183394 -0.1895680488 0.0098337834 0.1793750223 0.9095830045 -0.3748110982 0.0621075663 0.3697603451 0.9270490480
0.9535851565 -0.3009624897 0.0098452561 0.2825527060 0.8829934726 -0.3748152820 0.1041120435 0.3602000931 0.9270472347
0.9127578747 -0.4083820602 0.0098567268 0.3819980089 0.8447413128 -0.3748194707 0.1447431633 0.3458846735 0.9270454192
0.8598757073 -0.5104080590 0.0098681953 0.4763974543 0.7953318089 -0.3748236643 0.1834645293 0.3270029465 0.9270436017
0.7956370778 -0.6056930186 0.0098796617 0.5645042166 0.7354176112 -0.3748278627 0.2197649424 0.3038040560 0.9270417820
0.7208903954 -0.6929785014 0.0098911260 0.6451545899 0.6657901152 -0.3748320660 0.2531651494 0.2765941416 0.9270399603
0.6366228505 -0.7711117202 0.0099025882 0.7172833578 0.5873690086 -0.3748362741 0.2832241707 0.2457322990 0.9270381364
0.5439473759 -0.8390607629 0.0099140482 0.7799378627 0.5011901232 -0.3748404872 0.3095451221 0.2116258410 0.9270363104
0.4440879491 -0.8959282214 0.0099255061 0.8322905882 0.4083917530 -0.3748447050 0.3317804550 0.1747249216 0.9270344823
0.3383634261 -0.9409630432 0.0099369619 0.8736500887 0.3101996192 -0.3748489278 0.3496365460 0.1355165952 0.9270326521
0.2281701239 -0.9735704513 0.0099484156 0.9034701218 0.2079106801 -0.3748531554 0.3628775738 0.0945183872 0.9270308198
0.1149633788 -0.9933197987 0.0099598672 0.9213568621 0.1028760005 -0.3748573879 0.3713286338 0.0522714638 0.9270289854
0.0002383254 -0.9999502568 0.0099713166 0.9270741028 -0.0035170935 -0.3748616252 0.3748780484 0.0093334884 0.9270271489
-0.1144898492 -0.9933742592 0.0099827638 0.9205463748 -0.1098633390 -0.3748658674 0.3734788431 -0.0337287396 0.9270253103
-0.2277059173 -0.9736786590 0.0099942090 0.9018599432 -0.2147580970 -0.3748701144 0.3671493676 -0.0763467666 0.9270234696
-0.3379146221 -0.9411235812 0.0100056519 0.8712616666 -0.3168159052 -0.3748743663 0.3559730558 -0.1179579888 0.9270216267
-0.4436604257 -0.8961389873 0.0100170928 0.8291557368 -0.4146887775 -0.3748786230 0.3400973256 -0.1580130795 0.9270197818
-0.5435467325 -0.8393189967 0.0100285315 0.7760983388 -0.5070840081 -0.3748828846 0.3197316346 -0.1959832404 0.9270179348
-0.6362543342 -0.7714140401 0.0100399680 0.7127903047 -0.5927812459 -0.3748871511 0.2951447166 -0.2313671829 0.9270160856
-0.7205588330 -0.6933209484 0.0100514024 0.6400678559 -0.6706486123 -0.3748914224 0.2666610356 -0.2636977462 0.9270142344
-0.7953468120 -0.6060711080 0.0100628347 0.5588915581 -0.7396576515 -0.3748956986 0.2346565041 -0.2925480653 0.9270123810
-0.8596305402 -0.5108168395 0.0100742648 0.4703336330 -0.7988969139 -0.3748999796 0.1995535217 -0.3175372064 0.9270105256
-0.9125610177 -0.4088161785 0.0100856927 0.3755637962 -0.8475839939 -0.3749042654 0.1618154008 -0.3383351970 0.9270086680
-0.9534391885 -0.3014162604 0.0100971184 0.2758338070 -0.8850758642 -0.3749085561 0.1219402508 -0.3546673829 0.9270068084
-0.9817251728 -0.1900355293 0.0101085421 0.1724609343 -0.9108773681 -0.3749128517 0.0804544044 -0.3663180555 0.9270049466
-0.9970453975 -0.0761450038 0.0101199635 0.0668105579 -0.9246477591 -0.3749171521 0.0379054695 -0.3731333005 0.9270030827
-0.9991975297 0.0387511508 0.0101313828 -0.0397218658 -0.9262052009 -0.3749214573 -0.0051448985 -0.3750230314 0.9270012168
-0.9881531490 0.1531354880 0.0101427998 -0.1457292356 -0.9155291687 -0.3749257674 -0.0481284112 -0.3719621802 0.9269993487
-0.9640581229 0.2654973212 0.0101542148 -0.2498113904 -0.8927607197 -0.3749300823 -0.0904776484 -0.3639910299 0.9269974786
-0.9272306801 0.3743526758 0.0101656275 -0.3505936034 -0.8582006289 -0.3749344021 -0.1316335488 -0.3512146847 0.9269956063
-0.8781572077 0.4782638879 0.0101770381 -0.4467447387 -0.8123054165 -0.3749387267 -0.1710527900 -0.3338016836 0.9269937320
-0.8174858274 0.5758585916 0.0101884465 -0.5369948340 -0.7556813170 -0.3749430562 -0.2082149616 -0.3119817776 0.9269918555
-0.7460178356 0.6658478445 0.0101998527 -0.6201518734 -0.6890762717 -0.3749473905 -0.2426294353 -0.2860428985 0.9269899769
-0.6646971204 0.7470431503 0.0102112567 -0.6951175322 -0.6133700489 -0.3749517296 -0.2738418423 -0.2563273585 0.9269880963
-0.5745976959 0.8183721556 0.0102226585 -0.7609016826 -0.5295626235 -0.3749560736 -0.3014400724 -0.2232273340 0.9269862136
-0.4769095173 0.8788928128 0.0102340582 -0.8166354719 -0.4387609687 -0.3749604224 -0.3250597151 -0.1871796890 0.9269843287
-0.3729227649 0.9278058213 0.0102454556 -0.8615827973 -0.3421644343 -0.3749647761 -0.3443888715 -0.1486602093 0.9269824418
-0.2640108047 0.9644651845 0.0102568509 -0.8951500284 -0.2410489052 -0.3749691346 -0.3591722729 -0.1081773233 0.9269805527
-0.1516120502 0.9883867408 0.0102682439 -0.9168938473 -0.1367499493 -0.3749734979 -0.3692146516 -0.0662653904 0.9269786616
-0.0372109650 0.9992545588 0.0102796348 -0.9265271033 -0.0306451763 -0.3749778660 -0.3743833208 -0.0234776485 0.9269767684
0.0776815425 0.9969251089 0.0102910234 -0.9239226052 0.0758639575 -0.3749822390 -0.3746099272 0.0196210896 0.9269748730
0.1915480744 0.9814291597 0.0103024098 -0.9091148006 0.1813706608 -0.3749866168 -0.3698913552 0.0624618911 0.9269729756
0.3028847828 0.9529713710 0.0103137941 -0.8822993202 0.2844813876 -0.3749909995 -0.3602897694 0.1044792139 0.9269710761
0.4102212323 0.9119275910 0.0103251761 -0.8438303935 0.3838342438 -0.3749953870 -0.3459317960 0.1451183723 0.9269691745
0.5121398194 0.8588398925 0.0103365559 -0.7942161692 0.4781169753 -0.3749997793 -0.3270068530 0.1838428594 0.9269672708
0.6072944954 0.7944094134 0.0103479335 -0.7341120030 0.5660843000 -0.3750041764 -0.3037646505 0.2201414299 0.9269653650
0.6944285436 0.7194870969 0.0103593089 -0.6643118009 0.6465743557 -0.3750085784 -0.2765118968 0.2535348498 0.9269634571
0.7723911769 0.6350624527 0.0103706821 -0.5857375326 0.7185240454 -0.3750129852 -0.2456082506 0.2835822232 0.9269615472
0.8401527363 0.5422504888 0.0103820530 -0.4994270539 0.7809830792 -0.3750173968 -0.2114615744 0.3098868139 0.9269596351
0.8968182900 0.4422769850 0.0103934217 -0.4065203973 0.8331265247 -0.3750218132 -0.1745225521 0.3321012833 0.9269577209
0.9416394524 0.3364623040 0.0104047882 -0.3082447145 0.8742657030 -0.3750262345 -0.1352787404 0.3499322771 0.9269558047
0.9740242683 0.2262039535 0.0104161525 -0.2058980674 0.9038572838 -0.3750306605 -0.0942481334 0.3631442991 0.9269538864
0.9935450307 0.1129581287 0.0104275145 -0.1008322828 0.9215104617 -0.3750350914 -0.0519723258 0.3715628214 0.9269519659
0.9999439300 -0.0017795196 0.0104388743 0.0055649031 0.9269921170 -0.3750395272 -0.0090093640 0.3750765900 0.9269500434
0.9931364584 -0.1164936382 0.0104502318 0.1118881740 0.9202298945 -0.3750439677 0.0340736206 0.3736390952 0.9269481188
0.9732125259 -0.2296691853 0.0104615871 0.2167331953 0.9013131586 -0.3750484131 0.0767078973 0.3672691866 0.9269461921
0.9404352734 -0.3398114391 0.0104729402 0.3187151631 0.8704918119 -0.3750528633 0.1183306445 0.3560508268 0.9269442633
0.8952375966 -0.4454657396 0.0104842910 0.4164870944 0.8281729941 -0.3750573183 0.1583923790 0.3401319841 0.9269423324
0.8382164294 -0.5452366999 0.0104956396 0.5087576185 0.7749157040 -0.3750617781 0.1963642102 0.3197226810 0.9269403995
0.7701248594 -0.6378066354 0.0105069860 0.5943080331 0.7114234150 -0.3750662427 0.2317448225 0.2950922236 0.9269384644
0.6918621821 -0.7219529664 0.0105183300 0.6720084010 0.6385347836 -0.3750707121 0.2640670936 0.2665656475 0.9269365273
0.6044620237 -0.7965643652 0.0105296719 0.7408324744 0.5572125712 -0.3750751864 0.2929042622 0.2345194291 0.9269345881
0.5090786900 -0.8606554331 0.0105410114 0.7998712487 0.4685309276 -0.3750796654 0.3178755620 0.1993765167 0.9269326468
0.4069719210 -0.9133797148 0.0105523488 0.8483449690 0.3736612029 -0.3750841493 0.3386512500 0.1616007488 0.9269307034
0.2994902538 -0.9540408778 0.0105636838 0.8856134282 0.2738564759 -0.3750886380 0.3549569602 0.1216907316 0.9269287579
0.1880532118 -0.9821019084 0.0105750166 0.9111844230 0.1704350025 -0.3750931315 0.3665773273 0.0801732585 0.9269268103
0.0741325572 -0.9971922048 0.0105863471 0.9247202535 0.0647628041 -0.3750976298 0.3733588309 0.0375963561 0.9269248607
-0.0407671467 -0.9991124707 0.0105976754 0.9260421842 -0.0417643754 -0.3751021329 0.3752118241 -0.0054779492 0.9269229090
-0.1551284068 -0.9878373482 0.0106090014 0.9151328028 -0.1477395048 -0.3751066408 0.3721117180 -0.0484810504 0.9269209552
-0.2674408415 -0.9635157523 0.0106203251 0.8921362507 -0.2517628501 -0.3751111535 0.3640993086 -0.0908452656 0.9269189993
-0.3762211285 -0.9264689043 0.0106316465 0.8573563178 -0.3524604626 -0.3751156711 0.3512802398 -0.1320113318 0.9269170413
