1957
35619
0.2143822761 -0.9764350635 0.0247952932 0.8944585252 0.1860586711 -0.4066031450 0.3924081884 0.1093468691 0.9132683482
0.1009381780 -0.9945837840 0.0247907406 0.9098940361 0.0822080486 -0.4066136740 0.4023733681 0.0635997904 0.9132637841
-0.0138390422 -0.9995969818 0.0247861827 0.9133127798 -0.0227271953 -0.4066242010 0.4070236445 0.0170102479 0.9132592208
-0.1284335155 -0.9914084443 0.0247816194 0.9046697305 -0.1273612118 -0.4066347261 0.4062973183 -0.0298063464 0.9132546583
-0.2413317858 -0.9701263149 0.0247770509 0.8840791579 -0.2303121444 -0.4066452492 0.4002037128 -0.0762315499 0.9132500967
-0.3510427986 -0.9360316650 0.0247724771 0.8518131167 -0.3302203789 -0.4066557704 0.3888230546 -0.1216520588 0.9132455359
-0.4561175933 -0.8895747817 0.0247678979 0.8082978520 -0.4257664986 -0.4066662897 0.3723054171 -0.1654678107 0.9132409759
-0.5551684399 -0.8313692210 0.0247633135 0.7541081684 -0.5156887094 -0.4066768070 0.3508687414 -0.2070999115 0.9132364168
-0.6468871667 -0.7621837044 0.0247587237 0.6899598373 -0.5987995030 -0.4066873224 0.3247959613 -0.2459982847 0.9132318585
-0.7300624372 -0.6829319665 0.0247541287 0.6167001426 -0.6740013387 -0.4066978358 0.2944312686 -0.2816489385 0.9132273011
-0.8035957488 -0.5946606876 0.0247495283 0.5352966893 -0.7403011378 -0.4067083473 0.2601755694 -0.3135807583 0.9132227445
-0.8665159405 -0.4985356694 0.0247449227 0.4468246240 -0.7968233976 -0.4067188568 0.2224811909 -0.3413717319 0.9132181888
-0.9179920191 -0.3958264391 0.0247403118 0.3524524341 -0.8428217521 -0.4067293643 0.1818459089 -0.3646545273 0.9132136339
-0.9573441344 -0.2878894819 0.0247356955 0.2534265158 -0.8776888283 -0.4067398699 0.1388063740 -0.3831213476 0.9132090799
-0.9840525578 -0.1761503264 0.0247310740 0.1510547121 -0.9009642654 -0.4067503736 0.0939310250 -0.3965280003 0.9132045267
-0.9977645467 -0.0620847174 0.0247264472 0.0466890402 -0.9123407937 -0.4067608753 0.0478125804 -0.4046971263 0.9131999744
-0.9982990031 0.0528008744 0.0247218151 -0.0582921644 -0.9116682906 -0.4067713750 0.0010602106 -0.4075205462 0.9131954229
-0.9856488652 0.1669891484 0.0247171777 -0.1625024515 -0.8989557616 -0.4067818727 -0.0457085092 -0.4049606932 0.9131908722
-0.9599812012 0.2789720130 0.0247125350 -0.2645655661 -0.8743712199 -0.4067923685 -0.0918757566 -0.3970511124 0.9131863225
-0.9216350023 0.3872705035 0.0247078870 -0.3631336247 -0.8382394657 -0.4068028623 -0.1368316234 -0.3838960215 0.9131817735
-0.8711167062 0.4904543144 0.0247032337 -0.4569049152 -0.7910377951 -0.4068133542 -0.1799821732 -0.3656689380 0.9131772255
-0.8090935081 0.5871606897 0.0246985751 -0.5446410880 -0.7333896953 -0.4068238440 -0.2207572884 -0.3426103900 0.9131726783
-0.7363845495 0.6761124212 0.0246939113 -0.6251835096 -0.6660566084 -0.4068343319 -0.2586182024 -0.3150247424 0.9131681319
-0.6539500993 0.7561347161 0.0246892422 -0.6974685634 -0.5899278747 -0.4068448178 -0.2930646187 -0.2832761793 0.9131635864
-0.5628788721 0.8261707133 0.0246845677 -0.7605416953 -0.5060089853 -0.4068553018 -0.3236413218 -0.2477838963 0.9131590418
-0.4643736488 0.8852954408 0.0246798880 -0.8135700192 -0.4154083026 -0.4068657837 -0.3499441929 -0.2090165655 0.9131544980
-0.3597353921 0.9327280322 0.0246752031 -0.8558533153 -0.3193224212 -0.4068762636 -0.3716255511 -0.1674861466 0.9131499551
-0.2503460643 0.9678420397 0.0246705128 -0.8868332761 -0.2190203640 -0.4068867416 -0.3883987493 -0.1237411261 0.9131454130
-0.1376503756 0.9901737078 0.0246658172 -0.9061008783 -0.1158268221 -0.4068972176 -0.4000419634 -0.0783592735 0.9131408718
-0.0231367039 0.9994280976 0.0246611164 -0.9134017829 -0.0111046595 -0.4069076916 -0.4064011268 -0.0319400105 0.9131363315
0.0916825623 0.9954829829 0.0246564103 -0.9086396931 0.0937630859 -0.4069181635 -0.4073919684 0.0149035068 0.9131317920
0.2052909982 0.9783904639 0.0246516989 -0.8918776237 0.1973914678 -0.4069286335 -0.4030011296 0.0615524867 0.9131272534
0.3161881701 0.9483762794 0.0246469823 -0.8633370677 0.2984119221 -0.4069391015 -0.3932863444 0.1073906764 0.9131227157
0.4229094518 0.9058368256 0.0246422603 -0.8233950693 0.3954903404 -0.4069495675 -0.3783756803 0.1518125028 0.9131181788
0.5240453680 0.8513339205 0.0246375331 -0.7725792430 0.4873446892 -0.4069600315 -0.3584658500 0.1942310728 0.9131136428
0.6182602093 0.7855873846 0.0246328006 -0.7115608038 0.5727619401 -0.4069704934 -0.3338196162 0.2340859270 0.9131091077
0.7043096729 0.7094655335 0.0246280629 -0.6411457015 0.6506140892 -0.4069809534 -0.3047623239 0.2708504455 0.9131045735
0.7810572966 0.6239737106 0.0246233199 -0.5622639754 0.7198730534 -0.4069914114 -0.2716776056 0.3040388058 0.9131000401
0.8474894677 0.5302410094 0.0246185716 -0.4759574702 0.7796242470 -0.4070018673 -0.2350023162 0.3332124028 0.9130955076
0.9027288101 0.4295053613 0.0246138180 -0.3833660760 0.8290786586 -0.4070123212 -0.1952207653 0.3579856456 0.9130909759
0.9460457718 0.3230971863 0.0246090592 -0.2857126728 0.8675832702 -0.4070227731 -0.1528583208 0.3780310535 0.9130864452
0.9768682603 0.2124218224 0.0246042950 -0.1842869799 0.8946296800 -0.4070332230 -0.1084744716 0.3930835852 0.9130819153
0.9947891982 0.0989409646 0.0245995257 -0.0804285225 0.9098608151 -0.4070436709 -0.0626554379 0.4029441435 0.9130773863
0.9995718995 -0.0158466393 0.0245947510 0.0244910597 0.9130756453 -0.4070541167 -0.0160064284 0.4074822081 0.9130728582
0.9911531956 -0.1304249827 0.0245899711 0.1290861273 0.9042318372 -0.4070645605 0.0308563535 0.4066375641 0.9130683309
0.9696442698 -0.2432808227 0.0245851860 0.2319753407 0.8834463107 -0.4070750023 0.0773138496 0.4004211002 0.9130638045
0.9353291886 -0.3529236648 0.0245803956 0.3317999033 0.8509936939 -0.4070854420 0.1227523245 0.3889146690 0.9130592790
0.8886611502 -0.4579054487 0.0245755999 0.4272415058 0.8073026944 -0.4070958797 0.1665714735 0.3722700090 0.9130547544
0.8302564994 -0.5568396727 0.0245707989 0.5170397365 0.7529504359 -0.4071063154 0.2081923537 0.3507067437 0.9130502307
0.7608865870 -0.6484197049 0.0245659927 0.6000087260 0.6886548347 -0.4071167491 0.2470650326 0.3245094837 0.9130457079
0.6814675831 -0.7314360407 0.0245611812 0.6750528085 0.6152651173 -0.4071271807 0.2826758550 0.2940240702 0.9130411859
0.5930483767 -0.8047922762 0.0245563645 0.7411809897 0.5337506037 -0.4071376102 0.3145542296 0.2596530094 0.9130366648
0.4967967236 -0.8675195889 0.0245515425 0.7975200344 0.4451879043 -0.4071480377 0.3422788485 0.2218501582 0.9130321446
0.3939838232 -0.9187895329 0.0245467153 0.8433259972 0.3507467011 -0.4071584632 0.3654832548 0.1811147312 0.9130276253
0.2859675302 -0.9579249802 0.0245418828 0.8779940461 0.2516742989 -0.4071688866 0.3838606865 0.1379847079 0.9130231069
0.1741744209 -0.9844090636 0.0245370451 0.9010664493 0.1492791517 -0.4071793080 0.3971681320 0.0930297282 0.9130185894
0.0600809528 -0.9978920033 0.0245322021 0.9122386180 0.0449135823 -0.4071897273 0.4052295436 0.0468435689 0.9130140728
-0.0548060354 -0.9981957260 0.0245273539 0.9113631280 -0.0600440778 -0.4072001445 0.4079381662 0.0000363004 0.9130095570
-0.1689692243 -0.9853162174 0.0245225004 0.8984516648 -0.1642076920 -0.4072105597 0.4052579516 -0.0467737711 0.9130050422
-0.2809008538 -0.9594235746 0.0245176416 0.8736748677 -0.2662016245 -0.4072209729 0.3972240375 -0.0929682717 0.9130005282
-0.3891226355 -0.9208597604 0.0245127776 0.8373600745 -0.3646789075 -0.4072313839 0.3839422876 -0.1379369281 0.9129960151
-0.4922052769 -0.8701340861 0.0245079084 0.7899869971 -0.4583390302 -0.4072417929 0.3655878963 -0.1810856305 0.9129915030
-0.5887873580 -0.8079164860 0.0245030339 0.7321813842 -0.5459451129 -0.4072521999 0.3424030779 -0.2218442815 0.9129869917
-0.6775933119 -0.7350286689 0.0244981542 0.6647067562 -0.6263402422 -0.4072626047 0.3146938701 -0.2596743286 0.9129824813
-0.7574502711 -0.6524332660 0.0244932692 0.5884543202 -0.6984627480 -0.4072730075 0.2828260946 -0.2940758799 0.9129779719
-0.8273035578 -0.5612211173 0.0244883790 0.5044311987 -0.7613602243 -0.4072834083 0.2472205272 -0.3245943103 0.9129734633
-0.8862306129 -0.4625968654 0.0244834835 0.4137471278 -0.8142021058 -0.4072938069 0.2083473422 -0.3508262691 0.9129689556
-0.9334531805 -0.3578630447 0.0244785828 0.3175998008 -0.8562906354 -0.4073042035 0.1667199036 -0.3724250112 0.9129644488
-0.9683475866 -0.2484028797 0.0244736769 0.2172590493 -0.8870700783 -0.4073145980 0.1228879856 -0.3891049802 0.9129599429
-0.9904529756 -0.1356620163 0.0244687657 0.1140500726 -0.9061340591 -0.4073249904 0.0774305115 -0.4006455843 0.9129554380
-0.9994773971 -0.0211294292 0.0244638493 0.0093359359 -0.9132309280 -0.4073353807 0.0309479079 -0.4068941131 0.9129509339
-0.9953016619 0.0936822432 0.0244589277 -0.0955004317 -0.9082670819 -0.4073457689 -0.0159458265 -0.4077677589 0.9129464307
-0.9779809159 0.2072566763 0.0244540008 -0.1990745009 -0.8913081992 -0.4073561551 -0.0626312314 -0.4032547137 0.9129419285
-0.9477439122 0.3180938854 0.0244490687 -0.3000184273 -0.8625783710 -0.4073665391 -0.1084915674 -0.3934143286 0.9129374271
-0.9049899894 0.4247300360 0.0244441313 -0.3969991156 -0.8224571395 -0.4073769211 -0.1529209641 -0.3783763340 0.9129329267
-0.8502837982 0.5257567769 0.0244391887 -0.4887358250 -0.7714744846 -0.4073873010 -0.1953324238 -0.3583391287 0.9129284271
-0.7843478437 0.6198398405 0.0244342409 -0.5740170827 -0.7103038224 -0.4073976787 -0.2351655775 -0.3335671625 0.9129239285
-0.7080529433 0.7057366644 0.0244292879 -0.6517166825 -0.6397531110 -0.4074080544 -0.2718940884 -0.3043874465 0.9129194308
-0.6224067257 0.7823128018 0.0244243296 -0.7208085574 -0.5607541780 -0.4074184280 -0.3050326070 -0.2711852355 0.9129149340
-0.5285403237 0.8485569049 0.0244193661 -0.7803803293 -0.4743504137 -0.4074287994 -0.3341431846 -0.2343989425 0.9129104381
-0.4276934343 0.9035940811 0.0244143973 -0.8296453574 -0.3816829898 -0.4074391688 -0.3588410611 -0.1945143488 0.9129059431
-0.3211979470 0.9466974484 0.0244094234 -0.8679531252 -0.2839757878 -0.4074495360 -0.3787997509 -0.1520581898 0.9129014490
-0.2104603528 0.9772977351 0.0244044442 -0.8947978307 -0.1825192347 -0.4074599012 -0.3937553581 -0.1075911983 0.9128969559
-0.0969431687 0.9949907981 0.0243994598 -0.9098250647 -0.0786532605 -0.4074702642 -0.4035100663 -0.0617006987 0.9128924636
0.0178543775 0.9995429611 0.0243944702 -0.9128364896 0.0262503987 -0.4074806251 -0.4079347551 -0.0149928496 0.9128879723
0.1324161479 0.9908940999 0.0243894753 -0.9037924572 0.1308063162 -0.4074909839 -0.4069707091 0.0319153625 0.9128834819
0.2452291182 0.9691584375 0.0243844753 -0.8828125309 0.2336336723 -0.4075013405 -0.4006303970 0.0784042741 0.9128789924
0.3548033601 0.9346230348 0.0243794700 -0.8501739046 0.3333744896 -0.4075116951 -0.3889973105 0.1238597295 0.9128745039
0.4596917192 0.8877439997 0.0243744595 -0.8063077410 0.4287115670 -0.4075220475 -0.3722248651 0.1676811952 0.9128700162
0.5585089272 0.8291404637 0.0243694437 -0.7517934750 0.5183858753 -0.4075323978 -0.3505343767 0.2092896935 0.9128655295
0.6499498977 0.7595864041 0.0243644228 -0.6873511606 0.6012131837 -0.4075427459 -0.3242121411 0.2481354517 0.9128610437
0.7328069625 0.6800004231 0.0243593967 -0.6138319596 0.6760996987 -0.4075530919 -0.2936056557 0.2837051672 0.9128565589
0.8059858211 0.5914336151 0.0243543653 -0.5322068994 0.7420565087 -0.4075634358 -0.2591190315 0.3155287892 0.9128520749
0.8685199933 0.4950556852 0.0243493287 -0.4435540479 0.7982126424 -0.4075737776 -0.2212076577 0.3431857313 0.9128475919
0.9195835839 0.3921395005 0.0243442869 -0.3490442749 0.8438265708 -0.4075841172 -0.1803721883 0.3663104293 0.9128431098
0.9585021901 0.2840442799 0.0243392399 -0.2499257881 0.8782959985 -0.4075944547 -0.1371519304 0.3845971738 0.9128386286
0.9847618084 0.1721976424 0.0243341877 -0.1475076473 0.9011658167 -0.4076047900 -0.0921177220 0.3978041514 0.9128341484
0.9980156233 0.0580767523 0.0243291303 -0.0431424763 0.9121341119 -0.4076151232 -0.0458643922 0.4057566423 0.9128296691
0.9980885875 -0.0568111893 0.0243240676 0.0617914015 0.9110561518 -0.4076254543 0.0009970954 0.4083493321 0.9128251907
0.9849797342 -0.1709488505 0.0243189998 0.1659081662 0.8979462950 -0.4076357831 0.0478477128 0.4055477060 0.9128207133
0.9588621895 -0.2828288078 0.0243139267 0.2678328031 0.8729777996 -0.4076461099 0.0940685450 0.3973885086 0.9128162367
0.9200808861 -0.3909734554 0.0243088485 0.3662192621 0.8364805338 -0.4076564345 0.1390489663 0.3839792620 0.9128117612
0.8691480080 -0.4939545193 0.0243037650 0.4597682340 0.7889366174 -0.4076667569 0.1821947068 0.3654968488 0.9128072865
0.8067362258 -0.5904119208 0.0242986764 0.5472443090 0.7309740536 -0.4076770772 0.2229357042 0.3421851790 0.9128028128
0.7336698129 -0.6790717396 0.0242935825 0.6274922922 0.6633584332 -0.4076873953 0.2607336359 0.3143519708 0.9127983400
0.6509137591 -0.7587630380 0.0242884835 0.6994524586 0.5869828230 -0.4076977113 0.2950890314 0.2823646893 0.9127938682
0.5595610264 -0.8284333257 0.0242833792 0.7621745470 0.5028559696 -0.4077080250 0.3255478729 0.2466456945 0.9127893973
0.4608181139 -0.8871624606 0.0242782698 0.8148303095 0.4120889767 -0.4077183367 0.3517075954 0.2076666650 0.9127849273
0.3559891233 -0.9341748006 0.0242731551 0.8567244475 0.3158806297 -0.4077286461 0.3732224071 0.1659423687 0.9127804583
0.2464585362 -0.9688494478 0.0242680353 0.8873037935 0.2155015635 -0.4077389534 0.3898078603 0.1220238654 0.9127759902
0.1336729285 -0.9907284489 0.0242629103 0.9061646150 0.1122774805 -0.4077492585 0.4012446120 0.0764912282 0.9127715231
0.0191218660 -0.9995228433 0.0242577800 0.9130579446 0.0075716428 -0.4077595614 0.4073813250 0.0299458824 0.9127670569
-0.0956817689 -0.9951164798 0.0242526446 0.9078928667 -0.0972331330 -0.4077698622 0.4081366704 -0.0169973387 0.9127625916
-0.2092217574 -0.9775675500 0.0242475040 0.8907377162 -0.2007527372 -0.4077801608 0.4035004055 -0.0637183156 0.9127581273
-0.3199985697 -0.9471078204 0.0242423582 0.8618191748 -0.3016200473 -0.4077904572 0.3935335123 -0.1095998339 0.9127536640
-0.4265491687 -0.9041395714 0.0242372072 0.8215192758 -0.3985029821 -0.4078007514 0.3783673959 -0.1540357386 0.9127492016
-0.5274663330 -0.8492302840 0.0242320510 0.7703703564 -0.4901220939 -0.4078110434 0.3582021518 -0.1964389419 0.9127447401
-0.6214172421 -0.7831051456 0.0242268896 0.7090480267 -0.5752674647 -0.4078213332 0.3333039259 -0.2362491799 0.9127402796
-0.7071610785 -0.7066374722 0.0242217231 0.6383622455 -0.6528146847 -0.4078316209 0.3040014022 -0.2729404153 0.9127358200
-0.7835654162 -0.6208371745 0.0242165513 0.5592466218 -0.7217397006 -0.4078419063 0.2706814633 -0.3060277885 0.9127313614
-0.8496211758 -0.5268374199 0.0242113744 0.4727460844 -0.7811323391 -0.4078521896 0.2337840828 -0.3350740244 0.9127269037
-0.9044559522 -0.4258796671 0.0242061923 0.3800030804 -0.8302083256 -0.4078624706 0.1937965156 -0.3596952116 0.9127224470
-0.9473455363 -0.3192972694 0.0242010050 0.2822424867 -0.8683196410 -0.4078727495 0.1512468632 -0.3795658767 0.9127179913
-0.9777234796 -0.2084978659 0.0241958126 0.1807554326 -0.8949630778 -0.4078830261 0.1066970994 -0.3944232870 0.9127135365
-0.9951885756 -0.0949447901 0.0241906149 0.0768822481 -0.9097868845 -0.4078933006 0.0607356480 -0.4040709239 0.9127090826
-0.9995101583 0.0198622562 0.0241854121 -0.0280052380 -0.9125954098 -0.4079035728 0.0139696108 -0.4083810829 0.9127046297
-0.9906311491 0.1344070095 0.0241802041 -0.1325218155 -0.9033516841 -0.4079138428 -0.0329832517 -0.4072965634 0.9127001778
-0.9686688101 0.2471766700 0.0241749909 -0.2352871866 -0.8821779071 -0.4079241107 -0.0795026804 -0.4008314285 0.9126957268
-0.9339131960 0.3566818813 0.0241697725 -0.3349441949 -0.8493538314 -0.4079343763 -0.1249741119 -0.3890708221 0.9126912768
-0.8868233231 0.4614764005 0.0241645490 -0.4301767486 -0.8053130671 -0.4079446397 -0.1687967968 -0.3721698481 0.9126868277
-0.8280211071 0.5601761985 0.0241593203 -0.5197272006 -0.7506373531 -0.4079549008 -0.2103917373 -0.3503515246 0.9126823796
-0.7582831496 0.6514777395 0.0241540865 -0.6024129578 -0.6860488734 -0.4079651598 -0.2492093363 -0.3239038410 0.9126779325
-0.6785304813 0.7341751964 0.0241488474 -0.6771420976 -0.6124007178 -0.4079754165 -0.2847366601 -0.2931759570 0.9126734863
-0.5898163982 0.8071763765 0.0241436032 -0.7429277878 -0.5306656144 -0.4079856710 -0.3165042156 -0.2585735927 0.9126690411
-0.4933125503 0.8695171462 0.0241383538 -0.7989013183 -0.4419230817 -0.4079959233 -0.3440921552 -0.2205536722 0.9126645969
-0.3902934681 0.9203741643 0.0241330993 -0.8443235722 -0.3473451712 -0.4080061734 -0.3671358253 -0.1796182890 0.9126601536
-0.2821197293 0.9590757560 0.0241278396 -0.8785947857 -0.2481809876 -0.4080164212 -0.3853305866 -0.1363080763 0.9126557113
-0.1702199899 0.9851107838 0.0241225747 -0.9012624677 -0.1457401916 -0.4080266668 -0.3984358409 -0.0911950663 0.9126512700
-0.0560721158 0.9981353984 0.0241173047 -0.9120273741 -0.0413757033 -0.4080369102 -0.4062782134 -0.0448751349 0.9126468296
0.0588163354 0.9979775793 0.0241120295 -0.9107474579 0.0635341657 -0.4080471513 -0.4087538459 0.0020398685 0.9126423902
0.1729280249 0.9846394075 0.0241067491 -0.8974397440 0.1676039149 -0.4080573902 -0.4058297724 0.0489302038 0.9126379518
0.2847558723 0.9582970378 0.0241014636 -0.8722801022 0.2694591533 -0.4080676268 -0.3975443580 0.0951764259 0.9126335143
0.3928229596 0.9192983720 0.0240961729 -0.8356009235 0.3677547495 -0.4080778612 -0.3840067955 0.1401675689 0.9126290778
0.4957020371 0.8681584648 0.0240908771 -0.7878867286 0.4611925964 -0.4080880933 -0.3653956668 0.1833092169 0.9126246423
0.5920343729 0.8055527210 0.0240855761 -0.7297677673 0.5485387538 -0.4080983232 -0.3419565866 0.2240313578 0.9126202077
0.6805476982 0.7323079755 0.0240802699 -0.6620116937 0.6286397442 -0.4081085509 -0.3139989614 0.2617959147 0.9126157742
0.7600730099 0.6493915737 0.0240749586 -0.5855134272 0.7004377852 -0.4081187763 -0.2818919051 0.2961038552 0.9126113416
0.8295600099 0.5578985951 0.0240696422 -0.5012833318 0.7629847581 -0.4081289994 -0.2460593655 0.3265017864 0.9126069100
0.8880909763 0.4590373910 0.0240643206 -0.4104338717 0.8154547282 -0.4081392203 -0.2069745268 0.3525879464 0.9126024793
0.9348928842 0.3541136256 0.0240589938 -0.3141649190 0.8571548513 -0.4081494390 -0.1651535609 0.3740175143 0.9125980497
0.9693476149 0.2445130322 0.0240536619 -0.2137479061 0.8875345224 -0.4081596553 -0.1211488103 0.3905071685 0.9125936210
0.9910001192 0.1316831115 0.0240483248 -0.1105090337 0.9061926457 -0.4081698694 -0.0755414935 0.4018388321 0.9125891933
0.9995644279 0.0171140145 0.0240429826 -0.0058117565 0.9128829305 -0.4081800813 -0.0289340283 0.4078625574 0.9125847666
0.9949274282 -0.0976811379 0.0240376353 0.0989612244 0.9075171417 -0.4081902908 0.0180579260 0.4084985101 0.9125803409
0.9771503578 -0.2111862391 0.0240322828 0.2024262220 0.8901662642 -0.4082004981 0.0648136006 0.4037380270 0.9125759161
0.9464679962 -0.3219022196 0.0240269251 0.3032168374 0.8610595632 -0.4082107032 0.1107153177 0.3936437345 0.9125714924
0.9032855640 -0.4283668457 0.0240215623 0.4000020045 0.8205815550 -0.4082209059 0.1551566508 0.3783487243 0.9125670696
0.8481733708 -0.5291740313 0.0240161944 0.4915035688 0.7692669274 -0.4082311064 0.1975504362 0.3580547989 0.9125626478
0.7818592840 -0.6229924081 0.0240108214 0.5765131666 0.7077934769 -0.4082413046 0.2373365307 0.3330298087 0.9125582270
0.7052191148 -0.7085829089 0.0240054431 0.6539081827 0.6369731556 -0.4082515005 0.2739892129 0.3036041175 0.9125538072
0.6192650521 -0.7848151326 0.0240000598 0.7226665752 0.5577413471 -0.4082616941 0.3070241299 0.2701662403 0.9125493884
0.5251322943 -0.8506822728 0.0239946713 0.7818803723 0.4711445117 -0.4082718855 0.3360046978 0.2331577145 0.9125449705
0.4240640564 -0.9053144153 0.0239892777 0.8307676622 0.3783263658 -0.4082820745 0.3605478714 0.1930672688 0.9125405537
0.3173951513 -0.9479900271 0.0239838789 0.8686829179 0.2805127759 -0.4082922613 0.3803292074 0.1504243700 0.9125361379
0.2065343606 -0.9781454854 0.0239784751 0.8951255215 0.1789955685 -0.4083024458 0.3950871533 0.1057922296 0.9125317230
0.0929458285 -0.9953825220 0.0239730660 0.9097463735 0.0751154688 -0.4083126280 0.4046265053 0.0597603654 0.9125273091
-0.0218702747 -0.9994734828 0.0239676519 0.9123525023 -0.0297556056 -0.4083228079 0.4088209909 0.0129368152 0.9125228963
-0.1363975656 -0.9903643347 0.0239622326 0.9029096106 -0.1342326639 -0.4083329855 0.4076149398 -0.0340598951 0.9125184844
-0.2491234752 -0.9681753795 0.0239568082 0.8815425270 -0.2369359328 -0.4083431608 0.4010240233 -0.0806089220 0.9125140735
-0.3585592246 -0.9331996646 0.0239513787 0.8485335556 -0.3365090784 -0.4083533337 0.3891350504 -0.1260953062 0.9125096637
-0.4632594881 -0.8858991130 0.0239459440 0.8043187466 -0.4316371185 -0.4083635044 0.3721048246 -0.1699180964 0.9125052548
-0.5618414813 -0.8268984231 0.0239405042 0.7494821357 -0.5210637884 -0.4083736728 0.3501580759 -0.2114982891 0.9125008469
-0.6530032241 -0.7569768175 0.0239350593 0.6847480294 -0.6036081314 -0.4083838389 0.3235844951 -0.2502864788 0.9124964400
-0.7355407356 -0.6770577524 0.0239296092 0.6109714385 -0.6781800940 -0.4083940026 0.2927349102 -0.2857701173 0.9124920342
-0.8083639352 -0.5881967215 0.0239241541 0.5291267846 -0.7437949210 -0.4084041641 0.2580166546 -0.3174802865 0.9124876293
-0.8705110398 -0.4915673155 0.0239186938 0.4402950306 -0.7995861596 -0.4084143232 0.2198881890 -0.3449978951 0.9124832254
-0.9211612658 -0.3884457233 0.0239132284 0.3456494034 -0.8448171010 -0.4084244800 0.1788530468 -0.3679592179 0.9124788226
-0.9596456694 -0.2801938764 0.0239077579 0.2464398993 -0.8788905082 -0.4084346345 0.1354531850 -0.3860607028 0.9124744207
-0.9854559813 -0.1682414627 0.0239022822 0.1439767747 -0.9013565025 -0.4084447867 0.0902618258 -0.3990629846 0.9124700199
-0.9982513199 -0.0540670437 0.0238968015 0.0396132419 -0.9119185029 -0.4084549365 0.0438758863 -0.4067940497 0.9124656200
-0.9978626927 0.0608214722 0.0238913156 -0.0652724027 -0.9104371415 -0.4084650840 -0.0030919067 -0.4091515122 0.9124612212
-0.9842952290 0.1749067453 0.0238858246 -0.1692949814 -0.8969321024 -0.4084752292 -0.0500211100 -0.4061039695 0.9124568234
-0.9577281115 0.2866820439 0.0238803285 -0.2710807284 -0.8715818605 -0.4084853721 -0.0962917602 -0.3976914208 0.9124524266
-0.9185122105 0.3946711439 0.0238748273 -0.3692854325 -0.8347213221 -0.4084955126 -0.1412925638 -0.3840247422 0.9124480308
-0.8671654494 0.4974478253 0.0238693210 -0.4626121888 -0.7868374013 -0.4085056508 -0.1844289731 -0.3652842251 0.9124436360
-0.8043659651 0.5936547084 0.0238638096 -0.5498285264 -0.7285625873 -0.4085157866 -0.2251310414 -0.3417171982 0.9124392422
-0.7309431512 0.6820211812 0.0238582930 -0.6297826839 -0.6606665904 -0.4085259201 -0.2628609535 -0.3136347632 0.9124348494
-0.6478667047 0.7613801798 0.0238527714 -0.7014188192 -0.5840461753 -0.4085360513 -0.2971201323 -0.2814076881 0.9124304577
-0.5562338191 0.8306836025 0.0238472446 -0.7637909530 -0.4997133166 -0.4085461801 -0.3274558270 -0.2454615117 0.9124260669
-0.4572546934 0.8890161518 0.0238417128 -0.8160754604 -0.4087818333 -0.4085563066 -0.3534670964 -0.2062709254 0.9124216772
-0.3522365493 0.9356074231 0.0238361758 -0.8575819471 -0.3124526776 -0.4085664307 -0.3748101084 -0.1643535038 0.9124172885
-0.2425663666 0.9698420793 0.0238306338 -0.8877623653 -0.2119980742 -0.4085765525 -0.3912026848 -0.1202628696 0.9124129008
-0.1296925651 0.9912679778 0.0238250866 -0.9062182507 -0.1087447179 -0.4085866719 -0.4024280317 -0.0745813819 0.9124085142
-0.0151058756 0.9996021420 0.0238195343 -0.9127059827 -0.0040562516 -0.4085967890 -0.4083376075 -0.0279124438 0.9124041285
0.0996803486 0.9947344985 0.0238139770 -0.9071400007 0.1006847426 -0.4086069037 -0.4088530876 0.0191274675 0.9123997439
0.2131501186 0.9767293312 0.0238084145 -0.8895939321 0.2040950026 -0.4086170161 -0.4039674032 0.0659169443 0.9123953603
0.3238048314 0.9458244317 0.0238028470 -0.8602996186 0.3048088549 -0.4086271261 -0.3937448378 0.1118378575 0.9123909778
0.4301830624 0.9024279598 0.0237972743 -0.8196440527 0.4014962492 -0.4086372337 -0.3783201815 0.1562835222 0.9123865962
0.5308798663 0.8471130519 0.0237916966 -0.7681642651 0.4928803244 -0.4086473390 -0.3578969536 0.1986667136 0.9123822157
0.6245653324 0.7806102526 0.0237861137 -0.7065402313 0.5777542702 -0.4086574419 -0.3327447177 0.2384274247 0.9123778362
0.7100021488 0.7037978654 0.0237805258 -0.6355858898 0.6549972644 -0.4086675424 -0.3031955234 0.2750402666 0.9123734577
0.7860619437 0.6176903538 0.0237749328 -0.5562383917 0.7235892742 -0.4086776406 -0.2696395228 0.3080214101 0.9123690803
0.8517401881 0.5234249428 0.0237693347 -0.4695457227 0.7826245259 -0.4086877363 -0.2325198193 0.3369349800 0.9123647039
0.9061694622 0.4222465995 0.0237637315 -0.3766528618 0.8313234663 -0.4086978297 -0.1923266165 0.3613988151 0.9123603285
0.9486309122 0.3154915910 0.0237581232 -0.2787866597 0.8690430564 -0.4087079208 -0.1495907442 0.3810895199 0.9123559542
0.9785637437 0.2045698359 0.0237525099 -0.1772396349 0.8952852621 -0.4087180094 -0.1048766482 0.3957467392 0.9123515808
0.9955726285 0.0909462841 0.0237468914 -0.0733529037 0.9097036305 -0.4087280957 -0.0587749349 0.4051766011 0.9123472085
0.9994329256 -0.0238784316 0.0237412679 0.0315015316 0.9121078632 -0.4087381796 -0.0118945704 0.4092542809 0.9123428373
0.9900936483 -0.1383878142 0.0237356393 0.1359389024 0.9024663284 -0.4087482611 0.0351451632 0.4079256538 0.9123384671
0.9676781374 -0.2510695307 0.0237300056 0.2385799622 0.8809064769 -0.4087583402 0.0817228490 0.4012080131 0.9123340979
0.9324824326 -0.3604353859 0.0237243668 0.3380692008 0.8477131572 -0.4087684169 0.1272231442 0.3891898454 0.9123297298
0.8849713622 -0.4650409769 0.0237187229 0.4330927465 0.8033248522 -0.4087784912 0.1710449093 0.3720296651 0.9123253626
0.8257724048 -0.5635047697 0.0237130740 0.5223957164 0.7483278868 -0.4087885631 0.2126091506 0.3499539231 0.9123209966
0.7556674017 -0.6545263450 0.0237074200 0.6047987891 0.6834486833 -0.4087986326 0.2513666698 0.3232540194 0.9123166315
0.6755822312 -0.7369035727 0.0237017609 0.6792137783 0.6095441661 -0.4088086998 0.2868053213 0.2922824561 0.9123122676
0.5865745806 -0.8095484892 0.0236960968 0.7446580029 0.5275904439 -0.4088187645 0.3184567789 0.2574481834 0.9123079046
0.4898199773 -0.8715016658 0.0236904275 0.8002672642 0.4386699171 -0.4088288268 0.3459027257 0.2192112003 0.9123035427
0.3865962636 -0.9219448798 0.0236847532 0.8453072570 0.3439569827 -0.4088388867 0.3687803820 0.1780764798 0.9122991818
0.2782667200 -0.9602119214 0.0236790739 0.8791832666 0.2447025227 -0.4088489442 0.3867873012 0.1345873002 0.9122948220
0.1662620604 -0.9857973919 0.0236733894 0.9014480208 0.1422173847 -0.4088589993 0.3996853676 0.0893180697 0.9122904632
0.0520615366 -0.9983633789 0.0236676999 0.9118075960 0.0378550689 -0.4088690520 0.4073039459 0.0428667397 0.9122861055
-0.0628265982 -0.9977439191 0.0236620054 0.9101252969 -0.0670061471 -0.4088791022 0.4095421377 -0.0041530934 0.9122817488
-0.1768850091 -0.9839471900 0.0236563057 0.8964234603 -0.1709814108 -0.4088891501 0.4063701188 -0.0511202936 0.9122773932
-0.2886073191 -0.9571554024 0.0236506010 0.8708831585 -0.2726975836 -0.4088991955 0.3978295358 -0.0974143905 0.9122730386
-0.3965180037 -0.9177223937 0.0236448913 0.8338418067 -0.3708113754 -0.4089092385 0.3840329598 -0.1424237761 0.9122686851
-0.4991918784 -0.8661689546 0.0236391764 0.7857887046 -0.4640270842 -0.4089192791 0.3651624026 -0.1855537852 0.9122643326
-0.5952729211 -0.8031759515 0.0236334566 0.7273585739 -0.5511137073 -0.4089293172 0.3414669153 -0.2262345519 0.9122599812
-0.6834921816 -0.7295753340 0.0236277316 0.6593231738 -0.6309211980 -0.4089393530 0.3132593018 -0.2639285395 0.9122556308
-0.7626845401 -0.6463391473 0.0236220016 0.5825811075 -0.7023956525 -0.4089493863 0.2809119888 -0.2981376427 0.9122512815
-0.8318040955 -0.5545666945 0.0236162666 0.4981459536 -0.7645932278 -0.4089594171 0.2448521096 -0.3284097704 0.9122469332
-0.8899379786 -0.4554700181 0.0236105265 0.4071328794 -0.8166926050 -0.4089694456 0.2055558631 -0.3543448200 0.9122425860
-0.9363184082 -0.3503578923 0.0236047813 0.3107439119 -0.8580058351 -0.4089794715 0.1635422257 -0.3755999657 0.9122382398
-0.9703328320 -0.2406185382 0.0235990311 0.2102520631 -0.8879874227 -0.4089894951 0.1193660972 -0.3918941901 0.9122338947
-0.9915320156 -0.1277012894 0.0235932758 0.1069845165 -0.9062415290 -0.4089995162 0.0736109719 -0.4030119995 0.9122295506
-0.9996359767 -0.0130974504 0.0235875155 0.0023051001 -0.9125271979 -0.4090095349 0.0268812315 -0.4088062743 0.9122252077
-0.9945376820 0.1016793988 0.0235817501 -0.1024037264 -0.9067615363 -0.4090195511 -0.0202058381 -0.4092002153 0.9122208657
-0.9763044614 0.2151133928 0.0235759797 -0.2057591282 -0.8890208075 -0.4090295649 -0.0670282009 -0.4041883621 0.9122165249
-0.9451771187 0.3257064011 0.0235702042 -0.3063961586 -0.8595394227 -0.4090395762 -0.1129672885 -0.3938366681 0.9122121851
-0.9015667511 0.4319978139 0.0235644237 -0.4029857841 -0.8187068430 -0.4090495851 -0.1574161716 -0.3782816333 0.9122078463
-0.8460493202 0.5325838322 0.0235586382 -0.4942524367 -0.7670624351 -0.4090595915 -0.1997875785 -0.3577285037 0.9122035086
-0.7793580451 0.6261360083 0.0235528476 -0.5789908587 -0.7052883464 -0.4090695955 -0.2395216547 -0.3324485637 0.9121991720
-0.7023737187 0.7114187906 0.0235470520 -0.6560820191 -0.6342004948 -0.4090795970 -0.2760933602 -0.3027755552 0.9121948365
-0.6161130752 0.7873058415 0.0235412513 -0.7245078914 -0.5547377918 -0.4090895960 -0.3090194069 -0.2691012714 0.9121905020
-0.5217153620 0.8527949131 0.0235354456 -0.7833648972 -0.4679497422 -0.4090995926 -0.3378646459 -0.2318703840 0.9121861686
-0.4204272938 0.9070210841 0.0235296348 -0.8318758376 -0.3749825820 -0.4091095867 -0.3622478177 -0.1915745711 0.9121818362
-0.3135865867 0.9492681826 0.0235238190 -0.8694001569 -0.2770641401 -0.4091195784 -0.3818465920 -0.1487460241 0.9121775049
-0.2026042915 0.9789782453 0.0235179982 -0.8954423998 -0.1754876223 -0.4091295676 -0.3964018286 -0.1039504189 0.9121731747
-0.0889461575 0.9957588859 0.0235121723 -0.9096587537 -0.0715945316 -0.4091395543 -0.4057210038 -0.0577794446 0.9121688456
0.0258867256 0.9993884777 0.0235063414 -0.9118615875 0.0332430483 -0.4091495385 -0.4096807569 -0.0108429880 0.9121645175
0.1403777526 0.9898190809 0.0235005055 -0.9020219284 0.1376405742 -0.4091595203 -0.4082285234 0.0362389226 0.9121601905
0.2530148329 0.9671770754 0.0234946646 -0.8802698422 0.2402193280 -0.4091694996 -0.4013832325 0.0828443079 0.9121558646
0.3623103606 0.9317614920 0.0234888186 -0.8468927147 0.3396246250 -0.4091794764 -0.3892350606 0.1283574543 0.9121515398
0.4668208616 0.8840400632 0.0234829676 -0.8023314544 0.4345437039 -0.4091894507 -0.3719442436 0.1721770484 0.9121472160
0.5651660575 0.8246430456 0.0234771115 -0.7471746685 0.5237230635 -0.4091994226 -0.3497389629 0.2137241214 0.9121428933
0.6560470950 0.7543548963 0.0234712505 -0.6821508876 0.6059850164 -0.4092093920 -0.3229123345 0.2524496985 0.9121385717
0.7382637001 0.6741039125 0.0234653844 -0.6081189430 0.6802432415 -0.4092193588 -0.2918185400 0.2878420533 0.9121342511
0.8107300304 0.5849499714 0.0234595133 -0.5260566237 0.7455171290 -0.4092293232 -0.2568681499 0.3194334693 0.9121299317
0.8724890155 0.4880705325 0.0234536371 -0.4370477618 0.8009447306 -0.4092392851 -0.2185227029 0.3468064213 0.9121256133
0.9227249974 0.3847450869 0.0234477560 -0.3422679180 0.8457941406 -0.4092492445 -0.1772886108 0.3695990934 0.9121212960
0.9607745029 0.2763382588 0.0234418698 -0.2429688553 0.8794731613 -0.4092592014 -0.1337104705 0.3875101615 0.9121169798
0.9861350063 0.1642817829 0.0234359786 -0.1404620074 0.9015371221 -0.4092691558 -0.0883638713 0.4003027769 0.9121126647
0.9984715662 0.0500555955 0.0234300824 -0.0361011586 0.9116947506 -0.4092791077 -0.0418477926 0.4078076986 0.9121083506
0.9976212492 -0.0648317113 0.0234241812 0.0687354355 0.9098120178 -0.4092890571 0.0052233084 0.4099255317 0.9121040376
0.9835952818 -0.1788628132 0.0234182750 0.1726632502 0.8959139062 -0.4092990040 0.0522276131 0.4066280446 0.9120997258
0.9565789022 -0.2905316938 0.0234123637 0.2743097760 0.8701840791 -0.4093089484 0.0985441559 0.3979585447 0.9120954150
0.9169289138 -0.3983635340 0.0234064474 0.3723326447 0.8329624528 -0.4093188902 0.1435610278 0.3840313099 0.9120911053
0.8651689732 -0.5009341905 0.0234005262 0.4654373571 0.7847407061 -0.4093288296 0.1866834605 0.3650300823 0.9120867967
0.8019826739 -0.5968890043 0.0233945999 0.5523943783 0.7261557857 -0.4093387665 0.2273416847 0.3412056439 0.9120824891
0.7282045184 -0.6849606920 0.0233886686 0.6320553746 0.6579814926 -0.4093487008 0.2649984583 0.3128725072 0.9120781827
0.6448088966 -0.7639860828 0.0233827323 0.7033683783 0.5811182619 -0.4093586326 0.2991561654 0.2804047627 0.9120738773
0.5528972175 -0.8329214804 0.0233767910 0.7653916794 0.4965812699 -0.4093685619 0.3293633920 0.2442311401 0.9120695731
0.4536833623 -0.8908564477 0.0233708447 0.8173062613 0.4054870260 -0.4093784887 0.3552208919 0.2048293469 0.9120652699
0.3484776529 -0.9370258306 0.0233648934 0.8584266158 0.3090386264 -0.4093884129 0.3763868631 0.1627197596 0.9120609679
0.2386695464 -0.9708198637 0.0233589371 0.8882097949 0.2085098652 -0.4093983347 0.3925814666 0.1184585516 0.9120566669
0.1257092846 -0.9917922233 0.0233529758 0.9062625796 0.1052284108 -0.4094082539 0.4035905258 0.0726303468 0.9120523670
0.0110887403 -0.9996659227 0.0233470095 0.9123466720 0.0005582719 -0.4094181705 0.4092683592 0.0258404982 0.9120480682
-0.1036782859 -0.9943369695 0.0233410382 0.9063818403 -0.1041182167 -0.4094280847 0.4095397082 -0.0212929089 0.9120437706
-0.2170760581 -0.9758757400 0.0233350619 0.8884469769 -0.2074186500 -0.4094379963 0.4044007346 -0.0681472211 0.9120394740
-0.3276069241 -0.9445260490 0.0233290806 0.8587790553 -0.3079788094 -0.4094479053 0.3939190747 -0.1141034431 0.9120351785
-0.4338110946 -0.9007019304 0.0233230943 0.8177699984 -0.4044706789 -0.4094578118 0.3782329493 -0.1585544147 0.9120308841
-0.5342859226 -0.8449821688 0.0233171030 0.7659615015 -0.4956199833 -0.4094677158 0.3575493408 -0.2009128331 0.9120265908
-0.6277044288 -0.7781026554 0.0233111067 0.7040378769 -0.5802230165 -0.4094776173 0.3321412620 -0.2406190118 0.9120222987
-0.7128328268 -0.7009466692 0.0233051055 0.6328170149 -0.6571625368 -0.4094875162 0.3023441528 -0.2771482764 0.9120180076
-0.7885468177 -0.6145332117 0.0232990992 0.5532395812 -0.7254225217 -0.4094974125 0.2685514514 -0.3100178976 0.9120137176
-0.8538464392 -0.5200035484 0.0232930880 0.4663565930 -0.7841015841 -0.4095073063 0.2312093996 -0.3387934701 0.9120094288
-0.9078692717 -0.4186061368 0.0232870718 0.3733155375 -0.8324248761 -0.4095171975 0.1908111498 -0.3630946542 0.9120051410
-0.9499018290 -0.3116801372 0.0232810506 0.2753452167 -0.8697543201 -0.4095270862 0.1478902527 -0.3826002023 0.9120008543
-0.9793889808 -0.2006377269 0.0232750244 0.1737395188 -0.8955970343 -0.4095369724 0.1030136100 -0.3970522064 0.9119965688
-0.9959412848 -0.0869454495 0.0232689932 0.0698403293 -0.9096118409 -0.4095468559 0.0567739872 -0.4062595078 0.9119922844
-0.9993401299 0.0278951545 0.0232629570 -0.0349801901 -0.9116137699 -0.4095567370 0.0097821835 -0.4101002254 0.9119880010
-0.9895406235 0.1423673777 0.0232569159 -0.1393377242 -0.9015765004 -0.4095666154 -0.0373410362 -0.4085233697 0.9119837188
-0.9666721848 0.2549593777 0.0232508698 -0.2418540855 -0.8796327069 -0.4095764913 -0.0839731418 -0.4015495195 0.9119794377
-0.9310368348 0.3641841438 0.0232448187 -0.3411754154 -0.8460723053 -0.4095863646 -0.1294980622 -0.3892705532 0.9119751577
-0.8831052086 0.4685991362 0.0232387626 -0.4359900637 -0.8013386228 -0.4095962354 -0.1733143241 -0.3718484385 0.9119708788
-0.8235103387 0.5668253378 0.0232327016 -0.5250459102 -0.7460225413 -0.4096061036 -0.2148429990 -0.3495130960 0.9119666011
-0.7530392954 0.6575654667 0.0232266356 -0.6071669003 -0.6808546930 -0.4096159692 -0.2535353521 -0.3225593651 0.9119623244
-0.6726227913 0.7396211098 0.0232205646 -0.6812685758 -0.6066958095 -0.4096258322 -0.2888800934 -0.2913431116 0.9119580489
-0.5833228897 0.8119085502 0.0232144886 -0.7463723954 -0.5245253536 -0.4096356927 -0.3204101335 -0.2562765295 0.9119537745
-0.4863189781 0.8734730800 0.0232084077 -0.8016186575 -0.4354285829 -0.4096455506 -0.3477087567 -0.2178226981 0.9119495012
-0.3828921912 0.9235016092 0.0232023218 -0.8462778519 -0.3405822160 -0.4096554059 -0.3704151284 -0.1764894671 0.9119452290
-0.2744084920 0.9613334044 0.0231962309 -0.8797602929 -0.2412388920 -0.4096652586 -0.3882290646 -0.1328227488 0.9119409579
-0.1623006304 0.9864688150 0.0231901351 -0.9016239058 -0.1387106264 -0.4096751087 -0.4009150009 -0.0873993086 0.9119366880
-0.0480492216 0.9985758724 0.0231840343 -0.9115800635 -0.0343514833 -0.4096849563 -0.4083051066 -0.0408191467 0.9119324192
0.0668368090 0.9974946740 0.0231779286 -0.9094973969 0.0704603067 -0.4096948012 -0.4103015061 0.0063024275 0.9119281515
0.1808401541 0.9832394955 0.0231718179 -0.8954035280 0.1743405489 -0.4097046436 -0.4068775745 0.0533429234 0.9119238849
0.2924551634 0.9559986023 0.0231657022 -0.8694847038 0.2759173645 -0.4097144833 -0.3980782929 0.0996808925 0.9119196195
0.4002077293 0.9161317630 0.0231595815 -0.8320833347 0.3738493082 -0.4097243205 -0.3840196576 0.1447041381 0.9119153551
0.5026747553 0.8641654980 0.0231534560 -0.7836934716 0.4668430836 -0.4097341551 -0.3648871509 0.1878178039 0.9119110920
0.5985029509 0.8007861257 0.0231473254 -0.7249542791 0.5536706225 -0.4097439871 -0.3409332940 0.2284522328 0.9119068299
0.6864267046 0.7268306986 0.0231411899 -0.6566415934 0.6331853028 -0.4097538164 -0.3124743140 0.2660704941 0.9119025689
0.7652847994 0.6432759480 0.0231350494 -0.5796576748 0.7043370903 -0.4097636432 -0.2798859695 0.3001754785 0.9118983091
0.8340357483 0.5512253844 0.0231289040 -0.4950192906 0.7661864051 -0.4097734674 -0.2435985889 0.3303164668 0.9118940504
0.8917715499 0.4518947233 0.0231227537 -0.4038442867 0.8179165289 -0.4097832889 -0.2040913884 0.3560950867 0.9118897929
0.9377296806 0.3465958295 0.0231165984 -0.3073368231 0.8588443898 -0.4097931079 -0.1618861430 0.3771705782 0.9118855365
0.9713031646 0.2367193908 0.0231104381 -0.2067714712 0.8884295819 -0.4098029242 -0.1175402955 0.3932642979 0.9118812812
0.9920485913 0.1237165516 0.0231042729 -0.1034763797 0.9062815008 -0.4098127379 -0.0716395939 0.4041634028 0.9118770270
0.9996919705 0.0090797471 0.0230981028 0.0011842651 0.9121645004 -0.4098225490 -0.0247903545 0.4097236658 0.9118727740
0.9941323519 -0.1056770071 0.0230919277 0.1058282566 0.9060010038 -0.4098323575 0.0223885473 0.4098713839 0.9118685221
0.9754431579 -0.2190381107 0.0230857476 0.2090736212 0.8878725258 -0.4098421633 0.0692738521 0.4046043549 0.9118642714
0.9438712143 -0.3295063955 0.0230795627 0.3095568700 0.8580185952 -0.4098519666 0.1152461503 0.3939919105 0.9118600218
0.8998334900 -0.4356228986 0.0230733727 0.4059510048 0.8168335898 -0.4098617672 0.1596980652 0.3781740032 0.9118557733
0.8439115907 -0.5359861308 0.0230671779 0.4969830432 0.7648615266 -0.4098715652 0.2020422775 0.3573593608 0.9118515259
0.7768440773 -0.6292705863 0.0230609781 0.5814508291 0.7027888755 -0.4098813605 0.2417192852 0.3318227321 0.9118472797
0.6995167118 -0.7142442491 0.0230547734 0.6582389087 0.6314354928 -0.4098911532 0.2782047968 0.3019012606 0.9118430347
0.6129507590 -0.7897848636 0.0230485637 0.7263332603 0.5517437917 -0.4099009433 0.3110166587 0.2679900328 0.9118387908
0.5182894988 -0.8548947570 0.0230423491 0.7848346852 0.4647662957 -0.4099107308 0.3397212274 0.2305368620 0.9118345480
0.4167831263 -0.9087140157 0.0230361295 0.8329706819 0.3716517375 -0.4099205156 0.3639391003 0.1900363746 0.9118303064
