1951
33427
0.9961327870 0.0878356211 -0.0020914814 -0.0822687527 0.9241143213 -0.3731548921 -0.0308435238 0.3718838862 0.9277667014
0.9996323773 -0.0270330779 -0.0020791727 0.0243049384 0.9274509961 -0.3731540162 0.0120158323 0.3729663021 0.9277670814
0.9899296999 -0.1415447536 -0.0020668635 0.1305576843 0.9185376536 -0.3731531455 0.0547163620 0.3691255364 0.9277674591
0.9671528987 -0.2541870362 -0.0020545539 0.2350860696 0.8974920143 -0.3731522800 0.0966944178 0.3604123122 0.9277678345
0.9316027889 -0.3634722450 -0.0020422438 0.3365094538 0.8645920457 -0.3731514197 0.1373958920 0.3469416690 0.9277682077
0.8837488847 -0.4679570367 -0.0020299334 0.4334882071 0.8202722904 -0.3731505647 0.1762835306 0.3288914432 0.9277685786
0.8242231977 -0.5662614674 -0.0020176224 0.5247414044 0.7651181274 -0.3731497149 0.2128440246 0.3064999212 0.9277689473
0.7538118906 -0.6570872182 -0.0020053111 0.6090637446 0.6998580396 -0.3731488703 0.2465947862 0.2800626931 0.9277693136
0.6734448936 -0.7392347417 -0.0019929993 0.6853414702 0.6253539927 -0.3731480309 0.2770903183 0.2499287509 0.9277696778
0.5841836230 -0.8116191050 -0.0019806872 0.7525670786 0.5425900495 -0.3731471968 0.3039280950 0.2164958813 0.9277700396
0.4872069630 -0.8732843184 -0.0019683746 0.8098526290 0.4526593725 -0.3731463678 0.3267538747 0.1802054153 0.9277703992
0.3837956959 -0.9234159613 -0.0019560615 0.8564414711 0.3567497854 -0.3731455441 0.3452663759 0.1415364016 0.9277707565
0.2753155868 -0.9613519384 -0.0019437481 0.8917182394 0.2561280837 -0.3731447257 0.3592212538 0.1009992835 0.9277711116
0.1631993457 -0.9865912239 -0.0019314343 0.9152169805 0.1521233027 -0.3731439124 0.3684343254 0.0591291609 0.9277714644
0.0489277054 -0.9988004789 -0.0019191200 0.9266273084 0.0461091633 -0.3731431044 0.3727840004 0.0164787269 0.9277718149
-0.0659901346 -0.9978184535 -0.0019068054 0.9257985039 -0.0605140724 -0.3731423016 0.3722128858 -0.0263890282 0.9277721632
-0.1800364401 -0.9836581170 -0.0018944903 0.9127415054 -0.1663380961 -0.3731415040 0.3667285433 -0.0689082480 0.9277725092
-0.2917049876 -0.9565064859 -0.0018821748 0.8876287649 -0.2699651551 -0.3731407117 0.3564033893 -0.1105176792 0.9277728530
-0.3995209566 -0.9167221547 -0.0018698590 0.8507919699 -0.3700265134 -0.3731399246 0.3413737383 -0.1506680806 0.9277731944
-0.5020604081 -0.8648305592 -0.0018575427 0.8027176628 -0.4652005311 -0.3731391427 0.3218380036 -0.1888294726 0.9277735336
-0.5979690907 -0.8015170377 -0.0018452261 0.7440408142 -0.5542301206 -0.3731383660 0.2980540779 -0.2244981329 0.9277738706
-0.6859803262 -0.7276177791 -0.0018329090 0.6755364369 -0.6359393508 -0.3731375946 0.2703359289 -0.2572032457 0.9277742053
-0.7649317392 -0.6441087795 -0.0018205916 0.5981093485 -0.7092489792 -0.3731368283 0.2390494544 -0.2865131159 0.9277745377
-0.8337806080 -0.5520929523 -0.0018082738 0.5127822211 -0.7731907067 -0.3731360674 0.2046076525 -0.3120408677 0.9277748678
-0.8916176367 -0.4527855613 -0.0017959556 0.4206820733 -0.8269199674 -0.3731353116 0.1674651699 -0.3334495510 0.9277751957
-0.9376789641 -0.3474981712 -0.0017836370 0.3230253843 -0.8697270839 -0.3731345611 0.1281123001 -0.3504565887 0.9277755213
-0.9713562519 -0.2376213253 -0.0017713181 0.2211020265 -0.9010466411 -0.3731338157 0.0870685116 -0.3628375067 0.9277758447
-0.9922047196 -0.1246061806 -0.0017589988 0.1162582284 -0.9204649543 -0.3731330757 0.0448755907 -0.3704288968 0.9277761658
-0.9999490183 -0.0099453417 -0.0017466791 0.0098787935 -0.9277255336 -0.3731323408 0.0020904899 -0.3731305730 0.9277764846
-0.9944868676 0.1048468515 -0.0017343590 -0.0966311908 -0.9227324714 -0.3731316112 -0.0407220240 -0.3709068940 0.9277768011
-0.9758904060 0.2182543243 -0.0017220386 -0.2018649118 -0.9055517096 -0.3731308868 -0.0829968245 -0.3637872334 0.9277771154
-0.9444052389 0.3287792902 -0.0017097178 -0.3044324132 -0.8764101687 -0.3731301676 -0.1241758857 -0.3518655915 0.9277774275
-0.9004471941 0.4349620322 -0.0016973966 -0.4029789540 -0.8356927506 -0.3731294536 -0.1637156475 -0.3352993545 0.9277777372
-0.8445968305 0.5354001816 -0.0016850751 -0.4962029023 -0.7839372548 -0.3731287449 -0.2010941909 -0.3143072162 0.9277780447
-0.7775917702 0.6287672389 -0.0016727532 -0.5828729276 -0.7218272750 -0.3731280414 -0.2358181273 -0.2891662917 0.9277783499
-0.7003169569 0.7138300938 -0.0016604310 -0.6618442646 -0.6501831704 -0.3731273432 -0.2674291107 -0.2602084588 0.9277786529
-0.6137929681 0.7894653102 -0.0016481084 -0.7320738340 -0.5699512300 -0.3731266501 -0.2955098880 -0.2278159770 0.9277789536
-0.5191625364 0.8546739641 -0.0016357855 -0.7926340191 -0.4821911736 -0.3731259623 -0.3196898067 -0.1924164418 0.9277792520
-0.4176754573 0.9085948364 -0.0016234622 -0.8427249190 -0.3880621556 -0.3731252797 -0.3396497068 -0.1544771398 0.9277795482
-0.3106720830 0.9505157869 -0.0016111386 -0.8816849130 -0.2888074535 -0.3731246024 -0.3551261339 -0.1144988808 0.9277798421
-0.1995656199 0.9798831599 -0.0015988147 -0.9089994006 -0.1857380475 -0.3731239303 -0.3659148166 -0.0730093869 0.9277801337
-0.0858234647 0.9963090966 -0.0015864904 -0.9243075978 -0.0802153039 -0.3731232634 -0.3718733623 -0.0305563261 0.9277804230
0.0290521760 0.9995766569 -0.0015741658 -0.9274073027 0.0263670057 -0.3731226017 -0.3729231368 0.0122999163 0.9277807101
0.1435441256 0.9896426853 -0.0015618408 -0.9182575666 0.1326011138 -0.3731219453 -0.3690503021 0.0549936355 0.9277809950
0.2561402746 0.9666383805 -0.0015495155 -0.8969792346 0.2370838515 -0.3731212941 -0.3603059984 0.0969612740 0.9277812775
0.3653535518 0.9308675627 -0.0015371899 -0.8638533498 0.3384351813 -0.3731206481 -0.3468056692 0.1376488607 0.9277815578
0.4697415638 0.8828026609 -0.0015248640 -0.8193174413 0.4353164256 -0.3731200074 -0.3287275370 0.1765193234 0.9277818358
0.5679256450 0.8230784738 -0.0015125377 -0.7639597450 0.5264479483 -0.3731193719 -0.3063102508 0.2130595778 0.9277821116
0.6586090659 0.7524837856 -0.0015002111 -0.6985114344 0.6106260563 -0.3731187416 -0.2798497352 0.2467873005 0.9277823851
0.7405941592 0.6719509488 -0.0014878842 -0.6238369630 0.6867388985 -0.3731181165 -0.2496952844 0.2772572950 0.9277826563
0.8127981371 0.5825435701 -0.0014755570 -0.5409226463 0.7537811515 -0.3731174967 -0.2162449515 0.3040673685 0.9277829253
0.8742673926 0.4854424634 -0.0014632295 -0.4508636347 0.8108672981 -0.3731168821 -0.1799402934 0.3268636406 0.9277831919
0.9241900931 0.3819300547 -0.0014509017 -0.3548494482 0.8572433237 -0.3731162727 -0.1412605427 0.3453452145 0.9277834564
0.9619069030 0.2733734451 -0.0014385735 -0.2541482651 0.8922966755 -0.3731156686 -0.1007162814 0.3592681482 0.9277837185
0.9869196913 0.1612063548 -0.0014262451 -0.1500901713 0.9155643534 -0.3731150697 -0.0588427011 0.3684486748 0.9277839784
0.9988981105 0.0469101884 -0.0014139164 -0.0440495927 0.9267390254 -0.3731144760 -0.0161925389 0.3727656275 0.9277842360
0.9976839597 -0.0680055307 -0.0014015873 0.0625728591 0.9256730871 -0.3731138876 0.0266712196 0.3721620395 0.9277844914
0.9832932738 -0.1820230963 -0.0013892580 0.1683688862 0.9123806115 -0.3731133044 0.0691827710 0.3666458948 0.9277847445
0.9559161121 -0.2936366644 -0.0013769284 0.2719411055 0.8870371630 -0.3731127264 0.1107809631 0.3562900234 0.9277849953
0.9159140476 -0.4013721407 -0.0013645985 0.3719215059 0.8499774786 -0.3731121537 0.1509167018 0.3412311394 0.9277852438
0.8638153920 -0.5038066493 -0.0013522683 0.4669895176 0.8016910469 -0.3731115862 0.1890601994 0.3216680360 0.9277854901
0.8003082184 -0.5995873249 -0.0013399378 0.5558894539 0.7428156426 -0.3731110239 0.2247079674 0.2978589615 0.9277857341
0.7262312734 -0.6874491799 -0.0013276070 0.6374470974 0.6741289027 -0.3731104668 0.2573894627 0.2701182102 0.9277859759
0.6425629001 -0.7662318119 -0.0013152760 0.7105852091 0.5965380557 -0.3731099150 0.2866732984 0.2388119734 0.9277862153
0.5504081166 -0.8348947284 -0.0013029446 0.7743377570 0.5110679380 -0.3731093684 0.3121729381 0.2043535055 0.9277864525
0.4509840224 -0.8925310896 -0.0012906130 0.8278626756 0.4188474585 -0.3731088271 0.3335517980 0.1671976693 0.9277866875
0.3456037234 -0.9383796845 -0.0012782812 0.8704529885 0.3210946871 -0.3731082910 0.3505276897 0.1278349309 0.9277869202
0.2356589902 -0.9718349848 -0.0012659490 0.9015461461 0.2191007662 -0.3731077601 0.3628765448 0.0867848865 0.9277871506
0.1226018761 -0.9924551418 -0.0012536166 0.9207314564 0.1142128572 -0.3731072344 0.3704353724 0.0445894027 0.9277873787
0.0079255405 -0.9999678220 -0.0012412840 0.9277555091 0.0078163467 -0.3731067140 0.3731044105 0.0018054643 0.9277876046
-0.1068554723 -0.9942738042 -0.0012289510 0.9225255231 -0.0986834520 -0.3731061988 0.3708484425 -0.0410021778 0.9277878282
-0.2202252351 -0.9754482896 -0.0012166178 0.9051105719 -0.2038798607 -0.3731056888 0.3636972621 -0.0832684617 0.9277880495
-0.3306864595 -0.9437399086 -0.0012042844 0.8757406715 -0.3063834164 -0.3731051841 0.3517452796 -0.1244354732 0.9277882686
-0.4367802705 -0.8995674375 -0.0011919507 0.8348037423 -0.4048402230 -0.3731046846 0.3351502755 -0.1639598100 0.9277884854
-0.5371054737 -0.8435142670 -0.0011796168 0.7828404853 -0.4979498345 -0.3731041904 0.3141313177 -0.2013197546 0.9277886999
-0.6303370616 -0.7763206980 -0.0011672826 0.7205372405 -0.5844824318 -0.3731037013 0.2889658697 -0.2360221613 0.9277889121
-0.7152437130 -0.6988741640 -0.0011549481 0.6487169216 -0.6632950661 -0.3731032176 0.2599861279 -0.2676089650 0.9277891221
-0.7907040550 -0.6121975105 -0.0011426134 0.5683281468 -0.7333467554 -0.3731027390 0.2275746361 -0.2956632280 0.9277893299
-0.8557214732 -0.5174354867 -0.0011302785 0.4804327093 -0.7937122345 -0.3731022657 0.1921592365 -0.3198146432 0.9277895353
-0.9094372742 -0.4158396259 -0.0011179434 0.3861915528 -0.8435941757 -0.3731017976 0.1542074214 -0.3397444221 0.9277897385
-0.9511420266 -0.3087517171 -0.0011056080 0.2868494372 -0.8823337205 -0.3731013347 0.1142201626 -0.3551895027 0.9277899394
-0.9802849302 -0.1975860834 -0.0010932723 0.1837184983 -0.9094191822 -0.3731008771 0.0727252982 -0.3659460216 0.9277901381
-0.9964810907 -0.0838109030 -0.0010809365 0.0781609157 -0.9244928038 -0.3731004247 0.0302705655 -0.3718720051 0.9277903344
-0.9995166031 0.0310711814 -0.0010686004 -0.0284290783 -0.9273554843 -0.3730999776 -0.0125836295 -0.3728892428 0.9277905285
-0.9893513765 0.1455429080 -0.0010562641 -0.1346436146 -0.9179694078 -0.3730995356 -0.0552716095 -0.3689843199 0.9277907204
-0.9661196642 0.2580924344 -0.0010439276 -0.2390797827 -0.8964585433 -0.3730990989 -0.0972298925 -0.3602087942 0.9277909099
-0.9301282898 0.3672333051 -0.0010315908 -0.3403581607 -0.8631070077 -0.3730986675 -0.1379046301 -0.3466785152 0.9277910972
-0.8818525955 0.4715240831 -0.0010192538 -0.4371410353 -0.8183553126 -0.3730982413 -0.1767589179 -0.3285720948 0.9277912823
-0.8219301641 0.5695873871 -0.0010069167 -0.5281500704 -0.7627945461 -0.3730978203 -0.2132798831 -0.3061285495 0.9277914650
-0.7511523982 0.6601280827 -0.0009945793 -0.6121831918 -0.6971585662 -0.3730974045 -0.2469854538 -0.2796441455 0.9277916455
-0.6704540682 0.7419503875 -0.0009822417 -0.6881304649 -0.6223143068 -0.3730969940 -0.2774307224 -0.2494684871 0.9277918238
-0.5809009668 0.8139736642 -0.0009699039 -0.7549887545 -0.5392503278 -0.3730965888 -0.3042138184 -0.2159999026 0.9277919997
-0.4836758326 0.8752466921 -0.0009575659 -0.8118749751 -0.4490637580 -0.3730961887 -0.3269812131 -0.1796801860 0.9277921734
-0.3800627298 0.9249602305 -0.0009452277 -0.8580377546 -0.3529458035 -0.3730957939 -0.3454323857 -0.1409887649 0.9277923448
-0.2714300892 0.9624577063 -0.0009328893 -0.8928673589 -0.2521660141 -0.3730954043 -0.3593237900 -0.1004363725 0.9277925140
-0.1592126355 0.9872438854 -0.0009205507 -0.9159037452 -0.1480555151 -0.3730950200 -0.3684720698 -0.0585583056 0.9277926809
-0.0448924383 0.9989914134 -0.0009082119 -0.9268426388 -0.0419894249 -0.3730946409 -0.3727564779 -0.0159073586 0.9277928455
0.0700206615 0.9975451390 -0.0008958729 -0.9255395518 0.0646313075 -0.3730942670 -0.3721204710 0.0269534732 0.9277930078
0.1840089923 0.9829241630 -0.0008835337 -0.9120116918 0.1703984067 -0.3730938984 -0.3665724550 0.0694584254 0.9277931679
0.2955670961 0.9553215860 -0.0008711944 -0.8864377344 0.2739148721 -0.3730935350 -0.3561856745 0.1110464323 0.9277933257
0.4032216113 0.9151019586 -0.0008588548 -0.8491554636 0.3738134294 -0.3730931768 -0.3410972454 0.1511685332 0.9277934812
0.5055507312 0.8627964659 -0.0008465151 -0.8006573101 0.4687745904 -0.3730928239 -0.3215063451 0.1892951185 0.9277936345
0.6012029825 0.7990959129 -0.0008341752 -0.7415838471 0.5575440807 -0.3730924762 -0.2976715834 0.2249229203 0.9277937855
0.6889150739 0.7248416003 -0.0008218352 -0.6727153297 0.6389494072 -0.3730921338 -0.2699075882 0.2575816560 0.9277939342
0.7675285808 0.6410142139 -0.0008094949 -0.5949613890 0.7119153440 -0.3730917965 -0.2385808528 0.2868402353 0.9277940806
0.8360052447 0.5487208721 -0.0007971545 -0.5093490174 0.7754781348 -0.3730914646 -0.2041048979 0.3123124510 0.9277942248
0.8934406856 0.4491805042 -0.0007848140 -0.4170090041 0.8287982223 -0.3730911378 -0.1669348130 0.3336620764 0.9277943667
0.9390763464 0.3437077522 -0.0007724732 -0.3191609990 0.8711713376 -0.3730908163 -0.1275612493 0.3506073040 0.9277945064
0.9723095110 0.2336956075 -0.0007601323 -0.2170974035 0.9020378020 -0.3730905000 -0.0865039429 0.3629244644 0.9277946438
0.9927012647 0.1205970140 -0.0007477913 -0.1121663000 0.9209899196 -0.3730901890 -0.0443048545 0.3704509794 0.9277947789
0.9999822909 0.0059056788 -0.0007354501 -0.0057536460 0.9277773626 -0.3730898832 -0.0015210151 0.3730875076 0.9277949117
0.9940564278 -0.1088636555 -0.0007231087 0.1007350317 0.9223104774 -0.3730895826 0.0412828265 0.3707992554 0.9277950423
0.9750019388 -0.2221952162 -0.0007107672 0.2058932018 0.9046614688 -0.3730892873 0.0835416585 0.3636164363 0.9277951706
0.9430704788 -0.3325922192 -0.0006984255 0.3083319066 0.8750634466 -0.3730889972 0.1246976642 0.3516338723 0.9277952966
0.8986837701 -0.4385966377 -0.0006860837 0.4066981071 0.8339073464 -0.3730887123 0.1642075851 0.3350097416 0.9277954203
0.8424280334 -0.5388084582 -0.0006737418 0.4996925551 0.7817367663 -0.3730884327 0.2015498919 0.3139634909 0.9277955418
0.7750462448 -0.6319041707 -0.0006613997 0.5860869534 0.7192407866 -0.3730881583 0.2362316689 0.2887729384 0.9277956610
0.6974283239 -0.7166542484 -0.0006490575 0.6647401799 0.6472448688 -0.3730878892 0.2677951199 0.2597706066 0.9277957780
0.6105993799 -0.7919393865 -0.0006367151 0.7346133596 0.5666999521 -0.3730876253 0.2958236115 0.2273393332 0.9277958927
0.5157061733 -0.8567652846 -0.0006243726 0.7947835868 0.4786698937 -0.3730873666 0.3199471722 0.1919072170 0.9277960051
0.4140019702 -0.9102757791 -0.0006120300 0.8444561145 0.3843174165 -0.3730871132 0.3398473764 0.1539419674 0.9277961152
0.3068299906 -0.9517641500 -0.0005996873 0.8829748525 0.2848887522 -0.3730868650 0.3552615471 0.1139447305 0.9277962231
0.1956056678 -0.9806824551 -0.0005873444 0.9098310322 0.1816971804 -0.3730866220 0.3659862233 0.0724434737 0.9277963287
0.0817979552 -0.9966487666 -0.0005750014 0.9246699276 0.0761056825 -0.3730863843 0.3718798456 0.0299860168 0.9277964320
-0.0330900746 -0.9994522152 -0.0005626583 0.9272955400 -0.0304910611 -0.3730861518 0.3728646248 -0.0128671991 0.9277965331
-0.1475410814 -0.9890557752 -0.0005503151 0.9176731872 -0.1366850919 -0.3730859245 0.3689275684 -0.0555505102 0.9277966318
-0.2600434964 -0.9655967536 -0.0005379718 0.8959299614 -0.2410737705 -0.3730857025 0.3601206523 -0.0975004956 0.9277967284
-0.3691114865 -0.9293849763 -0.0005256283 0.8623530506 -0.3422783025 -0.3730854858 0.3465601342 -0.1381634154 0.9277968226
-0.4733045771 -0.8808986967 -0.0005132848 0.8173859456 -0.4389619507 -0.3730852742 0.3284250193 -0.1770025197 0.9277969146
-0.5712466771 -0.8207782788 -0.0005009411 0.7616225817 -0.5298476904 -0.3730850679 0.3059546974 -0.2135051334 0.9277970043
-0.6616442531 -0.7498177403 -0.0004885973 0.6957994948 -0.6137350773 -0.3730848668 0.2794457825 -0.2471894238 0.9277970917
-0.7433034130 -0.6689542656 -0.0004762535 0.6207860921 -0.6895161028 -0.3730846710 0.2492481977 -0.2776107608 0.9277971769
-0.8151456741 -0.5792558285 -0.0004639095 0.5375731694 -0.7561898293 -0.3730844804 0.2157605562 -0.3043675856 0.9277972598
-0.8762222066 -0.4819070873 -0.0004515654 0.4472598240 -0.8128756108 -0.3730842951 0.1794248994 -0.3271067114 0.9277973404
-0.9257263651 -0.3781937387 -0.0004392213 0.3510389378 -0.8588247245 -0.3730841150 0.1407208622 -0.3455279854 0.9277974188
-0.9630043420 -0.2694855376 -0.0004268771 0.2501814213 -0.8934302603 -0.3730839401 0.1001593413 -0.3593882510 0.9277974948
-0.9875638023 -0.1572182067 -0.0004145327 0.1460194271 -0.9162351375 -0.3730837705 0.0582757519 -0.3685045568 0.9277975686
-0.9990803860 -0.0428744744 -0.0004021883 0.0399287545 -0.9269381411 -0.3730836061 0.0156229598 -0.3727565720 0.9277976402
-0.9974019920 0.0720355075 -0.0003898438 -0.0666893225 -0.9253979014 -0.3730834469 -0.0272360161 -0.3720881747 0.9277977095
-0.9825507870 0.1859941086 -0.0003774993 -0.1724265639 -0.9116347605 -0.3730832930 -0.0697354360 -0.3665081922 0.9277977765
-0.9547229125 0.2974962638 -0.0003651546 -0.2758863633 -0.8858305041 -0.3730831443 -0.1113143066 -0.3560902849 0.9277978412
-0.9142858946 0.4050693501 -0.0003528099 -0.3757021956 -0.8483259602 -0.3730830008 -0.1514237865 -0.3409719737 0.9277979037
-0.8617737899 0.5072926365 -0.0003404651 -0.4705556658 -0.7996164974 -0.3730828626 -0.1895344305 -0.3213528247 0.9277979638
-0.7978801321 0.6028160475 -0.0003281203 -0.5591939232 -0.7403454822 -0.3730827296 -0.2251431788 -0.2974918148 0.9277980218
-0.7234487726 0.6903779934 -0.0003157753 -0.6404462091 -0.6712957809 -0.3730826019 -0.2577799967 -0.2697039133 0.9277980774
-0.6394627354 0.7688220327 -0.0003034303 -0.7132393204 -0.5933794194 -0.3730824794 -0.2870140795 -0.2383559243 0.9277981308
-0.5470312344 0.8371121453 -0.0002910853 -0.7766117854 -0.5076255371 -0.3730823621 -0.3124595389 -0.2038616448 0.9277981819
-0.4473750238 0.8943464152 -0.0002787402 -0.8297265623 -0.4151667936 -0.3730822501 -0.3337804966 -0.1666764024 0.9277982307
-0.3418102755 0.9397689421 -0.0002663950 -0.8718820959 -0.3172244083 -0.3730821433 -0.3506955182 -0.1272910451 0.9277982773
-0.2317311960 0.9727798252 -0.0002540498 -0.9025215835 -0.2150920301 -0.3730820418 -0.3629813275 -0.0862254623 0.9277983216
-0.1185916134 0.9929430854 -0.0002417046 -0.9212403295 -0.1101186506 -0.3730819455 -0.3704757542 -0.0440217219 0.9277983636
-0.0038857761 0.9999924240 -0.0002293592 -0.9277910907 -0.0036907862 -0.3730818544 -0.3730798745 -0.0012369151 0.9277984034
0.1108713818 0.9938347396 -0.0002170139 -0.9220873419 0.1027858353 -0.3730817686 -0.3707593164 0.0415641970 0.9277984409
0.2241642483 0.9745513572 -0.0002046685 -0.9042044187 0.2079048418 -0.3730816880 -0.3635447138 0.0838166383 0.9277984761
0.3344965506 0.9423969549 -0.0001923231 -0.8743785229 0.3102777933 -0.3730816126 -0.3515313021 0.1249626757 0.9277985090
0.4404111162 0.8977961998 -0.0001799776 -0.8330036021 0.4085525200 -0.3730815425 -0.3348776608 0.1644591805 0.9277985397
0.5405091184 0.8413381394 -0.0001676321 -0.7806261466 0.5014309826 -0.3730814776 -0.3138036203 0.2017847985 0.9277985681
0.6334685505 0.7737684223 -0.0001552865 -0.7179379715 0.5876864169 -0.3730814180 -0.2885873604 0.2364468312 0.9277985942
0.7180616858 0.6959794501 -0.0001429410 -0.6457670784 0.6661795378 -0.3730813636 -0.2595617379 0.2679877394 0.9277986181
0.7931712922 0.6089985912 -0.0001305954 -0.5650667196 0.7358735865 -0.3730813144 -0.2271098932 0.2959911834 0.9277986397
0.8578053879 0.5139746127 -0.0001182498 -0.4769028067 0.7958480248 -0.3730812705 -0.1916601927 0.3200875176 0.9277986590
0.9111103424 0.4121625078 -0.0001059041 -0.3824398321 0.8453106940 -0.3730812318 -0.1536805742 0.3399586708 0.9277986760
0.9523821504 0.3049069217 -0.0000935585 -0.2829254880 0.8836082773 -0.3730811983 -0.1136723707 0.3553423440 0.9277986908
0.9810757301 0.1936243920 -0.0000812128 -0.1796741866 0.9102349297 -0.3730811701 -0.0721636920 0.3660354732 0.9277987033
0.9968121219 0.0797846409 -0.0000688671 -0.0740496986 0.9248389588 -0.3730811472 -0.0297024544 0.3718969095 0.9277987136
0.9993834932 -0.0351088360 -0.0000565214 0.0325528592 0.9272274706 -0.3730811294 0.0131508524 0.3728492824 0.9277987215
0.9887558836 -0.1495386263 -0.0000441757 0.1387254516 0.9173689167 -0.3730811169 0.0558305631 0.3688800211 0.9277987272
0.9650696532 -0.2619934417 -0.0000318300 0.2430657225 0.8953935113 -0.3730811097 0.0977733043 0.3600415203 0.9277987307
0.9286376290 -0.3709880775 -0.0000194843 0.3441955175 0.8615915116 -0.3730811076 0.1384254304 0.3464504488 0.9277987318
0.8799409732 -0.4750830281 -0.0000071386 0.4407790870 0.8164093833 -0.3730811108 0.1772503319 0.3282862092 0.9277987307
0.8196228286 -0.5729034987 0.0000052071 0.5315407293 0.7604439043 -0.3730811193 0.2137355188 0.3057885701 0.9277987273
0.7484798243 -0.6631575622 0.0000175528 0.6152816402 0.6944342816 -0.3730811330 0.2473993854 0.2792545008 0.9277987216
0.6674515548 -0.7446532220 0.0000298985 0.6908957473 0.6192523883 -0.3730811519 0.2777975671 0.2490342517 0.9277987137
0.5776081705 -0.8163141549 0.0000422442 0.7573843194 0.5358912472 -0.3730811761 0.3045288067 0.2155267307 0.9277987035
0.4801362440 -0.8771939262 0.0000545899 0.8138691576 0.4454519147 -0.3730812055 0.3272402503 0.1791742378 0.9277986911
0.3763230992 -0.9264884892 0.0000669355 0.8596041954 0.3491289382 -0.3730812401 0.3456321054 0.1404566266 0.9277986763
0.2675398090 -0.9635468044 0.0000792812 0.8939853523 0.2481945775 -0.3730812800 0.3594615980 0.0998849706 0.9277986593
0.1552230878 -0.9878794383 0.0000916268 0.9165585132 0.1439820010 -0.3730813252 0.3685461773 0.0579948166 0.9277986400
0.0408563164 -0.9991650267 0.0001039724 0.9270255262 0.0378676765 -0.3730813755 0.3727659253 0.0153391158 0.9277986185
-0.0740500491 -0.9972545195 0.0001163179 0.9252481408 -0.0687468094 -0.3730814311 0.3720651398 -0.0275190753 0.9277985946
-0.1879784262 -0.9821731491 0.0001286635 0.9112498335 -0.1744532638 -0.3730814919 0.3664530696 -0.0700140271 0.9277985686
-0.2994241486 -0.9541200969 0.0001410090 0.8852154986 -0.2778554877 -0.3730815580 0.3560037924 -0.1115848046 0.9277985402
-0.4069153391 -0.9134658632 0.0001533544 0.8474890052 -0.3775877168 -0.3730816293 0.3408552374 -0.1516826715 0.9277985096
-0.5090323482 -0.8607473736 0.0001656999 0.7985686557 -0.4723326612 -0.3730817059 0.3212073639 -0.1897783341 0.9277984767
-0.6044265039 -0.7966608875 0.0001780453 0.7391006040 -0.5608389046 -0.3730817877 0.2973195228 -0.2253689272 0.9277984415
-0.6918379239 -0.7220528033 0.0001903906 0.6698703207 -0.6419374333 -0.3730818747 0.2695070324 -0.2579846526 0.9277984040
-0.7701121549 -0.6379084792 0.0002027359 0.5917922188 -0.7145570765 -0.3730819670 0.2381370165 -0.2871949800 0.9277983643
-0.8382154194 -0.5453392196 0.0002150812 0.5058975756 -0.7777386554 -0.3730820645 0.2036235588 -0.3126143301 0.9277983223
-0.8952482692 -0.4455675983 0.0002274264 0.4133209112 -0.8306476515 -0.3730821672 0.1664222364 -0.3339071644 0.9277982781
-0.9404574647 -0.3399113115 0.0002397715 0.3152850036 -0.8725852293 -0.3730822752 0.1270241065 -0.3507924143 0.9277982315
-0.9732459223 -0.2297657747 0.0002521166 0.2130847380 -0.9029974673 -0.3730823884 0.0859492247 -0.3630471910 0.9277981827
-0.9931806009 -0.1165856937 0.0002644616 0.1080700032 -0.9214826735 -0.3730825069 0.0437397797 -0.3705097280 0.9277981317
-0.9999982210 -0.0018658519 0.0002768066 0.0016278623 -0.9277966915 -0.3730826306 0.0009529372 -0.3730815162 0.9277980783
-0.9936087414 0.1128786317 0.0002891515 -0.1048357681 -0.9218561256 -0.3730827595 -0.0418465153 -0.3707286045 0.9277980227
-0.9740965488 0.2261323125 0.0003014964 -0.2099146878 -0.9037394416 -0.3730828937 -0.0840936233 -0.3634820476 0.9277979648
-0.9417193433 0.3363994351 0.0003138412 -0.3122209866 -0.8736859310 -0.3730830331 -0.1252307230 -0.3514374967 0.9277979047
-0.8969047348 0.4422236882 0.0003261859 -0.4104033757 -0.8320925500 -0.3730831777 -0.1647148020 -0.3347539363 0.9277978423
-0.8402445953 0.5422074376 0.0003385305 -0.5031650363 -0.7795086766 -0.3730833276 -0.2020246676 -0.3136515863 0.9277977776
-0.7724872425 0.6350301859 0.0003508751 -0.5892807482 -0.7166288543 -0.3730834827 -0.2366678262 -0.2884089947 0.9277977106
-0.6945275562 0.7194660115 0.0003632195 -0.6676130729 -0.6442836178 -0.3730836431 -0.2681869842 -0.2593593610 0.9277976414
-0.6073951597 0.7943997602 0.0003755639 -0.7371273772 -0.5634285238 -0.3730838087 -0.2961660847 -0.2268861380 0.9277975699
-0.5122408213 0.8588417727 0.0003879082 -0.7969054989 -0.4751315293 -0.3730839795 -0.3202357989 -0.1914179703 0.9277974961
-0.4103212563 0.9119409556 0.0004002524 -0.8461578738 -0.3805588857 -0.3730841556 -0.3400784017 -0.1534230362 0.9277974201
-0.3029825289 0.9529960215 0.0004125966 -0.8842339651 -0.2809597349 -0.3730843369 -0.3554319657 -0.1134028678 0.9277973417
-0.1916422750 0.9814647512 0.0004249406 -0.9106308552 -0.1776496098 -0.3730845234 -0.3660938184 -0.0718857309 0.9277972612
-0.0777709793 0.9969711548 0.0004372846 -0.9249998891 -0.0719930588 -0.3730847152 -0.3719232179 -0.0294196518 0.9277971783
0.0371274462 0.9993104375 0.0004496284 -0.9271512785 0.0346143775 -0.3730849122 -0.3728432105 0.0134348164 0.9277970932
0.1515355236 0.9884517043 0.0004619722 -0.9170566094 0.1407645996 -0.3730851145 -0.3688416466 0.0561119936 0.9277970058
0.2639422514 0.9645383678 0.0004743158 -0.8948492172 0.2450555470 -0.3730853220 -0.3599713412 0.0980485387 0.9277969161
0.3728630600 0.9278862547 0.0004866593 -0.8608224251 0.3461097171 -0.3730855347 -0.3463493770 0.1386908869 0.9277968242
0.4768594191 0.8789794340 0.0004990028 -0.8154256703 0.4425923602 -0.3730857527 -0.3281555585 0.1775025556 0.9277967300
0.5745578358 0.8184638244 0.0005113461 -0.7592585676 0.5332291085 -0.3730859759 -0.3056300393 0.2139712270 0.9277966335
0.6646679952 0.7471386631 0.0005236893 -0.6930629890 0.6168228087 -0.3730862043 -0.2790701514 0.2476155098 0.9277965347
0.7459998014 0.6659459505 0.0005360324 -0.6177132656 0.6922693344 -0.3730864380 -0.2488264813 0.2779912944 0.9277964337
0.8174790954 0.5759580088 0.0005483753 -0.5342046384 0.7585721692 -0.3730866769 -0.2152982418 0.3046976145 0.9277963304
0.8781618414 0.4783633200 0.0005607182 -0.4436401134 0.8148555695 -0.3730869211 -0.1789280025 0.3273819405 0.9277962249
0.9272465950 0.3744508294 0.0005730609 -0.3472158927 0.8603761312 -0.3730871705 -0.1401958483 0.3457448326 0.9277961171
0.9640850881 0.2655929220 0.0005854035 -0.2462055743 0.8945326089 -0.3730874251 -0.0996130419 0.3595438935 0.9277960070
0.9881907902 0.1532272978 0.0005977459 -0.1419433305 0.9168738573 -0.3730876850 -0.0577152755 0.3685969682 0.9277958946
0.9992453347 0.0388379836 0.0006100883 -0.0358062858 0.9271047899 -0.3730879501 -0.0150555994 0.3727845485 0.9277957800
0.9971027228 -0.0760642670 0.0006224305 0.0708036732 0.9250902765 -0.3730882204 0.0278028776 0.3720513508 0.9277956630
0.9817912527 -0.1899619257 0.0006347725 0.1764784133 0.9108569283 -0.3730884960 0.0702944222 0.3664070455 0.9277955439
0.9535131449 -0.3013507321 0.0006471145 0.2798221547 0.8845927460 -0.3730887768 0.1118581433 0.3559261299 0.9277954224
0.9126418722 -0.4087595604 0.0006594562 0.3794699062 0.8466446371 -0.3730890629 0.1519453963 0.3407469446 0.9277952987
0.8597172266 -0.5107698493 0.0006717979 0.4741054946 0.7975138330 -0.3730893541 0.1900270251 0.3210698479 0.9277951727
0.7954381908 -0.6060343362 0.0006841393 0.5624789490 0.7378492695 -0.3730896507 0.2256003471 0.2971545707 0.9277950445
0.7206537060 -0.6932948514 0.0006964807 0.6434230109 0.6684390147 -0.3730899524 0.2581957883 0.2693167886 0.9277949139
0.6363514603 -0.7713989347 0.0007088219 0.7158685515 0.5901998605 -0.3730902594 0.2873830821 0.2379239547 0.9277947811
0.5436448441 -0.8393150561 0.0007211629 0.7788586930 0.5041652126 -0.3730905717 0.3127769488 0.2033904497 0.9277946461
0.4437582453 -0.8961462390 0.0007335037 0.8315614475 0.4114714420 -0.3730908891 0.3340421813 0.1661721117 0.9277945087
0.3380108785 -0.9411419073 0.0007458444 0.8732807056 0.3133428744 -0.3730912118 0.3508980697 0.1267602198 0.9277943691
0.2277993624 -0.9737077979 0.0007581850 0.9034654314 0.2110756197 -0.3730915398 0.3631221072 0.0856750088 0.9277942272
0.1145792742 -0.9934138091 0.0007705254 0.9217169403 0.1060204523 -0.3730918729 0.3705529272 0.0434588023 0.9277940831
-0.0001540744 -0.9999996817 0.0007828656 0.9277941650 -0.0004350305 -0.3730922114 0.3730924332 0.0006688542 0.9277939367
-0.1148853859 -0.9933784353 0.0007952056 0.9216168394 -0.1068847357 -0.3730925550 0.3707070939 -0.0421300073 0.9277937880
-0.2280993897 -0.9736375179 0.0008075454 0.9032665590 -0.2119226473 -0.3730929039 0.3634283861 -0.0843728349 0.9277936370
-0.3383008545 -0.9410376505 0.0008198851 0.8729857029 -0.3141613970 -0.3730932580 0.3513523792 -0.1255020200 0.9277934838
-0.4440343362 -0.8960093837 0.0008322246 0.8311742324 -0.4122505890 -0.3730936174 0.3346384673 -0.1649746530 0.9277933283
-0.5439033995 -0.8391474118 0.0008445639 0.7783844080 -0.5048946365 -0.3730939820 0.3135072651 -0.2022696897 0.9277931706
-0.6365890617 -0.7712027180 0.0008569031 0.7153134955 -0.5908698738 -0.3730943518 0.2882376964 -0.2368948290 0.9277930105
-0.7208672120 -0.6930726565 0.0008692420 0.6427945555 -0.6690407194 -0.3730947268 0.2591633118 -0.2683930115 0.9277928482
-0.7956247785 -0.6057891009 0.0008815808 0.5617854405 -0.7383746744 -0.3730951071 0.2266678864 -0.2963484527 0.9277926837
-0.8598744290 -0.5105048160 0.0008939193 0.4733561434 -0.7979559605 -0.3730954927 0.1911803541 -0.3203921315 0.9277925168
-0.9127676109 -0.4084782334 0.0009062577 0.3786746643 -0.8469976153 -0.3730958834 0.1531691455 -0.3402066613 0.9277923477
-0.9536057575 -0.3010568309 0.0009185959 0.2789915835 -0.8848518874 -0.3730962794 0.1131360048 -0.3555304797 0.9277921763
-0.9818495147 -0.1896593362 0.0009309338 0.1756235434 -0.9110187912 -0.3730966807 0.0716093670 -0.3661613010 0.9277920027
-0.9971258640 -0.0757569899 0.0009432716 0.0699358579 -0.9251527114 -0.3730970871 0.0291373825 -0.3719587869 0.9277918268
-0.9992330491 0.0391458856 0.0009556092 -0.0366755212 -0.9270669676 -0.3730974989 -0.0137193183 -0.3728463989 0.9277916486
-0.9881432404 0.1535317539 0.0009679465 -0.1428024420 -0.9167362804 -0.3730979158 -0.0563950257 -0.3688124086 0.9277914681
-0.9640029028 0.2658899067 0.0009802836 -0.2470431522 -0.8942971045 -0.3730983380 -0.0983264174 -0.3599100532 0.9277912854
-0.9271308609 0.3747364160 0.0009926206 -0.3480208134 -0.8600458271 -0.3730987654 -0.1389599950 -0.3462568322 0.9277911004
-0.8780140887 0.4786337328 0.0010049573 -0.4444016871 -0.8144348525 -0.3730991980 -0.1777593896 -0.3280329570 0.9277909131
-0.8173012777 0.5762096725 0.0010172938 -0.5349127508 -0.7580666268 -0.3730996359 -0.2142124426 -0.3054789725 0.9277907236
-0.7457942698 0.6661755377 0.0010296300 -0.6183585126 -0.6916856808 -0.3731000790 -0.2478379654 -0.2788925815 0.9277905318
-0.6644374671 0.7473431384 0.0010419661 -0.6936368013 -0.6161687953 -0.3731005274 -0.2781920921 -0.2486247154 0.9277903377
-0.5743053593 0.8186404844 0.0010543019 -0.7597533246 -0.5325134211 -0.3731009810 -0.3048741379 -0.2150749023 0.9277901414
-0.4765883324 0.8791259430 0.0010666375 -0.8158348016 -0.4418245038 -0.3731014398 -0.3275318885 -0.1786859930 0.9277899428
-0.3725769474 0.9280006757 0.0010789728 -0.8611404970 -0.3452998896 -0.3731019038 -0.3458662497 -0.1399383156 0.9277897419
-0.2636448956 0.9646191881 0.0010913079 -0.8950720058 -0.2442145033 -0.3731023731 -0.3596351950 -0.0993433354 0.9277895388
-0.1512308562 0.9884978554 0.0011036428 -0.9171811561 -0.1399035097 -0.3731028476 -0.3686569612 -0.0574369035 0.9277893333
-0.0368194955 0.9993213094 0.0011159774 -0.9271759293 -0.0337446772 -0.3731033274 -0.3728124473 -0.0147721837 0.9277891257
0.0780781418 0.9969466037 0.0011283118 -0.9249243169 0.0728598193 -0.3731038124 -0.3720467872 0.0280876493 0.9277889157
0.1919445881 0.9814051019 0.0011406460 -0.9104560639 0.1785019191 -0.3731043026 -0.3663700736 0.0705768436 0.9277887035
0.3032759956 0.9529020627 0.0011529799 -0.8839622761 0.2817862739 -0.3731047980 -0.3558572256 0.1121345383 0.9277884890
0.4106019965 0.9118139298 0.0011653135 -0.8457928956 0.3813486775 -0.3731052987 -0.3406469994 0.1522121666 0.9277882722
0.5125051233 0.8586833594 0.0011776469 -0.7964520789 0.4758740848 -0.3731058046 -0.3209401574 0.1902806971 0.9277880532
0.6076395290 0.7942120540 0.0011899801 -0.7365915374 0.5641139815 -0.3731063158 -0.2969968178 0.2258376167 0.9277878319
0.6947487620 0.7192514943 0.0012023130 -0.6670019298 0.6449028744 -0.3731068322 -0.2691330217 0.2584135647 0.9277876084
0.7726823602 0.6347916941 0.0012146456 -0.5886024183 0.7171736859 -0.3731073538 -0.2377165610 0.2875785274 0.9277873825
0.8404110452 0.5419481245 0.0012269779 -0.5024285286 0.7799718476 -0.3731078806 -0.2031621244 0.3129475152 0.9277871544
0.8970403162 0.4419469823 0.0012393100 -0.4096184717 0.8324679093 -0.3731084127 -0.1659258229 0.3341856443 0.9277869241
0.9418222639 0.3361089950 0.0012516418 -0.3113981105 0.8739684938 -0.3731089500 -0.1264991698 0.3510125571 0.9277866914
0.9741654479 0.2258319783 0.0012639734 -0.2090647681 0.9039254556 -0.3731094926 -0.0854025926 0.3632061237 0.9277864565
0.9936427082 0.1125723744 0.0012763047 -0.1039700923 0.9219431206 -0.3731100403 -0.0431785634 0.3706053734 0.9277862194
0.9999968066 -0.0021739831 0.0012886356 0.0024977973 0.9277835125 -0.3731105934 -0.0003844388 0.3731126206 0.9277859799
0.9931438242 -0.1168916249 0.0013009664 0.1089326439 0.9213694957 -0.3731111516 0.0424148981 0.3706947536 0.9277857382
0.9731742695 -0.2300654610 0.0013132968 0.2139286281 0.9027857942 -0.3731117151 0.0846544930 0.3633836726 0.9277854942
0.9403518835 -0.3402007906 0.0013256269 0.3160989356 0.8722778724 -0.3731122838 0.1257767789 0.3512758681 0.9277852480
0.8951101557 -0.4458430430 0.0013379568 0.4140940756 0.8302486928 -0.3731128577 0.1652389350 0.3345311482 0.9277849995
0.8380465998 -0.5455969880 0.0013502864 0.5066197044 0.7772533939 -0.3731134369 0.2025200527 0.3133705288 0.9277847487
0.7699148614 -0.6381451634 0.0013626156 0.5924537218 0.7139919570 -0.3731140213 0.2371280115 0.2880733167 0.9277844957
0.6916147652 -0.7222652740 0.0013749446 0.6704624127 0.6412999612 -0.3731146109 0.2686059748 0.2589734227 0.9277842404
0.6041804306 -0.7968463357 0.0013872733 0.7396154219 0.5601375464 -0.3731152058 0.2965384207 0.2264549544 0.9277839828
0.5087666138 -0.8609033475 0.0013996017 0.7989993628 0.4715767315 -0.3731158059 0.3205566267 0.1909471460 0.9277837229
0.4066334573 -0.9135903009 0.0014119298 0.8478298816 0.3767872551 -0.3731164112 0.3403435372 0.1529186925 0.9277834608
0.2991298464 -0.9542113532 0.0014242575 0.8854620175 0.2770211250 -0.3731170217 0.3556379488 0.1128715633 0.9277831964
0.1876755946 -0.9822300176 0.0014365850 0.9113987213 0.1735960811 -0.3731176375 0.3662379581 0.0713343762 0.9277829298
0.0737426922 -0.9972762486 0.0014489121 0.9252974205 0.0678781906 -0.3731182585 0.3720036276 0.0288554196 0.9277826609
-0.0411641349 -0.9991513293 0.0014612390 0.9269745439 -0.0387361953 -0.3731188848 0.3728588326 -0.0140045848 0.9277823897
-0.1555272981 -0.9878304957 0.0014735655 0.9164079462 -0.1448388853 -0.3731195163 0.3687922663 -0.0566798831 0.9277821162
-0.2678363889 -0.9634632639 0.0014858917 0.8937372007 -0.2490284473 -0.3731201530 0.3598575897 -0.0986071577 0.9277818405
-0.3766081276 -0.9263714555 0.0014982176 0.8592617552 -0.3499287192 -0.3731207949 0.3461727232 -0.1392329629 0.9277815625
-0.4804059525 -0.8770449470 0.0015105431 0.8134369771 -0.4462069854 -0.3731214421 0.3279182903 -0.1780210302 0.9277812823
-0.5778589932 -0.8161352001 0.0015228683 0.7568681385 -0.5365915798 -0.3731220945 0.3053352336 -0.2144593473 0.9277809997
-0.6676801756 -0.7444466578 0.0015351932 0.6903024218 -0.6198886823 -0.3731227521 0.2787216346 -0.2480669170 0.9277807150
-0.7486832206 -0.6629261199 0.0015475178 0.6146190500 -0.6949980867 -0.3731234149 0.2484287796 -0.2784001061 0.9277804279
-0.8197983113 -0.5726502385 0.0015598420 0.5308176746 -0.7609277331 -0.3731240830 0.2148565222 -0.3050585015 0.9277801386
-0.8800862225 -0.4748112986 0.0015721659 0.4400051707 -0.8168068107 -0.3731247563 0.1784480059 -0.3276901962 0.9277798470
-0.9287507246 -0.3707014715 0.0015844895 0.3433810179 -0.8618972598 -0.3731254349 0.1396838149 -0.3459964344 0.9277795531
-0.9651491000 -0.2616957487 0.0015968127 0.2422214570 -0.8956035202 -0.3731261187 0.0990756300 -0.3597355553 0.9277792570
-0.9888006315 -0.1492337824 0.0016091355 0.1378626328 -0.9174803976 -0.3731268077 0.0571594751 -0.3687261834 0.9277789586
-0.9993929509 -0.0348008716 0.0016214580 0.0316829459 -0.9272389435 -0.3731275019 0.0144886413 -0.3728496226 0.9277786580
-0.9967861645 0.0800916539 0.0016337802 -0.0749151532 -0.9247502718 -0.3731282013 -0.0283736161 -0.3720514236 0.9277783551
-0.9810147011 0.1939263945 0.0016461020 -0.1805236886 -0.9100472611 -0.3731289060 -0.0708615128 -0.3663421026 0.9277780499
-0.9522868570 0.3051999208 0.0016584234 -0.2837477556 -0.8833241200 -0.3731296159 -0.1124142038 -0.3557970031 0.9277777424
-0.9109820447 0.4124426298 0.0016707445 -0.3832239451 -0.8449338222 -0.3731303311 -0.1524831864 -0.3405553012 0.9277774327
-0.8576457826 0.5142381539 0.0016830652 -0.4776383517 -0.7953834443 -0.3731310514 -0.1905395408 -0.3208181691 0.9277771207
-0.7929824897 0.6092420674 0.0016953856 -0.5657439283 -0.7353274675 -0.3731317770 -0.2260809117 -0.2968461196 0.9277768065
-0.7178461825 0.6961996423 0.0017077056 -0.6463769574 -0.6655591337 -0.3731325078 -0.2586381394 -0.2689555679 0.9277764900
-0.6332291960 0.7739624195 0.0017200252 -0.7184724214 -0.5869999676 -0.3731332439 -0.2877814535 -0.2375146547 0.9277761712
-0.5402490775 0.8415033769 0.0017323445 -0.7810780701 -0.5006876048 -0.3731339852 -0.3131261451 -0.2029383876 0.9277758501
-0.4401338271 0.8979304931 0.0017446634 -0.8333669976 -0.4077620867 -0.3731347317 -0.3343376460 -0.1656831624 0.9277755268
-0.3342056797 0.9424985287 0.0017569819 -0.8746485648 -0.3094508023 -0.3731354834 -0.3511359447 -0.1262407395 0.9277752012
-0.2238636416 0.9746188689 0.0017693000 -0.9043775213 -0.2070522763 -0.3731362404 -0.3632992829 -0.0851317527 0.9277748734
-0.1105650137 0.9938672968 0.0017816177 -0.9221612067 -0.1019190180 -0.3731370025 -0.3706670833 -0.0428988365 0.9277745433
0.0041938549 0.9999895966 0.0017939351 -0.9277647374 0.0045603431 -0.3731377700 -0.3731420690 -0.0000994640 0.9277742109
0.1188973297 0.9929049111 0.0018062520 -0.9211141086 0.1109793988 -0.3731385426 -0.3706915482 0.0427014121 0.9277738763
0.2320305077 0.9727068090 0.0018185686 -0.9022971719 0.2159325384 -0.3731393204 -0.3633478458 0.0849388167 0.9277735394
0.3420992253 0.9396620498 0.0018308848 -0.8715624745 0.3180335142 -0.3731401035 -0.3512078773 0.1260552099 0.9277732002
0.4476497915 0.8942070603 0.0018432006 -0.8293159765 0.4159337518 -0.3731408918 -0.3344318693 0.1655078468 0.9277728588
0.5472881873 0.8369421707 0.0018555160 -0.7761156887 0.5083401621 -0.3731416854 -0.3132412454 0.2027759415 0.9277725151
0.6396984763 0.7686236859 0.0018678310 -0.7126643019 0.5940322208 -0.3731424841 -0.2879157033 0.2373675421 0.9277721691
0.7236601850 0.6901538971 0.0018801455 -0.6397999058 0.6718780895 -0.3731432881 -0.2587895231 0.2688260240 0.9277718209
0.7980644210 0.6025691649 0.0018924597 -0.5584849190 0.7408495650 -0.3731440974 -0.2262471551 0.2967361178 0.9277714704
0.8619285190 0.5070262320 0.0019047735 -0.4697933771 0.8000356602 -0.3731449118 -0.1907181453 0.3207293912 0.9277711176
0.9144090185 0.4047869461 0.0019170868 -0.3748967465 0.8486546368 -0.3731457315 -0.1526714657 0.3404891124 0.9277707626
