1964
38175
0.1131853391 0.9932694548 -0.0245940889 -0.9085654199 0.0934516451 -0.4071555819 -0.4021168447 0.0684293813 0.9130276354
0.2263977691 0.9737242646 -0.0245989149 -0.8918486751 0.1970755258 -0.4071451558 -0.3915992734 0.1141152646 0.9130321547
0.3366201239 0.9413190471 -0.0246037356 -0.8633533740 0.2980977442 -0.4071347277 -0.3759093559 0.1582914606 0.9130366749
0.4423966912 0.8964817828 -0.0246085511 -0.8234557251 0.3951841028 -0.4071242976 -0.3552546080 0.2003744944 0.9130411960
0.5423304749 0.8398046430 -0.0246133613 -0.7726825282 0.4870523701 -0.4071138654 -0.3299081185 0.2398085702 0.9130457179
0.6351016453 0.7720361688 -0.0246181663 -0.7117042187 0.5724892151 -0.4071034312 -0.3002049387 0.2760729118 0.9130502408
0.7194849700 0.6940713850 -0.0246229660 -0.6413260149 0.6503662323 -0.4070929950 -0.2665376533 0.3086886399 0.9130547645
0.7943659956 0.6069399793 -0.0246277604 -0.5624772849 0.7196548450 -0.4070825567 -0.2293511914 0.3372250962 0.9130592891
0.8587557664 0.5117927033 -0.0246325496 -0.4761992743 0.7794398907 -0.4070721164 -0.1891369471 0.3613055295 0.9130638146
0.9118038856 0.4098861744 -0.0246373335 -0.3836313558 0.8289317079 -0.4070616740 -0.1464262854 0.3806120697 0.9130683410
0.9528097464 0.3025662796 -0.0246421122 -0.2859959826 0.8674765671 -0.4070512297 -0.1017835213 0.3948899240 0.9130728683
0.9812317848 0.1912504001 -0.0246468856 -0.1845825450 0.8945653050 -0.4070407833 -0.0557984640 0.4039507391 0.9130773964
0.9966946325 0.0774086919 -0.0246516537 -0.0807303425 0.9098400510 -0.4070303348 -0.0090786240 0.4076750864 0.9130819254
0.9989940737 -0.0374553304 -0.0246564165 0.0241891037 0.9130989546 -0.4070198844 0.0377588124 0.4060140358 0.9130864553
0.9880997429 -0.1518246509 -0.0246611741 0.1287901633 0.9042988533 -0.4070094319 0.0840951364 0.3989897984 0.9130909861
0.9641555251 -0.2641887877 -0.0246659264 0.2316913968 0.8835558437 -0.4069989774 0.1293182899 0.3866954298 0.9130955177
0.9274776561 -0.3730637417 -0.0246706735 0.3315337995 0.8511437503 -0.4069885209 0.1728309500 0.3692935973 0.9131000502
0.8785505456 -0.4770115960 -0.0246754153 0.4269987496 0.8074905105 -0.4069780624 0.2140584188 0.3470144273 0.9131045836
0.8180203796 -0.5746595067 -0.0246801518 0.5168254238 0.7531725249 -0.4069676019 0.2524562136 0.3201524623 0.9131091179
0.7466865863 -0.6647178337 -0.0246848830 0.5998274487 0.6889070463 -0.4069571394 0.2875172579 0.2890627667 0.9131136530
0.6654912775 -0.7459971734 -0.0246896090 0.6749085699 0.6155427086 -0.4069466748 0.3187785779 0.2541562338 0.9131181890
0.5755068067 -0.8174240671 -0.0246943297 0.7410771309 0.5340483203 -0.4069362083 0.3458274157 0.2158941548 0.9131227259
0.4779216060 -0.8780551781 -0.0246990451 0.7974591705 0.4455000715 -0.4069257397 0.3683066792 0.1747821230 0.9131272636
0.3740244903 -0.9270897503 -0.0247037552 0.8433099664 0.3510673216 -0.4069152692 0.3859196565 0.1313633532 0.9131318022
0.2651876362 -0.9638801842 -0.0247084601 0.8780238718 0.2519971569 -0.4069047967 0.3984339321 0.0862115034 0.9131363417
0.1528484595 -0.9879405894 -0.0247131597 0.9011423153 0.1495979218 -0.4068943221 0.4056844537 0.0399230964 0.9131408820
0.0384906306 -0.9989532016 -0.0247178540 0.9123598590 0.0452219401 -0.4068838456 0.4075757096 -0.0068903619 0.9131454232
-0.0763755195 -0.9967725798 -0.0247225430 0.9115282335 -0.0597523440 -0.4068733671 0.4040829859 -0.0536104607 0.9131499652
-0.1902329471 -0.9814275267 -0.0247272267 0.8986582981 -0.1639385703 -0.4068628866 0.3952526903 -0.0996200534 0.9131545082
-0.3015779309 -0.9531207082 -0.0247319052 0.8739198984 -0.2659607723 -0.4068524041 0.3812017349 -0.1443114102 0.9131590520
-0.4089399320 -0.9122259773 -0.0247365783 0.8376396258 -0.3644715486 -0.4068419196 0.3621159887 -0.1870942452 0.9131635966
-0.5109010155 -0.8592834358 -0.0247412462 0.7902965049 -0.4581698585 -0.4068314331 0.3382478184 -0.2274035127 0.9131681421
-0.6061145767 -0.7949923018 -0.0247459088 0.7325156696 -0.5458182048 -0.4068209447 0.3099127517 -0.2647068707 0.9131726885
-0.6933231264 -0.7202016744 -0.0247505661 0.6650601080 -0.6262589776 -0.4068104543 0.2774853061 -0.2985117102 0.9131772357
-0.7713748983 -0.6358993202 -0.0247552182 0.5888205876 -0.6984297435 -0.4067999619 0.2413940385 -0.3283716613 0.9131817838
-0.8392390604 -0.5431986273 -0.0247598649 0.5048038925 -0.7613772779 -0.4067894675 0.2021158818 -0.3538924867 0.9131863327
-0.8960193291 -0.4433239008 -0.0247645063 0.4141195281 -0.8142701548 -0.4067789712 0.1601698419 -0.3747372865 0.9131908825
-0.9409658070 -0.3375941937 -0.0247691425 0.3179650695 -0.8564097291 -0.4067684729 0.1161101400 -0.3906309465 0.9131954331
-0.9734848861 -0.2274058855 -0.0247737734 0.2176103461 -0.8872393640 -0.4067579726 0.0705188900 -0.4013637680 0.9131999846
-0.9931470879 -0.1142142403 -0.0247783989 0.1143806722 -0.9063517844 -0.4067474704 0.0239984072 -0.4067942357 0.9132045369
-0.9996927358 0.0004858128 -0.0247830192 0.0096393446 -0.9134944572 -0.4067369662 -0.0228367487 -0.4068508825 0.9132090901
-0.9930353839 0.1151794233 -0.0247876342 -0.0952303621 -0.9085729276 -0.4067264600 -0.0693678925 -0.4015332310 0.9132136442
-0.9732629593 0.2283518264 -0.0247922439 -0.1988434631 -0.8916520687 -0.4067159519 -0.1149803860 -0.3909117954 0.9132181991
-0.9406366007 0.3385083481 -0.0247968483 -0.2998315552 -0.8629552260 -0.4067054419 -0.1590717571 -0.3751271468 0.9132227548
-0.8955872091 0.4441941457 -0.0248014473 -0.3968608888 -0.8228612696 -0.4066949299 -0.2010596574 -0.3543880527 0.9132273114
-0.8387097572 0.5440134221 -0.0248060411 -0.4886499826 -0.7718995921 -0.4066844159 -0.2403895538 -0.3289687161 0.9132318688
-0.7707554315 0.6366478599 -0.0248106296 -0.5739865487 -0.7107431188 -0.4066739000 -0.2765420524 -0.2992051496 0.9132364271
-0.6926217111 0.7208740324 -0.0248152128 -0.6517435032 -0.6401994218 -0.4066633821 -0.3090397570 -0.2654907338 0.9132409862
-0.6053405146 0.7955795619 -0.0248197907 -0.7208938526 -0.5612000560 -0.4066528623 -0.3374535740 -0.2282710184 0.9132455462
-0.5100645720 0.8597778105 -0.0248243633 -0.7805242579 -0.4747882578 -0.4066423406 -0.3614083774 -0.1880378337 0.9132501070
-0.4080521997 0.9126209106 -0.0248289306 -0.8298470978 -0.3821051685 -0.4066318169 -0.3805879617 -0.1453227914 0.9132546686
-0.3006506824 0.9534109633 -0.0248334926 -0.8682108724 -0.2843747644 -0.4066212913 -0.3947392156 -0.1006902604 0.9132592311
-0.1892784790 0.9816092546 -0.0248380492 -0.8951088082 -0.1828876930 -0.4066107637 -0.4036754622 -0.0547299103 0.9132637944
-0.0754064895 0.9968433711 -0.0248426006 -0.9101855532 -0.0789842285 -0.4066002342 -0.4072789218 -0.0080489201 0.9132683586
0.0394613718 0.9989121180 -0.0248471467 -0.9132418705 0.0259634282 -0.4065897028 -0.4055022641 0.0387360421 0.9132729235
0.1538080386 0.9877881761 -0.0248516874 -0.9042372721 0.1305692717 -0.4065791695 -0.3983692295 0.0850069666 0.9132774894
0.2661233281 0.9636184631 -0.0248562229 -0.8832905549 0.2334517967 -0.4065686342 -0.3859743125 0.1301526649 0.9132820560
0.3749238864 0.9267221926 -0.0248607530 -0.8506782333 0.3332522425 -0.4065580970 -0.3684815094 0.1735768432 0.9132866235
0.4787727795 0.8775866587 -0.0248652778 -0.8068308893 0.4286525390 -0.4065475579 -0.3461221485 0.2147059785 0.9132911919
0.5762984702 0.8168607999 -0.0248697973 -0.7523274873 0.5183927138 -0.4065370168 -0.3191918310 0.2529968930 0.9132957610
0.6662129329 0.7453466286 -0.0248743115 -0.6878877295 0.6012875332 -0.4065264739 -0.2880465233 0.2879439281 0.9133003310
0.7473286639 0.6639886388 -0.0248788204 -0.6143625525 0.6762421560 -0.4065159290 -0.2530978512 0.3190856217 0.9133049019
0.8185743652 0.5738613324 -0.0248833239 -0.5327228902 0.7422665939 -0.4065053823 -0.2148076602 0.3460108015 0.9133094735
0.8790090932 0.4761550276 -0.0248878222 -0.4440468529 0.7984887869 -0.4064948336 -0.1736819118 0.3683640142 0.9133140460
0.9278346856 0.3721601388 -0.0248923151 -0.3495054894 0.8441661215 -0.4064842830 -0.1302639981 0.3858502177 0.9133186193
0.9644063025 0.2632501337 -0.0248968027 -0.2503473225 0.8786952399 -0.4064737305 -0.0851275618 0.3982386754 0.9133231934
0.9882409435 0.1508633938 -0.0249012850 -0.1478818611 0.9016200096 -0.4064631761 -0.0388689174 0.4053660010 0.9133277684
0.9990238260 0.0364842179 -0.0249057620 -0.0434623062 0.9126375490 -0.4064526198 0.0079008277 0.4071383131 0.9133323442
0.9966125428 -0.0783767816 -0.0249102337 0.0615323202 0.9116022291 -0.4064420616 0.0545638452 0.4035324720 0.9133369208
0.9810389428 -0.1922026288 -0.0249147000 0.1657153865 0.8985275985 -0.4064315015 0.1005037485 0.3945963814 0.9133414982
0.9525087104 -0.3034900197 -0.0249191610 0.2677109650 0.8735862059 -0.4064209395 0.1451137343 0.3804483523 0.9133460764
0.9113986488 -0.4107691763 -0.0249236167 0.3661720035 0.8371073232 -0.4064103756 0.1878045973 0.3612755366 0.9133506555
0.8582517039 -0.5126232576 -0.0249280670 0.4597981151 0.7895725982 -0.4063998098 0.2280125131 0.3373314510 0.9133552354
0.7937697928 -0.6077070724 -0.0249325121 0.5473527535 0.7316096959 -0.4063892422 0.2652064842 0.3089326254 0.9133598161
0.7188045344 -0.6947648449 -0.0249369518 0.6276795436 0.6639840096 -0.4063786726 0.2988953527 0.2764544181 0.9133643976
0.6343460012 -0.7726468003 -0.0249413861 0.6997175549 0.5875885547 -0.4063681012 0.3286342862 0.2403260543 0.9133689800
0.5415096440 -0.8403243491 -0.0249458152 0.7625153136 0.5034321762 -0.4063575279 0.3540306512 0.2010249542 0.9133735631
0.4415215594 -0.8969036727 -0.0249502389 0.8152433696 0.4126262259 -0.4063469527 0.3747491972 0.1590704234 0.9133781471
0.3357022973 -0.9416375272 -0.0249546573 0.8572052524 0.3163698864 -0.4063363757 0.3905164821 0.1150167915 0.9133827319
0.2254494198 -0.9739351128 -0.0249590704 0.8878466703 0.2159343349 -0.4063257967 0.4011244809 0.0694460876 0.9133873175
0.1122190437 -0.9933698762 -0.0249634781 0.9067628323 0.1126459555 -0.4063152159 0.4064333306 0.0229603509 0.9133919039
-0.0024933905 -0.9996851444 -0.0249678805 0.9137037959 0.0078688227 -0.4063046332 0.4063731738 -0.0238263233 0.9133964911
-0.1171728691 -0.9927975142 -0.0249722775 0.9085777694 -0.0970133133 -0.4062940487 0.4009450782 -0.0702958956 0.9134010791
-0.2303048138 -0.9727979537 -0.0249766693 0.8914523259 -0.2006153009 -0.4062834623 0.3902210187 -0.1158345470 0.9134056680
-0.3403950851 -0.9399506013 -0.0249810556 0.8625535124 -0.3015688810 -0.4062728740 0.3743429232 -0.1598407868 0.9134102576
-0.4459897156 -0.8946892765 -0.0249854367 0.8222628666 -0.3985407568 -0.4062622839 0.3535207940 -0.2017333972 0.9134148480
-0.5456941120 -0.8376117510 -0.0249898124 0.7711123789 -0.4902502034 -0.4062516919 0.3280299304 -0.2409591100 0.9134194393
-0.6381914742 -0.7694718534 -0.0249941828 0.7097774688 -0.5754859816 -0.4062410981 0.2982072888 -0.2769999130 0.9134240314
-0.7222601861 -0.6911695134 -0.0249985478 0.6390680657 -0.6531223364 -0.4062305024 0.2644470287 -0.3093798918 0.9134286242
-0.7967899494 -0.6037388766 -0.0250029075 0.5599179144 -0.7221338643 -0.4062199049 0.2271953028 -0.3376715133 0.9134332179
-0.8607964476 -0.5083346464 -0.0250072618 0.4733722442 -0.7816090574 -0.4062093055 0.1869443613 -0.3615012708 0.9134378123
-0.9134343456 -0.4062168332 -0.0250116109 0.3805739661 -0.8307623421 -0.4061987042 0.1442260469 -0.3805546155 0.9134424076
-0.9540084543 -0.2987341143 -0.0250159545 0.2827485797 -0.8689444558 -0.4061881011 0.0996047677 -0.3945801081 0.9134470037
-0.9819829120 -0.1873060209 -0.0250202928 0.1811879890 -0.8956510226 -0.4061774962 0.0536700397 -0.4033927371 0.9134516005
-0.9969882611 -0.0734041909 -0.0250246258 0.0772334418 -0.9105292161 -0.4061668894 0.0070286990 -0.4068763588 0.9134561982
-0.9988263281 0.0414670675 -0.0250289534 -0.0277421841 -0.9133824209 -0.4061562808 -0.0397031160 -0.4049852288 0.9134607967
-0.9874728404 0.1557906431 -0.0250332757 -0.1323525112 -0.9041728304 -0.4061456704 -0.0859081030 -0.3977446019 0.9134653959
-0.9630777471 0.2680566583 -0.0250375926 -0.2352159721 -0.8830219482 -0.4061350581 -0.1309759503 -0.3852503951 0.9134699960
-0.9259632382 0.3767824101 -0.0250419042 -0.3349740554 -0.8502089850 -0.4061244440 -0.1743113988 -0.3676679171 0.9134745968
-0.8766194900 0.4805319523 -0.0250462105 -0.4303092473 -0.8061671727 -0.4061138281 -0.2153421033 -0.3452296809 0.9134791984
-0.8156981906 0.5779350601 -0.0250505113 -0.5199624328 -0.7514780443 -0.4061032104 -0.2535261925 -0.3182323291 0.9134838008
-0.7440039337 0.6677053267 -0.0250548069 -0.6027495241 -0.6868637557 -0.4060925908 -0.2883594247 -0.2870327121 0.9134884041
-0.6624835914 0.7486571531 -0.0250590970 -0.6775771005 -0.6131775494 -0.4060819694 -0.3193818468 -0.2520431712 0.9134930081
-0.5722138095 0.8197214058 -0.0250633819 -0.7434568488 -0.5313924875 -0.4060713462 -0.3461838676 -0.2137260890 0.9134976129
-0.4743867879 0.8799595376 -0.0250676613 -0.7995186177 -0.4425886020 -0.4060607211 -0.3684116656 -0.1725877793 0.9135022184
-0.3702945351 0.9285759825 -0.0250719354 -0.8450219105 -0.3479386322 -0.4060500943 -0.3857718602 -0.1291717961 0.9135068248
-0.2613118044 0.9649286631 -0.0250762042 -0.8793656659 -0.2486925372 -0.4060394656 -0.3980353836 -0.0840517524 0.9135114320
-0.1488779379 0.9885374701 -0.0250804676 -0.9020961979 -0.1461609894 -0.4060288352 -0.4050405034 -0.0378237412 0.9135160399
-0.0344778564 0.9990906035 -0.0250847256 -0.9129131888 -0.0416980651 -0.4060182029 -0.4066949559 0.0089015396 0.9135206486
0.0803775516 0.9964486903 -0.0250889783 -0.9116736573 0.0633166383 -0.4060075688 -0.4029771604 0.0555068549 0.9135252581
0.1941713841 0.9806466252 -0.0250932256 -0.8983938481 0.1674962215 -0.4059969329 -0.3939365016 0.1013765859 0.9135298684
0.3054007603 0.9518931099 -0.0250974676 -0.8732490193 0.2694648000 -0.4059862952 -0.3796926731 0.1459048622 0.9135344795
0.4125966681 0.9105678964 -0.0251017042 -0.8365711294 0.3678756753 -0.4059756557 -0.3604340924 0.1885035639 0.9135390913
0.5143433662 0.8572167717 -0.0251059354 -0.7888444548 0.4614291204 -0.4059650144 -0.3364154094 0.2286100900 0.9135437040
0.6092970817 0.7925443496 -0.0251101613 -0.7306991960 0.5488895457 -0.4059543714 -0.3079541382 0.2656947884 0.9135483174
0.6962037571 0.7174047647 -0.0251143818 -0.6629031555 0.6291018180 -0.4059437265 -0.2754264603 0.2992679505 0.9135529316
0.7739156130 0.6327903919 -0.0251185969 -0.5863515997 0.7010065165 -0.4059330798 -0.2392622526 0.3288862778 0.9135575465
0.8414063066 0.5398187398 -0.0251228067 -0.5020554366 0.7636539257 -0.4059224314 -0.1999394054 0.3541587354 0.9135621622
0.8977844868 0.4397176920 -0.0251270111 -0.4111278659 0.8162165790 -0.4059117812 -0.1579775085 0.3747517146 0.9135667787
0.9423055663 0.3338092898 -0.0251312101 -0.3147696783 0.8580001882 -0.4059011291 -0.1139309846 0.3903934363 0.9135713960
0.9743815555 0.2234922725 -0.0251354038 -0.2142533983 0.8884528144 -0.4058904753 -0.0683817645 0.4008775384 0.9135760141
0.9935888275 0.1102236040 -0.0251395921 -0.1109064784 0.9071721584 -0.4058798198 -0.0219315985 0.4060657978 0.9135806329
0.9996737136 -0.0045007698 -0.0251437750 -0.0060937688 0.9139108758 -0.4058691624 0.0248058931 0.4058899532 0.9135852525
0.9925558533 -0.1191656773 -0.0251479526 0.0988005078 0.9085798451 -0.4058585033 0.0712133263 0.4003526026 0.9135898729
0.9723292552 -0.2322567331 -0.0251521247 0.2023910367 0.8912493462 -0.4058478424 0.1166777088 0.3895271657 0.9135944940
0.9392610560 -0.3422803378 -0.0251562915 0.3033097074 0.8621481340 -0.4058371797 0.1605985368 0.3735569106 0.9135991159
0.8937879919 -0.4477834043 -0.0251604530 0.4002236815 0.8216604190 -0.4058265153 0.2023957269 0.3526530571 0.9136037385
0.8365106307 -0.5473725488 -0.0251646090 0.4918529958 0.7703207950 -0.4058158491 0.2415172773 0.3270919836 0.9136083620
0.7681854402 -0.6397324933 -0.0251687597 0.5769874669 0.7088071797 -0.4058051812 0.2774465579 0.2972115728 0.9136129862
0.6897147971 -0.7236434367 -0.0251729050 0.6545026749 0.6379318639 -0.4057945114 0.3097091331 0.2634067455 0.9136176111
0.6021350697 -0.7979971643 -0.0251770449 0.7233748141 0.5586307847 -0.4057838400 0.3378790260 0.2261242406 0.9136222368
0.5066029300 -0.8618116845 -0.0251811795 0.7826942148 0.4719511662 -0.4057731667 0.3615843434 0.1858567117 0.9136268633
0.4043800779 -0.9142441976 -0.0251853087 0.8316773591 0.3790376902 -0.4057624918 0.3805121849 0.1431362171 0.9136314905
0.2968165776 -0.9546022270 -0.0251894324 0.8696772294 0.2811173797 -0.4057518150 0.3944127735 0.0985271893 0.9136361185
0.1853330270 -0.9823527646 -0.0251935508 0.8961918551 0.1794833949 -0.4057411365 0.4031027512 0.0526189779 0.9136407473
0.0714017963 -0.9971293102 -0.0251976639 0.9108709432 0.0754779550 -0.4057304563 0.4064675982 0.0060180635 0.9136453768
-0.0434724181 -0.9987367118 -0.0252017715 0.9135205067 -0.0295253875 -0.4057197743 0.4044631413 -0.0406599547 0.9136500071
-0.1577724661 -0.9871537433 -0.0252058738 0.9041054279 -0.1341398862 -0.4057090906 0.3971161345 -0.0867984910 0.9136546381
-0.2699887808 -0.9625333842 -0.0252099706 0.8827499236 -0.2369839160 -0.4056984052 0.3845239013 -0.1317881174 0.9136592699
-0.3786393157 -0.9252007996 -0.0252140621 0.8497359067 -0.3366992193 -0.4056877180 0.3668530461 -0.1750346139 0.9136639024
-0.4822891183 -0.8756490458 -0.0252181482 0.8054992646 -0.4319688447 -0.4056770291 0.3443372491 -0.2159668165 0.9136685357
-0.5795692809 -0.8145325579 -0.0252222289 0.7506241040 -0.5215345400 -0.4056663384 0.3172741767 -0.2540441610 0.9136731697
-0.6691950205 -0.7426585071 -0.0252263042 0.6858350382 -0.6042133706 -0.4056556460 0.2860215462 -0.2887638217 0.9136778045
-0.7499826468 -0.6609761400 -0.0252303741 0.6119876193 -0.6789133427 -0.4056449519 0.2509923969 -0.3196673513 0.9136824400
-0.8208651952 -0.5705642422 -0.0252344387 0.5300570397 -0.7446478261 -0.4056342561 0.2126496320 -0.3463467346 0.9136870763
-0.8809065179 -0.4726168902 -0.0252384978 0.4411252550 -0.8005485858 -0.4056235585 0.1714999011 -0.3684497753 0.9136917133
-0.9293136484 -0.3684276816 -0.0252425516 0.3463666954 -0.8458772492 -0.4056128592 0.1280869053 -0.3856847452 0.9136963511
-0.9654472733 -0.2593726501 -0.0252465999 0.2470327564 -0.8800350598 -0.4056021582 0.0829842136 -0.3978242349 0.9137009896
-0.9888301766 -0.1468920924 -0.0252506429 0.1444352728 -0.9025707857 -0.4055914555 0.0367876850 -0.4047081541 0.9137056289
-0.9991535417 -0.0324715460 -0.0252546805 0.0399291940 -0.9131866807 -0.4055807511 -0.0098924038 -0.4062458429 0.9137102689
-0.9962810299 0.0823778305 -0.0252587127 -0.0651053098 -0.9117424183 -0.4055700449 -0.0564394202 -0.4024172657 0.9137149096
-0.9802505814 0.1961392150 -0.0252627394 -0.1692810753 -0.8982569464 -0.4055593371 -0.1022385212 -0.3932732722 0.9137195511
-0.9512739140 0.3073101551 -0.0252667608 -0.2712222655 -0.8729082388 -0.4055486275 -0.1466847753 -0.3789349221 0.9137241934
-0.9097337266 0.4144224108 -0.0252707768 -0.3695825409 -0.8360309468 -0.4055379162 -0.1891911523 -0.3595918819 0.9137288363
-0.8561786454 0.5160613455 -0.0252747874 -0.4630628401 -0.7881119804 -0.4055272032 -0.2291962769 -0.3354999167 0.9137334800
-0.7913159776 0.6108846096 -0.0252787926 -0.5504285367 -0.7297840801 -0.4055164886 -0.2661718422 -0.3069775078 0.9137381245
-0.7160023704 0.6976398684 -0.0252827924 -0.6305257459 -0.6618174616 -0.4055057722 -0.2996295870 -0.2744016426 0.9137427697
-0.6312324966 0.7751813425 -0.0252867867 -0.7022965641 -0.5851096454 -0.4054950541 -0.3291277433 -0.2382028319 0.9137474156
-0.5381259184 0.8424849391 -0.0252907757 -0.7647930415 -0.5006736045 -0.4054843344 -0.3542768686 -0.1988594206 0.9137520622
-0.4379123013 0.8986617782 -0.0252947593 -0.8171897027 -0.4096243878 -0.4054736129 -0.3747449883 -0.1568912661 0.9137567096
-0.3319151731 0.9429699315 -0.0252987375 -0.8587944498 -0.3131643945 -0.4054628898 -0.3902619772 -0.1128528699 0.9137613577
-0.2215344448 0.9748242214 -0.0253027102 -0.8890577044 -0.2125674957 -0.4054521650 -0.4006231248 -0.0673260508 0.9137660066
-0.1082279214 0.9938039490 -0.0253066776 -0.9075796668 -0.1091622113 -0.4054414385 -0.4056918355 -0.0209122581 0.9137706562
0.0065079510 0.9996584507 -0.0253106396 -0.9141155984 -0.0043141645 -0.4054307103 -0.4054014300 0.0257753736 0.9137753065
0.1211578495 0.9923104085 -0.0253145961 -0.9085790547 0.1005919523 -0.4054199804 -0.3997560217 0.0721201248 0.9137799575
0.2342075867 0.9718568709 -0.0253185472 -0.8910430294 0.2041706658 -0.4054092488 -0.3888304594 0.1175098368 0.9137846093
0.3441641091 0.9385679716 -0.0253224930 -0.8617389915 0.3050540183 -0.4053985156 -0.3727693343 0.1613449985 0.9137892618
0.4495752155 0.8928833616 -0.0253264333 -0.8210538304 0.4019096353 -0.4053877807 -0.3517850668 0.2030466640 0.9137939150
0.5490487369 0.8354064023 -0.0253303682 -0.7695247476 0.4934583214 -0.4053770441 -0.3261550970 0.2420640993 0.9137985689
0.6412709223 0.7668961974 -0.0253342977 -0.7078321640 0.5784909555 -0.4053663059 -0.2962182165 0.2778820556 0.9138032236
0.7250237899 0.6882575670 -0.0253382218 -0.6367907349 0.6558844601 -0.4053555660 -0.2623700897 0.3100275736 0.9138078790
0.7992012128 0.6005290979 -0.0253421404 -0.5573385926 0.7246166342 -0.4053448244 -0.2250580252 0.3380762282 0.9138125351
0.8628235277 0.5048694263 -0.0253460537 -0.4705249577 0.7837796545 -0.4053340812 -0.1847750638 0.3616577327 0.9138171919
0.9150504735 0.4025419363 -0.0253499615 -0.3774962840 0.8325920661 -0.4053233363 -0.1420534638 0.3804608271 0.9138218494
0.9551922883 0.2948980737 -0.0253538640 -0.2794811179 0.8704091046 -0.4053125898 -0.0974576680 0.3942373864 0.9138265077
0.9827188196 0.1833594980 -0.0253577610 -0.1777738745 0.8967312121 -0.4053018416 -0.0515768465 0.4028056948 0.9138311667
0.9972665255 0.0693993056 -0.0253616526 -0.0737177429 0.9112106372 -0.4052910917 -0.0050171128 0.4060528426 0.9138358264
0.9986432763 -0.0454774244 -0.0253655387 0.0313130520 0.9136560286 -0.4052803402 0.0416064834 0.4039362143 0.9138404868
0.9868308918 -0.1597535090 -0.0253694195 0.1359313990 0.9040349642 -0.4052695871 0.0876780809 0.3964840473 0.9138451479
0.9619853813 -0.2719196979 -0.0253732948 0.2387556191 0.8824743811 -0.4052588323 0.1325891419 0.3837950556 0.9138498098
0.9244348835 -0.3804946066 -0.0253771647 0.3384277136 0.8492589003 -0.4052480758 0.1757464902 0.3660371219 0.9138544723
0.8746753323 -0.4840442814 -0.0253810292 0.4336312991 0.8048270701 -0.4052373177 0.2165801457 0.3434450769 0.9138591356
0.8133639072 -0.5812011372 -0.0253848883 0.5231089928 0.7497655756 -0.4052265580 0.2545508517 0.3163175932 0.9138637995
0.7413103537 -0.6706820195 -0.0253887419 0.6056790196 0.6848014919 -0.4052157967 0.2891571972 0.2850132372 0.9138684642
0.6594662890 -0.7513051511 -0.0253925901 0.6802508202 0.6107926835 -0.4052050337 0.3199422373 0.2499457296 0.9138731296
0.5689126340 -0.8220057397 -0.0253964329 0.7458394548 0.5287164759 -0.4051942691 0.3464995274 0.2115784772 0.9138777957
0.4708453373 -0.8818500409 -0.0254002703 0.8015786122 0.4396567496 -0.4051835028 0.3684784888 0.1704184496 0.9138824625
0.3665595804 -0.9300476900 -0.0254041022 0.8467320524 0.3447896262 -0.4051727349 0.3855890371 0.1270094801 0.9138871300
0.2574326720 -0.9659621403 -0.0254079288 0.8807033309 0.2453679375 -0.4051619654 0.3976054104 0.0819250799 0.9138917983
0.1449058579 -0.9891190703 -0.0254117498 0.9030436779 0.1427046792 -0.4051511943 0.4043691483 0.0357608614 0.9138964672
0.0304652864 -0.9992126477 -0.0254155655 0.9134579265 0.0381556722 -0.4051404216 0.4057911813 -0.0108733308 0.9139011368
-0.0843776195 -0.9961095686 -0.0254193757 0.9118084122 -0.0668983440 -0.4051296472 0.4018530040 -0.0573614758 0.9139058071
-0.1981061234 -0.9798508181 -0.0254231805 0.8981167930 -0.1710699454 -0.4051188712 0.3926069153 -0.1030895144 0.9139104781
-0.3092182070 -0.9506511290 -0.0254269799 0.8725637652 -0.2729833477 -0.4051080937 0.3781753245 -0.1474534597 0.9139151499
-0.4162464079 -0.9088961457 -0.0254307738 0.8354866782 -0.3712925752 -0.4050973145 0.3587491302 -0.1898673747 0.9139198223
-0.5177771996 -0.8551373308 -0.0254345623 0.7873750812 -0.4646992379 -0.4050865336 0.3345851954 -0.2297711116 0.9139244954
-0.6124696608 -0.7900846823 -0.0254383454 0.7288642594 -0.5519696795 -0.4050757512 0.3060029509 -0.2666377087 0.9139291692
-0.6990731844 -0.7145973560 -0.0254421230 0.6607268453 -0.6319512705 -0.4050649672 0.2733801726 -0.2999803502 0.9139338437
-0.7764439947 -0.6296723192 -0.0254458952 0.5838626162 -0.7035876316 -0.4050541816 0.2371479888 -0.3293587937 0.9139385189
-0.8435602531 -0.5364311831 -0.0254496619 0.4992866124 -0.7659325867 -0.4050433944 0.1977851818 -0.3543851838 0.9139431948
-0.8995355536 -0.4361053898 -0.0254534233 0.4081157330 -0.8181626592 -0.4050326056 0.1558118619 -0.3747291716 0.9139478714
-0.9436306297 -0.3300199489 -0.0254571791 0.3115539861 -0.8595879495 -0.4050218151 0.1117825943 -0.3901222761 0.9139525487
-0.9752631177 -0.2195759375 -0.0254609296 0.2108765889 -0.8896612475 -0.4050110231 0.0662790727 -0.4003614271 0.9139572267
-0.9940152480 -0.1062319961 -0.0254646746 0.1074131267 -0.9079852610 -0.4050002295 0.0199024336 -0.4053116440 0.9139619053
-0.9996393629 0.0085149351 -0.0254684141 0.0025299938 -0.9143178644 -0.4049894344 -0.0267346848 -0.4049078151 0.9139665847
-0.9920611867 0.1231493872 -0.0254721483 -0.1023876517 -0.9085752979 -0.4049786376 -0.0730162357 -0.3991555544 0.9139712647
-0.9713808074 0.2361573769 -0.0254758769 -0.2059541811 -0.8908332754 -0.4049678393 -0.1183309015 -0.3881311233 0.9139759455
-0.9378713545 0.3460464021 -0.0254796002 -0.3068017951 -0.8613259864 -0.4049570393 -0.1620801682 -0.3719804199 0.9139806269
-0.8919753914 0.4513651533 -0.0254833180 -0.4035985883 -0.8204430047 -0.4049462378 -0.2036862306 -0.3509170478 0.9139853090
-0.8342990710 0.5507226810 -0.0254870303 -0.4950661396 -0.7687241450 -0.4049354347 -0.2425996238 -0.3252194913 0.9139899917
-0.7656041297 0.6428067663 -0.0254907372 -0.5799963967 -0.7068523352 -0.4049246301 -0.2783064792 -0.2952274333 0.9139946752
-0.6867978273 0.7264012513 -0.0254944387 -0.6572676315 -0.6356445987 -0.4049138238 -0.3103353105 -0.2613372652 0.9139993593
-0.5989209648 0.8004021009 -0.0254981347 -0.7258592554 -0.5560412656 -0.4049030160 -0.3382632398 -0.2239968480 0.9140040442
-0.5031341380 0.8638319837 -0.0255018252 -0.7848652991 -0.4690935549 -0.4048922067 -0.3617215799 -0.1836995937 0.9140087297
-0.4007024104 0.9158531800 -0.0255055103 -0.8335063790 -0.3759496929 -0.4048813957 -0.3804007026 -0.1409779456 0.9140134158
-0.2929786042 0.9557786453 -0.0255091900 -0.8711399913 -0.2778397494 -0.4048705832 -0.3940541245 -0.0963963428 0.9140181027
-0.1813854344 0.9830810841 -0.0255128642 -0.8972689994 -0.1760593936 -0.4048597692 -0.4025017602 -0.0505437630 0.9140227902
-0.0673967187 0.9973999142 -0.0255165330 -0.9115482005 -0.0719527827 -0.4048489536 -0.4056322971 -0.0040259413 0.9140274784
0.0474820876 0.9985460285 -0.0255201963 -0.9137888869 0.0331051893 -0.4048381364 -0.4034046623 0.0425426316 0.9140321673
0.1617337739 0.9865042926 -0.0255238541 -0.9039613392 0.1377270494 -0.4048273177 -0.3958485615 0.0885468272 0.9140368569
0.2738494123 0.9614337449 -0.0255275065 -0.8821952210 0.2405310697 -0.4048164974 -0.3830640826 0.1333790042 0.9140415471
0.3823482862 0.9236654959 -0.0255311535 -0.8487778680 0.3401595153 -0.4048056756 -0.3652203703 0.1764470343 0.9140462380
0.4857974459 0.8736983552 -0.0255347950 -0.8041504947 0.4352965765 -0.4047948522 -0.3425533877 0.2171821233 0.9140509296
0.5828306339 0.8121922437 -0.0255384310 -0.7489023693 0.5246857464 -0.4047840273 -0.3153627966 0.2550463227 0.9140556218
0.6721663290 0.7399594782 -0.0255420616 -0.6837630327 0.6071464165 -0.4047732009 -0.2840079953 0.2895396340 0.9140603147
0.7526246714 0.6579540424 -0.0255456867 -0.6095926650 0.6815894691 -0.4047623729 -0.2489033684 0.3202066111 0.9140650083
0.8231430454 0.5672589882 -0.0255493064 -0.5273707269 0.7470316624 -0.4047515433 -0.2105128101 0.3466423743 0.9140697025
0.8827901129 0.4690721317 -0.0255529206 -0.4381830252 0.8026086171 -0.4047407123 -0.1693435945 0.3684979551 0.9140743974
0.9307781141 0.3646902332 -0.0255565293 -0.3432073739 0.8475862334 -0.4047298797 -0.1259396718 0.3854849034 0.9140790930
0.9664732710 0.2554918710 -0.0255601326 -0.2436980399 0.8813703872 -0.4047190456 -0.0808744822 0.3973790940 0.9140837893
0.9894041581 0.1429192344 -0.0255637305 -0.1409691792 0.9035147787 -0.4047082099 -0.0347433793 0.4040236838 0.9140884862
0.9992679285 0.0284590768 -0.0255673228 -0.0363774813 0.9137268275 -0.4046973727 0.0118442351 0.4053311801 0.9140931837
0.9959343132 -0.0863769202 -0.0255709097 0.0686957477 0.9118715389 -0.4046865340 0.0582729612 0.4012845926 0.9140978819
0.9794473419 -0.2000721115 -0.0255744912 0.1728628274 0.8979732879 -0.4046756938 0.1039295305 0.3919376538 0.9141025808
0.9500247614 -0.3111249191 -0.0255780671 0.2747480303 0.8722154994 -0.4046648521 0.1482109060 0.3774141060 0.9141072803
0.9080551595 -0.4180686632 -0.0255816377 0.3730057505 0.8349382272 -0.4046540088 0.1905322477 0.3579060626 0.9141119805
0.8540928333 -0.5194909330 -0.0255852027 0.4663382756 0.7866336648 -0.4046431640 0.2303346366 0.3336714672 0.9141166814
0.7888504683 -0.6140522403 -0.0255887623 0.5535129255 0.7279396464 -0.4046323178 0.2670924558 0.3050306827 0.9141213829
0.7131897259 -0.7005037103 -0.0255923164 0.6333783332 0.6596312250 -0.4046214700 0.3003203320 0.2723622566 0.9141260851
0.6281098634 -0.7777035754 -0.0255958650 0.7048796517 0.5826104378 -0.4046106207 0.3295795445 0.2360979172 0.9141307879
0.5347345366 -0.8446322547 -0.0255994082 0.7670724857 0.4978943943 -0.4045997699 0.3544838177 0.1967168687 0.9141354913
0.4342969598 -0.9004058195 -0.0256029459 0.8191353659 0.4066018447 -0.4045889176 0.3747044209 0.1547394584 0.9141401955
0.3281236187 -0.9442876676 -0.0256064782 0.8603805987 0.3099384064 -0.4045780638 0.3899745072 0.1107203013 0.9141449002
0.2176167511 -0.9756982511 -0.0256100049 0.8902633504 0.2091806416 -0.4045672085 0.4000926350 0.0652409527 0.9141496056
0.1042358278 -0.9942227313 -0.0256135262 0.9083888440 0.1056591994 -0.4045563517 0.4049254256 0.0189022247 0.9141543117
-0.0105217230 -0.9996164567 -0.0256170420 0.9145175747 0.0007412426 -0.4045454934 0.4044093211 -0.0276837508 0.9141590184
-0.1251402921 -0.9918081945 -0.0256205524 0.9085684743 -0.1041876081 -0.4045346336 0.3985514205 -0.0739016084 0.9141637258
-0.2381061061 -0.9709010711 -0.0256240573 0.8906199842 -0.2077415734 -0.4045237723 0.3874293819 -0.1191408777 0.9141684338
-0.3479272201 -0.9371712106 -0.0256275567 0.8609090205 -0.3085530173 -0.4045129096 0.3711903932 -0.1628040468 0.9141731424
-0.4531532213 -0.8910640871 -0.0256310506 0.8198278470 -0.4052905090 -0.4045020453 0.3500492242 -0.2043144539 0.9141778517
-0.5523943854 -0.8331886421 -0.0256345390 0.7679188964 -0.4966764079 -0.4044911796 0.3242853859 -0.2431239035 0.9141825616
-0.6443400304 -0.7643092418 -0.0256380220 0.7058676080 -0.5815037376 -0.4044803124 0.2942394353 -0.2787199061 0.9141872722
-0.7277758265 -0.6853355819 -0.0256414995 0.6344933766 -0.6586521268 -0.4044694438 0.2603084734 -0.3106324453 0.9141919834
-0.8015998346 -0.5973106735 -0.0256449715 0.5547387327 -0.7271026067 -0.4044585736 0.2229408974 -0.3384401847 0.9141966953
-0.8648370587 -0.5013970677 -0.0256484380 0.4676568952 -0.7859510702 -0.4044477020 0.1826304745 -0.3617760299 0.9142014078
-0.9166523236 -0.3988615019 -0.0256518991 0.3743978639 -0.8344202125 -0.4044368289 0.1399098179 -0.3803319752 0.9142061209
-0.9563613044 -0.2910581698 -0.0256553547 0.2761932316 -0.8718697989 -0.4044259543 0.0953433492 -0.3938631685 0.9142108347
-0.9834395647 -0.1794108365 -0.0256588048 0.1743399204 -0.8978051217 -0.4044150783 0.0495198412 -0.4021911426 0.9142155491
-0.9975294829 -0.0653940349 -0.0256622494 0.0701830536 -0.9118835350 -0.4044042008 0.0030446397 -0.4052061683 0.9142202641
-0.9984449748 0.0494864090 -0.0256656885 -0.0349018086 -0.9139189816 -0.4043933219 -0.0434683332 -0.4028687011 0.9142249798
-0.9861739521 0.1637132629 -0.0256691222 -0.1395268354 -0.9038844524 -0.4043824415 -0.0894046894 -0.3952098991 0.9142296961
-0.9608784809 0.2757779270 -0.0256725503 -0.2423102540 -0.8819123440 -0.4043715596 -0.1341576895 -0.3823312078 0.9142344130
-0.9228926424 0.3842003580 -0.0256759730 -0.3418945992 -0.8482927127 -0.4043606763 -0.1771362574 -0.3644030165 0.9142391306
-0.8727181196 0.4875486158 -0.0256793902 -0.4369646407 -0.8034694449 -0.4043497915 -0.2177727865 -0.3416624042 0.9142438488
-0.8110175722 0.5844577755 -0.0256828019 -0.5262647542 -0.7480343963 -0.4043389053 -0.2555306364 -0.3144100039 0.9142485676
-0.7386058845 0.6736479541 -0.0256862081 -0.6086155046 -0.6827195776 -0.4043280177 -0.2899112190 -0.2830060286 0.9142532870
-0.6564394035 0.7539412136 -0.0256896088 -0.6829292234 -0.6083874878 -0.4043171286 -0.3204605832 -0.2478655101 0.9142580071
-0.5656033076 0.8242771184 -0.0256930041 -0.7482243747 -0.5260197248 -0.4043062380 -0.3467754078 -0.2094528136 0.9142627278
-0.4672972756 0.8837267403 -0.0256963938 -0.8036385190 -0.4367040232 -0.4042953461 -0.3685083269 -0.1682755018 0.9142674491
-0.3628196414 0.9315049271 -0.0256997781 -0.8484397047 -0.3416198893 -0.4042844526 -0.3853725149 -0.1248776280 0.9142721711
-0.2535502477 0.9669806718 -0.0257031569 -0.8820361363 -0.2420230252 -0.4042735578 -0.3971454723 -0.0798325475 0.9142768936
-0.1409322218 0.9896854466 -0.0257065301 -0.9039839916 -0.1392287450 -0.4042626615 -0.4036719606 -0.0337353434 0.9142816168
-0.0264529164 0.9993193906 -0.0257098979 -0.9139932849 -0.0345946050 -0.4042517638 -0.4048660500 0.0128050359 0.9142863406
0.0883757341 0.9957552701 -0.0257132602 -0.9119316982 0.0704975257 -0.4042408646 -0.4007122501 0.0591738202 0.9142910650
0.2020371818 0.9790401589 -0.0257166170 -0.8978263308 0.1746597143 -0.4042299641 -0.3912657113 0.1047585386 0.9142957901
0.3130302943 0.9493948167 -0.0257199683 -0.8718633427 0.2765162951 -0.4042190621 -0.3766514920 0.1489571095 0.9143005157
0.4198891804 0.9072107734 -0.0257233141 -0.8343854979 0.3747220375 -0.4042081586 -0.3570629035 0.1911857927 0.9143052420
0.5212025499 0.8530451578 -0.0257266544 -0.7858876391 0.4679799126 -0.4041972538 -0.3327589527 0.2308868991 0.9143099689
0.6156323530 0.7876133401 -0.0257299893 -0.7270101544 0.5550582238 -0.4041863476 -0.3040609171 0.2675361557 0.9143146964
0.7019314516 0.7117794838 -0.0257333186 -0.6585305207 0.6348068739 -0.4041754399 -0.2713480985 0.3006496289 0.9143194245
0.7789600905 0.6265451321 -0.0257366424 -0.5813530377 0.7061725551 -0.4041645308 -0.2350528089 0.3297901148 0.9143241533
0.8457009501 0.5330359813 -0.0257399607 -0.4964968860 0.7682126616 -0.4041536203 -0.1956546579 0.3545729111 0.9143288826
0.9012725823 0.4324870128 -0.0257432735 -0.4050826682 0.8201077387 -0.4041427085 -0.1536742149 0.3746708964 0.9143336126
0.9449410515 0.3262261833 -0.0257465809 -0.3083176104 0.8611723075 -0.4041317952 -0.1096661306 0.3898188478 0.9143383431
0.9761296282 0.2156568860 -0.0257498827 -0.2074796195 0.8908639186 -0.4041208805 -0.0642118093 0.3998169407 0.9143430743
0.9944264053 0.1022394159 -0.0257531790 -0.1039004063 0.9087903181 -0.4041099644 -0.0179117270 0.4045333850 0.9143478061
0.9995897386 -0.0125283160 -0.0257564698 0.0010521007 0.9147146295 -0.4040990469 0.0286225003 0.4039061623 0.9143525385
0.9915514380 -0.1271305663 -0.0257597551 0.1059918218 0.9085584838 -0.4040881280 0.0747761966 0.3979438410 0.9143572714
0.9704176679 -0.2400537772 -0.0257630350 0.2095328315 0.8904030563 -0.4040772077 0.1199397451 0.3867254599 0.9143620050
0.9364675453 -0.3498065664 -0.0257663093 0.3103076619 0.8604879961 -0.4040662860 0.1635166399 0.3703994798 0.9143667392
0.8901494535 -0.4549394237 -0.0257695781 0.4069853633 0.8192082627 -0.4040553630 0.2049313652 0.3491818195 0.9143714740
0.8320751200 -0.5540638548 -0.0257728414 0.4982890818 0.7671089118 -0.4040444385 0.2436369954 0.3233529992 0.9143762094
0.7630115375 -0.6458707195 -0.0257760992 0.5830129238 0.7048778982 -0.4040335127 0.2791224181 0.2932544328 0.9143809454
0.6838708341 -0.7291475209 -0.0257793514 0.6600378821 0.6333369914 -0.4040225855 0.3109190835 0.2592839140 0.9143856820
0.5956982268 -0.8027944196 -0.0257825982 0.7283466159 0.5534309245 -0.4040116569 0.3386071908 0.2218903595 0.9143904192
0.4996582173 -0.8658387589 -0.0257858395 0.7870368877 0.4662149182 -0.4040007269 0.3618212310 0.1815678762 0.9143951570
0.3970192122 -0.9174479106 -0.0257890752 0.8353334802 0.3728407460 -0.4039897956 0.3802548120 0.1388492324 0.9143998954
0.2891367712 -0.9569402722 -0.0257923055 0.8725984357 0.2745415238 -0.4039788629 0.3936647019 0.0942988186 0.9144046343
0.1774357041 -0.9837942679 -0.0257955302 0.8983394835 0.1726154250 -0.4039679288 0.4018740392 0.0485051906 0.9144093739
0.0633912532 -0.9976552378 -0.0257987494 0.9122165421 0.0684085368 -0.4039569934 0.4047746650 0.0020732941 0.9144141141
-0.0514903902 -0.9983401216 -0.0258019632 0.9140462129 -0.0367029173 -0.4039460566 0.4023285479 -0.0443835268 0.9144188548
-0.1656919782 -0.9858398762 -0.0258051714 0.9038042037 -0.1413307524 -0.4039351184 0.3945682828 -0.0902516312 0.9144235962
-0.2777052449 -0.9603195951 -0.0258083740 0.8816256512 -0.2440931563 -0.4039241789 0.3815966564 -0.1349251876 0.9144283381
-0.3860508255 -0.9221163283 -0.0258115712 0.8478033380 -0.3436329382 -0.4039132380 0.3635852859 -0.1778141752 0.9144330807
-0.4892977952 -0.8717346303 -0.0258147629 0.8027838279 -0.4386354537 -0.4039022957 0.3407723482 -0.2183521769 0.9144378238
-0.5860825669 -0.8098398967 -0.0258179490 0.7471615690 -0.5278459676 -0.4038913521 0.3134594306 -0.2560038597 0.9144425675
-0.6751269001 -0.7372495765 -0.0258211296 0.6816710454 -0.6100862256 -0.4038804072 0.2820075436 -0.2902720437 0.9144473118
-0.7552547832 -0.6549223754 -0.0258243048 0.6071770778 -0.6842700159 -0.4038694609 0.2468323492 -0.3207042680 0.9144520566
-0.8254079646 -0.5639455946 -0.0258274743 0.5246634039 -0.7494175164 -0.4038585132 0.2083986677 -0.3468987640 0.9144568021
-0.8846599293 -0.4655207704 -0.0258306384 0.4352196868 -0.8046682354 -0.4038475642 0.1672143350 -0.3685097600 0.9144615481
-0.9322281354 -0.3609478058 -0.0258337970 0.3400271257 -0.8492923778 -0.4038366139 0.1238234928 -0.3852520453 0.9144662947
-0.9674843491 -0.2516078023 -0.0258369500 0.2403428569 -0.8827004847 -0.4038256622 0.0787993991 -0.3969047344 0.9144710419
-0.9899629420 -0.1389448196 -0.0258400975 0.1374833514 -0.9044512196 -0.4038147092 0.0327368542 -0.4033141808 0.9144757897
-0.9993670401 -0.0244468039 -0.0258432395 0.0328070291 -0.9142571992 -0.4038037549 -0.0137556566 -0.4043960032 0.9144805381
-0.9955724451 0.0903740633 -0.0258463760 -0.0723036806 -0.9119887900 -0.4037927992 -0.0600640012 -0.4001361963 0.9144852870
-0.9786292748 0.2040013369 -0.0258495069 -0.1764605972 -0.8976758221 -0.4037818422 -0.1055765130 -0.3905913120 0.9144900365
-0.9487613005 0.3149343361 -0.0258526324 -0.2782881217 -0.8715071971 -0.4037708839 -0.1496920704 -0.3758877084 0.9144947866
-0.9063629922 0.4217079634 -0.0258557523 -0.3764414045 -0.8338283952 -0.4037599242 -0.1918280358 -0.3562198774 0.9144995373
-0.8519943086 0.5229120548 -0.0258588667 -0.4696241068 -0.7851369135 -0.4037489633 -0.2314279508 -0.3318478717 0.9145042885
-0.7863733016 0.6172100038 -0.0258619755 -0.5566055221 -0.7260756981 -0.4037380010 -0.2679688850 -0.3030938664 0.9145090403
-0.7103666329 0.7033564136 -0.0258650788 -0.6362368303 -0.6574246535 -0.4037270374 -0.3009683416 -0.2703379004 0.9145137927
-0.6249781282 0.7802135456 -0.0258681767 -0.7074662712 -0.5800903447 -0.4037160724 -0.3299906278 -0.2340128528 0.9145185456
-0.5313355193 0.8467663452 -0.0258712689 -0.7693530357 -0.4950940251 -0.4037051062 -0.3546526080 -0.1945987230 0.9145232991
-0.4306755502 0.9021358479 -0.0258743557 -0.8210796927 -0.4035581503 -0.4036941386 -0.3746287612 -0.1526162873 0.9145280532
-0.3243276434 0.9455907878 -0.0258774369 -0.8619629854 -0.3066915554 -0.4036831698 -0.3896554779 -0.1086202184 0.9145328079
