1994
49133
0.5509110021 0.8341753855 0.0254655450 -0.7572762327 0.5124836081 -0.4048373239 -0.3507560051 0.2037448839 0.9140340514
0.6429797739 0.7654597983 0.0254618824 -0.6934743545 0.5959792800 -0.4048481412 -0.3250697309 0.2426520038 0.9140293623
0.7265566936 0.6866347284 0.0254582144 -0.6205146423 0.6716031594 -0.4048589570 -0.2950880372 0.2783557903 0.9140246738
0.8005379546 0.5987412209 0.0254545410 -0.5393607490 0.7383565879 -0.4048697712 -0.2612067492 0.3103844381 0.9140199860
0.8639464804 0.5029400885 0.0254508621 -0.4510845354 0.7953580670 -0.4048805838 -0.2238732252 0.3383146650 0.9140152988
0.9159448292 0.4004965805 0.0254471778 -0.3568519133 0.8418548986 -0.4048913949 -0.1835804504 0.3617773054 0.9140106124
0.9558462538 0.2927636726 0.0254434880 -0.2579074467 0.8772331240 -0.4049022044 -0.1408605269 0.3804621902 0.9140059266
0.9831237715 0.1811641984 0.0254397928 -0.1555579140 0.9010256311 -0.4049130123 -0.0962776467 0.3941222467 0.9140012415
0.9974171243 0.0671720575 0.0254360921 -0.0511550496 0.9129183216 -0.4049238187 -0.0504206406 0.4025767663 0.9139965570
0.9985375366 -0.0477072501 0.0254323860 0.0539223087 0.9127542579 -0.4049346235 -0.0038952013 0.4057137944 0.9139918733
0.9864702085 -0.1619565071 0.0254286745 0.1582864298 0.9005357336 -0.4049454267 0.0426841169 0.4034916136 0.9139871902
0.9613745114 -0.2740668173 0.0254249575 0.2605590168 0.8764242419 -0.4049562284 0.0887020156 0.3959392981 0.9139825078
0.9235818830 -0.3825575331 0.0254212350 0.3593894097 0.8407383410 -0.4049670285 0.1335505804 0.3831563334 0.9139778261
0.8735914503 -0.4859958110 0.0254175071 0.4534724226 0.7939494452 -0.4049778270 0.1766373118 0.3653113057 0.9139731451
0.8120634373 -0.5830155349 0.0254137738 0.5415655807 0.7366755978 -0.4049886239 0.2173929522 0.3426396791 0.9139684648
0.7398104456 -0.6723353589 0.0254100350 0.6225055284 0.6696733066 -0.4049994192 0.2552790077 0.3154406880 0.9139637852
0.6577867224 -0.7527756294 0.0254062908 0.6952233925 0.5938275523 -0.4050102129 0.2897948625 0.2840733882 0.9139591062
0.5670755578 -0.8232739657 0.0254025411 0.7587588977 0.5101400990 -0.4050210051 0.3204843942 0.2489519165 0.9139544279
0.4688749774 -0.8828992906 0.0253987860 0.8122730472 0.4197162628 -0.4050317956 0.3469420015 0.2105400233 0.9139497504
0.3644819202 -0.9308641268 0.0253950255 0.8550592021 0.3237503137 -0.4050425846 0.3688179644 0.1693449492 0.9139450735
0.2552751100 -0.9665349979 0.0253912595 0.8865524119 0.2235097018 -0.4050533720 0.3858230672 0.1259107264 0.9139403973
0.1426968462 -0.9894407944 0.0253874881 0.9063368747 0.1203183180 -0.4050641577 0.3977324221 0.0808109944 0.9139357218
0.0282339555 -0.9992789956 0.0253837113 0.9141514265 0.0155390091 -0.4050749419 0.4043884433 0.0346414238 0.9139310470
-0.0866018446 -0.9959196653 0.0253799290 0.9098929889 -0.0894444213 -0.4050857245 0.4057029322 -0.0119881515 0.9139263729
-0.2002939115 -0.9794071679 0.0253761413 0.8936179287 -0.1932454884 -0.4050965054 0.4016582459 -0.0584617888 0.9139216995
-0.3113407076 -0.9499595822 0.0253723481 0.8655413117 -0.2944933371 -0.4051072848 0.3923075344 -0.1041655732 0.9139170268
-0.4182756310 -0.9079658216 0.0253685495 0.8260340608 -0.3918508464 -0.4051180625 0.3777740421 -0.1484957272 0.9139123547
-0.5196863856 -0.8539804976 0.0253647455 0.7756180559 -0.4840322877 -0.4051288386 0.3582494830 -0.1908665872 0.9139076834
-0.6142336327 -0.7887165951 0.0253609361 0.7149592394 -0.5698203049 -0.4051396131 0.3339915125 -0.2307183408 0.9139030128
-0.7006686803 -0.7130360557 0.0253571212 0.6448588205 -0.6480819904 -0.4051503860 0.3053203268 -0.2675244230 0.9138983429
-0.7778499744 -0.6279383947 0.0253533009 0.5662426921 -0.7177838465 -0.4051611573 0.2726144365 -0.3007984745 0.9138936737
-0.8447581754 -0.5345474995 0.0253494752 0.4801492014 -0.7780054332 -0.4051719269 0.2363056698 -0.3301007674 0.9138890051
-0.9005096209 -0.4340967875 0.0253456440 0.3877154357 -0.8279515231 -0.4051826950 0.1968734708 -0.3550440176 0.9138843373
-0.9443679965 -0.3279129153 0.0253418074 0.2901622045 -0.8669626024 -0.4051934614 0.1548385685 -0.3752985026 0.9138796702
-0.9757540596 -0.2173982581 0.0253379654 0.1887779154 -0.8945235792 -0.4052042261 0.1107561005 -0.3905964203 0.9138750038
-0.9942532904 -0.1040123883 0.0253341180 0.0849015578 -0.9102705850 -0.4052149893 0.0652082812 -0.4007354303 0.9138703381
-0.9996213660 0.0107472011 0.0253302651 -0.0200949808 -0.9139957783 -0.4052257508 0.0187967127 -0.4055813297 0.9138656732
-0.9917873872 0.1253648742 0.0253264068 -0.1248250337 -0.9056500877 -0.4052365106 -0.0278655616 -0.4050698297 0.9138610089
-0.9708548153 0.2383268688 0.0253225431 -0.2279054682 -0.8853438590 -0.4052472689 -0.0741621547 -0.3992074084 0.9138563453
-0.9371001053 0.3481412894 0.0253186740 -0.3279749520 -0.8533453953 -0.4052580255 -0.1194814777 -0.3880712292 0.9138516825
-0.8909690550 0.4533578101 0.0253147994 -0.4237119320 -0.8100774125 -0.4052687804 -0.1632248196 -0.3718081249 0.9138470203
-0.8330709173 0.5525868295 0.0253109195 -0.5138520868 -0.7561114550 -0.4052795337 -0.2048142564 -0.3506326617 0.9138423589
-0.7641703538 0.6445178232 0.0253070341 -0.5972050238 -0.6921603457 -0.4052902854 -0.2437002870 -0.3248243086 0.9138376982
-0.6851773359 0.7279366520 0.0253031433 -0.6726699995 -0.6190687704 -0.4053010354 -0.2793690929 -0.2947237490 0.9138330382
-0.5971351268 0.8017415970 0.0252992470 -0.7392504557 -0.5378021214 -0.4053117837 -0.3113493280 -0.2607283833 0.9138283789
-0.5012065031 0.8649579104 0.0252953454 -0.7960671795 -0.4494337461 -0.4053225304 -0.3392183471 -0.2232870823 0.9138237203
-0.3986583979 0.9167506886 0.0252914383 -0.8423699137 -0.3551307708 -0.4053332754 -0.3626077914 -0.1828942609 0.9138190625
-0.2908451684 0.9564358991 0.0252875258 -0.8775472637 -0.2561386859 -0.4053440188 -0.3812084574 -0.1400833485 0.9138144054
-0.1791907090 0.9834894148 0.0252836080 -0.9011347706 -0.1537648960 -0.4053547605 -0.3947743849 -0.0954197452 0.9138097489
-0.0651696455 0.9975539358 0.0252796846 -0.9128210437 -0.0493614531 -0.4053655006 -0.4031261086 -0.0494933541 0.9138050933
0.0497121399 0.9984437086 0.0252757559 -0.9124518710 0.0556928001 -0.4053762390 -0.4061530331 -0.0029107905 0.9138004383
0.1639373971 0.9861469793 0.0252718218 -0.9000322543 0.1600104405 -0.4053869757 -0.4038148969 0.0437126309 0.9137957840
0.2759975468 0.9608261488 0.0252678823 -0.8757263418 0.2622137875 -0.4053977108 -0.3961423083 0.0897610236 0.9137911305
0.3844126037 0.9228156282 0.0252639373 -0.8398552580 0.3609530981 -0.4054084441 -0.3832363445 0.1346260650 0.9137864777
0.4877507235 0.8726174218 0.0252599869 -0.7928928614 0.4549243918 -0.4054191759 -0.3652672202 0.1777150330 0.9137818257
0.5846471126 0.8108944978 0.0252560312 -0.7354594848 0.5428866711 -0.4054299059 -0.3424720426 0.2184586361 0.9137771743
0.6738220537 0.7384620321 0.0252520700 -0.6683137411 0.6236783109 -0.4054406342 -0.3151516830 0.2563185355 0.9137725237
0.7540978069 0.6562766420 0.0252481034 -0.5923425033 0.6962323985 -0.4054513609 -0.2836668052 0.2907944573 0.9137678738
0.8244141640 0.5654237527 0.0252441314 -0.5085491901 0.7595908229 -0.4054620859 -0.2484331047 0.3214308039 0.9137632247
0.8838424507 0.4671032616 0.0252401540 -0.4180405134 0.8129169270 -0.4054728092 -0.2099158201 0.3478226744 0.9137585762
0.9315977922 0.3626136915 0.0252361712 -0.3220118608 0.8555065562 -0.4054835308 -0.1686235899 0.3696212156 0.9137539285
0.9670494786 0.2533350407 0.0252321830 -0.2217315080 0.8867973562 -0.4054942507 -0.1251017357 0.3865382337 0.9137492816
0.9897292950 0.1407105576 0.0252281894 -0.1185238677 0.9063761984 -0.4055049689 -0.0799250607 0.3983500044 0.9137446354
0.9993377052 0.0262276793 0.0252241904 -0.0137519989 0.9139846341 -0.4055156854 -0.0336902578 0.4049002315 0.9137399899
0.9957478077 -0.0886016125 0.0252201860 0.0912003959 0.9095223068 -0.4055264003 0.0129919712 0.4061021150 0.9137353451
0.9790070117 -0.2022607612 0.0252161762 0.1949472445 0.8930482750 -0.4055371134 0.0595049826 0.4019395016 0.9137307011
0.9493364112 -0.3132486637 0.0252121610 0.2961184103 0.8647802315 -0.4055478248 0.1052343358 0.3924671016 0.9137260578
0.9071278649 -0.4200994959 0.0252081404 0.3933777876 0.8250916260 -0.4055585345 0.1495759104 0.3778097700 0.9137214153
0.8529388208 -0.5214020720 0.0252041144 0.4854409462 0.7745067316 -0.4055692425 0.1919438871 0.3581608606 0.9137167735
0.7874849542 -0.6158184820 0.0252000830 0.5710920939 0.7136937196 -0.4055799489 0.2317784875 0.3337796756 0.9137121324
0.7116307158 -0.7021017616 0.0251960462 0.6492001326 0.6434558335 -0.4055906534 0.2685533694 0.3049880435 0.9137074921
0.6263779145 -0.7791123610 0.0251920040 0.7187335955 0.5647207792 -0.4056013563 0.3017825822 0.2721660713 0.9137028525
0.5328524871 -0.8458331950 0.0251879564 0.7787742677 0.4785284723 -0.4056120575 0.3310269882 0.2357471259 0.9136982137
0.4322896275 -0.9013830756 0.0251839034 0.8285293122 0.3860173025 -0.4056227569 0.3559000657 0.1962121127 0.9136935756
0.3260174735 -0.9450283500 0.0251798451 0.8673417390 0.2884090989 -0.4056334546 0.3760730179 0.1540831247 0.9136889382
0.2154395664 -0.9761925903 0.0251757813 0.8946990801 0.1869929922 -0.4056441506 0.3912791195 0.1099165483 0.9136843017
0.1020163139 -0.9944642058 0.0251717121 0.9102401564 0.0831083895 -0.4056548449 0.4013172427 0.0642957152 0.9136796658
-0.0127542972 -0.9996018797 0.0251676376 0.9137598459 -0.0218727159 -0.4056655375 0.4060545184 0.0178231978 0.9136750307
-0.1273564853 -0.9915377557 0.0251635577 0.9052117908 -0.1265638636 -0.4056762283 0.4054280940 -0.0288871495 0.9136703964
-0.2402766926 -0.9703783344 0.0251594723 0.8847090084 -0.2295824375 -0.4056869174 0.3994459682 -0.0752182989 0.9136657628
-0.3500235754 -0.9364030668 0.0251553816 0.8525223965 -0.3295679247 -0.4056976047 0.3881868882 -0.1205581999 0.9136611299
-0.4551476995 -0.8900606634 0.0251512856 0.8090771545 -0.4251998838 -0.4057082903 0.3717993137 -0.1643078644 0.9136564978
-0.5542606837 -0.8319631684 0.0251471841 0.7549471660 -0.5152153826 -0.4057189742 0.3504994593 -0.2058892807 0.9136518665
-0.6460535360 -0.7628778764 0.0251430772 0.6908474183 -0.5984256768 -0.4057296563 0.3245684416 -0.2447530492 0.9136472359
-0.7293139414 -0.6837171983 0.0251389650 0.6176245581 -0.6737319084 -0.4057403367 0.2943485691 -0.2803856420 0.9136426061
-0.8029422733 -0.5955266117 0.0251348473 0.5362457091 -0.7401396173 -0.4057510154 0.2602388237 -0.3123161886 0.9136379770
-0.8659661159 -0.4994708528 0.0251307243 0.4477856980 -0.7967718731 -0.4057616922 0.2226895927 -0.3401226977 0.9136333487
-0.9175531077 -0.3968185337 0.0251265959 0.3534128588 -0.8428808558 -0.4057723674 0.1821967225 -0.3634376346 0.9136287211
-0.9570219339 -0.2889253881 0.0251224622 0.2543736018 -0.8778577302 -0.4057830408 0.1392949702 -0.3819527793 0.9136240943
-0.9838513249 -0.1772163659 0.0251183230 0.1519759518 -0.9012406854 -0.4057937124 0.0945509417 -0.3954233005 0.9136194683
-0.9976869407 -0.0631668136 0.0251141785 0.0475722731 -0.9127210319 -0.4058043823 0.0485556087 -0.4036709941 0.9136148430
-0.9983460509 0.0517170102 0.0251100286 -0.0574585911 -0.9121472771 -0.4058150504 0.0019165031 -0.4065866398 0.9136102185
-0.9858199477 0.1659178286 0.0251058733 -0.1617295294 -0.8995271241 -0.4058257168 -0.0447503077 -0.4041314479 0.9136055947
-0.9602740613 0.2779273847 0.0251017126 -0.2638634807 -0.8750273682 -0.4058363814 -0.0908283585 -0.3963375754 0.9136009718
-0.9220457750 0.3862663614 0.0250975466 -0.3625116207 -0.8389716930 -0.4058470442 -0.1357089299 -0.3833077047 0.9135963495
-0.8716399692 0.4895039189 0.0250933752 -0.4563711753 -0.7918363931 -0.4058577052 -0.1787990895 -0.3652136908 0.9135917281
-0.8097223537 0.5862765918 0.0250891984 -0.5442026251 -0.7342440831 -0.4058683645 -0.2195295260 -0.3422942950 0.9135871074
-0.7371106755 0.6753062964 0.0250850163 -0.6248460745 -0.6669554728 -0.4058790220 -0.2573620703 -0.3148520341 0.9135824875
-0.6547639190 0.7554172108 0.0250808287 -0.6972365695 -0.5908593197 -0.4058896778 -0.2917968069 -0.2832491871 0.9135778683
-0.5637696405 0.8255513036 0.0250766358 -0.7604181610 -0.5069606899 -0.4059003317 -0.3223786794 -0.2479030134 0.9135732500
-0.4653296046 0.8847823077 0.0250724376 -0.8135565286 -0.4163676836 -0.4059109839 -0.3487035043 -0.2092802429 0.9135686324
-0.3607439130 0.9323279535 0.0250682339 -0.8559499977 -0.3202767995 -0.4059216343 -0.3704233128 -0.1678909135 0.9135640155
-0.2513938337 0.9675603005 0.0250640249 -0.8870388050 -0.2199571323 -0.4059322829 -0.3872509506 -0.1242816356 0.9135593995
-0.1387235583 0.9900140303 0.0250598106 -0.9064124899 -0.1167336113 -0.4059429297 -0.3989638738 -0.0790283730 0.9135547842
-0.0242211290 0.9993925927 0.0250555908 -0.9138153129 -0.0119695023 -0.4059535748 -0.4054070926 -0.0327288365 0.9135501697
0.0906012144 0.9955721215 0.0250513657 -0.9091496325 0.0929515973 -0.4059642180 -0.4064952222 0.0140054112 0.9135455559
0.2042270069 0.9786030711 0.0250471353 -0.8924771921 0.1966440313 -0.4059748595 -0.4022136139 0.0605570334 0.9135409430
0.3151555857 0.9487095499 0.0250428995 -0.8640183036 0.2977383843 -0.4059854991 -0.3926185525 0.1063110742 0.9135363308
0.4219219102 0.9062863605 0.0250386583 -0.8241489358 0.3948995675 -0.4059961370 -0.3778365167 0.1506630821 0.9135317194
0.5231159104 0.8518937859 0.0250344117 -0.7733957475 0.4868444496 -0.4060067730 -0.3580625114 0.1930270951 0.9135271088
0.6174011103 0.7862501893 0.0250301598 -0.7124291306 0.5723588026 -0.4060174073 -0.3335574956 0.2328433830 0.9135224990
0.7035322782 0.7102225269 0.0250259026 -0.6420543551 0.6503133368 -0.4060280397 -0.3046449386 0.2695858421 0.9135178899
0.7803718731 0.6248148983 0.0250216399 -0.5632009326 0.7196786142 -0.4060386703 -0.2717065497 0.3027689468 0.9135132816
0.8469050681 0.5311552849 0.0250173719 -0.4769103393 0.7795386424 -0.4060492992 -0.2351772394 0.3319541660 0.9135086741
0.9022531532 0.4304806529 0.0250130986 -0.3843222604 0.8291029710 -0.4060599262 -0.1955393765 0.3567557582 0.9135040674
0.9456851405 0.3241206163 0.0250088199 -0.2866595380 0.8677171293 -0.4060705514 -0.1533164188 0.3768458697 0.9134994615
0.9766274188 0.2134798772 0.0250045359 -0.1852120201 0.8948712684 -0.4060811748 -0.1090660000 0.3919588690 0.9134948564
0.9946713290 0.1000196731 0.0250002465 -0.0813195258 0.9102068928 -0.4060917963 -0.0633725653 0.4018948586 0.9134902521
0.9995785611 -0.0147615211 0.0249959517 0.0236458499 0.9135215933 -0.4061024161 -0.0168396522 0.4065223193 0.9134856485
0.9912843024 -0.1293477838 0.0249916516 0.1282978575 0.9047717189 -0.4061130340 0.0299180814 0.4057798510 0.9134810458
0.9698980926 -0.2422257676 0.0249873461 0.2312544000 0.8840729514 -0.4061236501 0.0762829760 0.3996769873 0.9134764438
0.9357023779 -0.3519046860 0.0249830353 0.3311557865 0.8516987756 -0.4061342644 0.1216425302 0.3882940736 0.9134718426
0.8891487801 -0.4569360026 0.0249787191 0.4266826885 0.8080768666 -0.4061448768 0.1653974914 0.3717812088 0.9134672422
0.8308521327 -0.5559325616 0.0249743976 0.5165735636 0.7537834394 -0.4061554874 0.2069697732 0.3503562665 0.9134626426
0.7615823603 -0.6475869085 0.0249700708 0.5996413151 0.6895356377 -0.4061660962 0.2458100929 0.3243020203 0.9134580439
0.6822543104 -0.7306885574 0.0249657386 0.6747889693 0.6161820614 -0.4061767031 0.2814052290 0.2939624115 0.9134534459
0.5939156709 -0.8041399781 0.0249614010 0.7410241617 0.5346915582 -0.4061873082 0.3132848027 0.2597380089 0.9134488487
0.4977331334 -0.8669710913 0.0249570581 0.7974722417 0.4461404268 -0.4061979115 0.3410274940 0.2220807203 0.9134442523
0.3949769844 -0.9183520806 0.0249527099 0.8433878223 0.3516982020 -0.4062085129 0.3642666098 0.1814878251 0.9134396567
0.2870043291 -0.9576043518 0.0249483563 0.8781646231 0.2526122076 -0.4062191124 0.3826949305 0.1384954077 0.9134350619
0.1752411673 -0.9842094951 0.0249439974 0.9013434757 0.1501910830 -0.4062297101 0.3960687719 0.0936712779 0.9134304679
0.0611635607 -0.9978161321 0.0249396331 0.9126183861 0.0457874997 -0.4062403060 0.4042112074 0.0476074714 0.9134258747
-0.0537218615 -0.9982445563 0.0249352635 0.9118405743 -0.0592197031 -0.4062509000 0.4070144083 0.0009124304 0.9134212823
-0.1678978011 -0.9854891066 0.0249308886 0.8990204377 -0.1634437292 -0.4062614922 0.4044410723 -0.0457970328 0.9134166907
-0.2798563297 -0.9597182419 0.0249265083 0.8743274117 -0.2655081395 -0.4062720825 0.3965249196 -0.0919038844 0.9134120999
-0.3881188041 -0.9212723168 0.0249221227 0.8380877309 -0.3640650308 -0.4062826709 0.3833702509 -0.1367990191 0.9134075099
-0.4912553945 -0.8706590860 0.0249177317 0.7907801186 -0.4578128362 -0.4062932575 0.3651505736 -0.1798893076 0.9134029207
-0.5879039689 -0.8085469987 0.0249133354 0.7330294631 -0.5455135141 -0.4063038422 0.3421063133 -0.2206054325 0.9133983324
-0.6767880826 -0.7357563702 0.0249089338 0.6655985634 -0.6260088981 -0.4063144250 0.3145416407 -0.2584094101 0.9133937448
-0.7567338360 -0.6532485484 0.0249045269 0.5893780538 -0.6982359910 -0.4063250060 0.2828204573 -0.2928016989 0.9133891580
-0.8266853792 -0.5621132165 0.0249001146 0.5053746405 -0.7612410033 -0.4063355851 0.2473615909 -0.3233278008 0.9133845721
-0.8857188556 -0.4635540024 0.0248956969 0.4146978047 -0.8141919473 -0.4063461623 0.2086332659 -0.3495842670 0.9133799870
-0.9330546043 -0.3588725817 0.0248912740 0.3185451498 -0.8563896247 -0.4063567377 0.1671469203 -0.3712240305 0.9133754027
-0.9680674567 -0.2494514866 0.0248868457 0.2181865833 -0.8872768583 -0.4063673112 0.1234504521 -0.3879609936 0.9133708192
-0.9902949933 -0.1367358469 0.0248824121 0.1149475456 -0.9064458495 -0.4063778828 0.0781209831 -0.3995738105 0.9133662365
-0.9994436508 -0.0222143038 0.0248779732 0.0101915047 -0.9136435623 -0.4063884525 0.0317572366 -0.4059088146 0.9133616546
-0.9953925995 0.0926006503 0.0248735289 -0.0946980514 -0.9087750631 -0.4063990203 -0.0150283708 -0.4068820520 0.9133570736
-0.9781953388 0.2061926477 0.0248690793 -0.1983358857 -0.8919047733 -0.4064095863 -0.0616178181 -0.4024803938 0.9133524933
-0.9480789911 0.3170614720 0.0248646244 -0.2993533065 -0.8632556164 -0.4064201503 -0.1073956444 -0.3927617136 0.9133479139
-0.9054413019 0.4237428715 0.0248601641 -0.3964162432 -0.8232060727 -0.4064307125 -0.1517570791 -0.3778541263 0.9133433353
-0.8508453866 0.5248278978 0.0248556986 -0.4882428643 -0.7722851788 -0.4064412727 -0.1941160311 -0.3579542993 0.9133387576
-0.7850122942 0.6189815138 0.0248512277 -0.5736205056 -0.7111655395 -0.4064518311 -0.2339128329 -0.3333248582 0.9133341806
-0.7088114836 0.7049602256 0.0248467515 -0.6514216849 -0.6406544435 -0.4064623876 -0.2706216347 -0.3042909207 0.9133296045
-0.6232493411 0.7816285054 0.0248422700 -0.7206189906 -0.5616832005 -0.4064729422 -0.3037573526 -0.2712358049 0.9133250292
-0.5294558886 0.8479737888 0.0248377831 -0.7802986502 -0.4752948401 -0.4064834948 -0.3328820791 -0.2345959686 0.9133204547
-0.4286698601 0.9031198474 0.0248332909 -0.8296725961 -0.3826303362 -0.4064940456 -0.3576108700 -0.1948552466 0.9133158810
-0.3222223409 0.9463383613 0.0248287935 -0.8680888727 -0.2849135374 -0.4065045945 -0.3776168324 -0.1525384613 0.9133113082
-0.2115191884 0.9770585384 0.0248242907 -0.8950402446 -0.1834350032 -0.4065151414 -0.3926354461 -0.1082044920 0.9133067362
-0.0980224646 0.9948746528 0.0248197825 -0.9101708941 -0.0795349594 -0.4065256865 -0.4024680608 -0.0624388934 0.9133021650
0.0167688732 0.9995514030 0.0248152691 -0.9132811189 0.0254144020 -0.4065362296 -0.4069845239 -0.0158461623 0.9132975947
0.1313387693 0.9910270200 0.0248107504 -0.9043299678 0.1300270455 -0.4065467708 -0.4061249033 0.0309582475 0.9132930252
0.2441740924 0.9694140827 0.0248062263 -0.8834357795 0.2329213969 -0.4065573101 -0.3999002827 0.0773560543 0.9132884565
0.3537846193 0.9349980315 0.0248016969 -0.8508746188 0.3327385889 -0.4065678474 -0.3883926187 0.1227343167 0.9132838886
0.4587227166 0.8882333984 0.0247971623 -0.8070766284 0.4281604073 -0.4065783829 -0.3717536618 0.1664935302 0.9132793216
0.5576024596 0.8297378037 0.0247926223 -0.7526203472 0.5179266995 -0.4065889164 -0.3502029556 0.2080555479 0.9132747554
0.6491179363 0.7602837996 0.0247880770 -0.6882250674 0.6008520163 -0.4065994480 -0.3240249393 0.2468712187 0.9132701901
0.7320604949 0.6807886667 0.0247835264 -0.6147413346 0.6758412665 -0.4066099777 -0.2935651944 0.2824276434 0.9132656256
0.8053347059 0.5923022995 0.0247789705 -0.5331397129 0.7419041792 -0.4066205054 -0.2592258821 0.3142549519 0.9132610619
0.8679728305 0.4959933408 0.0247744093 -0.4444979660 0.7981683799 -0.4066310312 -0.2214604337 0.3419325126 0.9132564991
0.9191476008 0.3931337468 0.0247698427 -0.3499868226 0.8438909110 -0.4066415551 -0.1807675633 0.3650944912 0.9132519371
0.9581831459 0.2850819887 0.0247652709 -0.2508545142 0.8784680421 -0.4066520770 -0.1376846819 0.3834346864 0.9132473759
0.9845639183 0.1732651113 0.0247606938 -0.1484102889 0.9014432419 -0.4066625970 -0.0927808002 0.3967105782 0.9132428156
0.9979415027 0.0591598858 0.0247561114 -0.0440071207 0.9125132059 -0.4066731150 -0.0466490136 0.4047465343 0.9132382561
0.9981392176 -0.0557266938 0.0247515236 0.0609761597 0.9115318602 -0.4066836311 0.0001013318 0.4074361342 0.9132336975
0.9851544486 -0.1698773139 0.0247469306 0.1651530745 0.8985122894 -0.4066941452 0.0468526877 0.4047435781 0.9132291397
0.9591586834 -0.2817843803 0.0247423323 0.2671478094 0.8736265618 -0.4067046574 0.0929874612 0.3967041636 0.9132245828
0.9204952466 -0.3899699293 0.0247377286 0.3656133837 0.8372034556 -0.4067151677 0.1378961733 0.3834238233 0.9132200267
0.8696747655 -0.4930051470 0.0247331197 0.4592494389 0.7897241147 -0.4067256760 0.1809855106 0.3650777282 0.9132154714
0.8073684265 -0.5895292401 0.0247285055 0.5468194113 0.7318156936 -0.4067361823 0.2216861641 0.3419079783 0.9132109170
0.7343991104 -0.6782674075 0.0247238860 0.6271668622 0.6642430728 -0.4067466867 0.2594603507 0.3142204068 0.9132063635
0.6517305248 -0.7580476774 0.0247192612 0.6992307501 0.5878987560 -0.4067571891 0.2938089196 0.2823805438 0.9132018108
0.5604544763 -0.8278163848 0.0247146311 0.7620594417 0.5037910817 -0.4067676895 0.3242779475 0.2468087904 0.9131972590
0.4617764513 -0.8866520880 0.0247099957 0.8148232793 0.4130309059 -0.4067781880 0.3504647379 0.2079748678 0.9131927080
0.3569996944 -0.9337777378 0.0247053550 0.8568255361 0.3168169295 -0.4067886845 0.3720231429 0.1663916151 0.9131881578
0.2475079971 -0.9685709403 0.0247007090 0.8875116162 0.2164198673 -0.4067991791 0.3886681392 0.1226082162 0.9131836085
0.1347474217 -0.9905721766 0.0246960578 0.9064763776 0.1131656655 -0.4068096717 0.4001795961 0.0772029474 0.9131790601
0.0202072031 -0.9994908722 0.0246914012 0.9134694812 0.0084179893 -0.4068201622 0.4064051869 0.0307755391 0.9131745125
-0.0945999198 -0.9952092343 0.0246867394 0.9083986950 -0.0964397864 -0.4068306509 0.4072624044 -0.0160607451 0.9131699658
-0.2081576825 -0.9777838077 0.0246820722 0.8913311111 -0.2000228468 -0.4068411375 0.4027396549 -0.0626872094 0.9131654199
-0.3189663205 -0.9474447279 0.0246773998 0.8624922574 -0.3009632262 -0.4068516222 0.3928964143 -0.1084878986 0.9131608749
-0.4255623769 -0.9045926819 0.0246727221 0.8222631178 -0.3979278738 -0.4068621048 0.3778624464 -0.1528577350 0.9131563308
-0.5265380304 -0.8497936164 0.0246680392 0.7711750992 -0.4896362583 -0.4068725855 0.3578360923 -0.1952105123 0.9131517875
-0.6205596880 -0.7837712630 0.0246633509 0.7099030116 -0.5748772792 -0.4068830642 0.3330816532 -0.2349866403 0.9131472451
-0.7063855986 -0.7073975804 0.0246586574 0.6392561548 -0.6525252599 -0.4068935409 0.3039259031 -0.2716605390 0.9131427035
-0.7828822523 -0.6216812378 0.0246539585 0.5601676291 -0.7215548139 -0.4069040157 0.2707537746 -0.3047475827 0.9131381628
-0.8490393510 -0.5277542939 0.0246492544 0.4736820104 -0.7810543849 -0.4069144884 0.2340032768 -0.3338105047 0.9131336230
-0.9039831516 -0.4268572456 0.0246445451 0.3809415545 -0.8302382849 -0.4069249591 0.1941597120 -0.3584651757 0.9131290840
-0.9469880053 -0.3203226445 0.0246398304 0.2831711103 -0.8684570685 -0.4069354278 0.1517492673 -0.3783856810 0.9131245459
-0.9774859417 -0.2095574981 0.0246351105 0.1816619430 -0.8952061089 -0.4069458946 0.1073320649 -0.3933086290 0.9131200087
-0.9950741699 -0.0960246874 0.0246303853 0.0777546803 -0.9101322603 -0.4069563593 0.0614947654 -0.4030366337 0.9131154723
-0.9995203978 0.0187763536 0.0246256548 -0.0271783934 -0.9130385209 -0.4069668220 0.0148428185 -0.4074409256 0.9131109368
-0.9907659009 0.1333294411 0.0246209190 -0.1317514603 -0.9038866323 -0.4069772827 -0.0320075341 -0.4064630562 0.9131064022
-0.9689262973 0.2461216656 0.0246161780 -0.2345834713 -0.8827975834 -0.4069877414 -0.0784373983 -0.4001156738 0.9131018684
-0.9342900206 0.3556633728 0.0246114317 -0.3343163852 -0.8500500111 -0.4069981981 -0.1238334041 -0.3884823598 0.9130973355
-0.8873145114 0.4605078383 0.0246066802 -0.4296331028 -0.8060765184 -0.4070086528 -0.1675958078 -0.3717165282 0.9130928035
-0.8286201751 0.5592703737 0.0246019233 -0.5192748618 -0.7514579600 -0.4070191054 -0.2091464161 -0.3500394027 0.9130882724
-0.7589821884 0.6506466148 0.0245971612 -0.6020578595 -0.6869157695 -0.4070295561 -0.2479362248 -0.3237370974 0.9130837421
-0.6793202619 0.7334297485 0.0245923939 -0.6768888859 -0.6133024301 -0.4070400047 -0.2834526733 -0.2931568406 0.9130792128
-0.5906864930 0.8065264508 0.0245876212 -0.7427797608 -0.5315902153 -0.4070504512 -0.3152264169 -0.2587023909 0.9130746843
-0.4942514711 0.8689713270 0.0245828433 -0.7988603831 -0.4428583469 -0.4070608958 -0.3428375294 -0.2208287062 0.9130701566
-0.3912888175 0.9199396612 0.0245780602 -0.8443902203 -0.3482787409 -0.4070713383 -0.3659210532 -0.1800359363 0.9130656299
-0.2831583645 0.9587583089 0.0245732717 -0.8787680872 -0.2491005303 -0.4070817788 -0.3841718229 -0.1368628177 0.9130611040
-0.1712881964 0.9849145870 0.0245684781 -0.9015400844 -0.1466335667 -0.4070922173 -0.3973484995 -0.0918795594 0.9130565790
-0.0571557882 0.9980630449 0.0245636791 -0.9124055906 -0.0422311215 -0.4071026537 -0.4052767625 -0.0456803112 0.9130520549
0.0577315069 0.9980300270 0.0245588749 -0.9112212317 0.0627279867 -0.4071130881 -0.4078516151 0.0011246838 0.9130475317
0.1718563658 0.9848159663 0.0245540654 -0.8980027727 0.1668576021 -0.4071235205 -0.4050387757 0.0479171498 0.9130430094
0.2837115344 0.9585953784 0.0245492507 -0.8729249072 0.2687825376 -0.4071339508 -0.3968751335 0.0940789455 0.9130384879
0.3918197342 0.9197145572 0.0245444307 -0.8363189495 0.3671567367 -0.4071443791 -0.3834682654 0.1390002299 0.9130339673
0.4947531728 0.8686870010 0.0245396055 -0.7886684568 0.4606810498 -0.4071548053 -0.3649950180 0.1820875190 0.9130294476
0.5911524008 0.8061866309 0.0245347750 -0.7306028420 0.5481203911 -0.4071652295 -0.3416991751 0.2227715266 0.9130249289
0.6797442662 0.7330388902 0.0245299393 -0.6628890594 0.6283200488 -0.4071756516 -0.3138882404 0.2605146862 0.9130204110
0.7593587291 0.6502098431 0.0245250983 -0.5864214745 0.7002209346 -0.4071860717 -0.2819293790 0.2948182536 0.9130158939
0.8289443142 0.5587934155 0.0245202520 -0.5022100516 0.7628735693 -0.4071964897 -0.2462445694 0.3252288979 0.9130113778
0.8875819982 0.4599969475 0.0245154005 -0.4113670140 0.8154506213 -0.4072069057 -0.2073050322 0.3513446919 0.9130068626
0.9344973469 0.3551252483 0.0245105438 -0.3150921542 0.8572578311 -0.4072173196 -0.1656250073 0.3728204247 0.9130023482
0.9690707436 0.2455633633 0.0245056818 -0.2146569886 0.8877431791 -0.4072277314 -0.1217549632 0.3893721646 0.9129978348
0.9908455726 0.1327582818 0.0245008145 -0.1113879635 0.9065041743 -0.4072381412 -0.0762743265 0.4007810133 0.9129933222
0.9995342491 0.0181998266 0.0244959420 -0.0066489372 0.9132931682 -0.4072485489 -0.0297838295 0.4068960005 0.9129888106
0.9950220182 -0.0965990224 0.0244910643 0.0981768323 0.9080206240 -0.4072589545 0.0171024254 0.4076360820 0.9129842998
0.9773684699 -0.2101221097 0.0244861813 0.2017049555 0.8907562971 -0.4072693581 0.0637650765 0.4029912135 0.9129797900
0.9468067526 -0.3208701288 0.0244812931 0.3025681947 0.8617283127 -0.4072797596 0.1095876855 0.3930224872 0.9129752810
0.9037404935 -0.4273804233 0.0244763996 0.3994345203 0.8213201510 -0.4072901590 0.1539648803 0.3778613283 0.9129707729
0.8487384684 -0.5282463042 0.0244715009 0.4910247015 0.7700655811 -0.4073005563 0.1963103530 0.3577077618 0.9129662658
0.7825270894 -0.6221356282 0.0244665970 0.5761292008 0.7086416109 -0.4073109516 0.2360646061 0.3328277744 0.9129617595
0.7059808116 -0.7078083918 0.0244616878 0.6536241464 0.6378595436 -0.4073213448 0.2727023450 0.3035498034 0.9129572542
0.6201105836 -0.7841331075 0.0244567734 0.7224861740 0.5586542627 -0.4073317359 0.3057394191 0.2702604011 0.9129527497
0.5260504966 -0.8501017479 0.0244518537 0.7818059412 0.4720718838 -0.4073421249 0.3347392197 0.2333991316 0.9129482461
0.4250428059 -0.9048430587 0.0244469288 0.8308001353 0.3792559378 -0.4073525118 0.3593184498 0.1934527664 0.9129437435
0.3184215245 -0.9476340652 0.0244419987 0.8688218167 0.2814322678 -0.4073628967 0.3791521906 0.1509488563 0.9129392418
0.2075948047 -0.9779096211 0.0244370633 0.8953689618 0.1798928391 -0.4073732794 0.3939781966 0.1064487644 0.9129347409
0.0940263408 -0.9952698723 0.0244321228 0.9100910912 0.0759786764 -0.4073836600 0.4036003629 0.0605402521 0.9129302410
-0.0207839623 -0.9994855376 0.0244271769 0.9127938969 -0.0289378476 -0.4073940386 0.4078913196 0.0138297157 0.9129257420
-0.1353197982 -0.9905009375 0.0244222259 0.9034418069 -0.1334711363 -0.4074044150 0.4067941172 -0.0330658234 0.9129212439
-0.2480684851 -0.9684347286 0.0244172696 0.8821584528 -0.2362406686 -0.4074147894 0.4003229831 -0.0795268688 0.9129167467
-0.3575409438 -0.9335783378 0.0244123081 0.8492250364 -0.3358892306 -0.4074251616 0.3885631365 -0.1249396336 0.9129122504
-0.4622913640 -0.8863921122 0.0244073413 0.8050766134 -0.4311008397 -0.4074355317 0.3716696669 -0.1687041480 0.9129077550
-0.5609362994 -0.8274992401 0.0244023694 0.7502963469 -0.5206181235 -0.4074458998 0.3498654882 -0.2102421866 0.9129032606
-0.6521729387 -0.7576775206 0.0243973922 0.6856078040 -0.6032589251 -0.4074562657 0.3234383977 -0.2490049077 0.9128987670
-0.7347963124 -0.6778490906 0.0243924097 0.6118653984 -0.6779319141 -0.4074666295 0.2927372773 -0.2844801053 0.9128942744
-0.8077152063 -0.5890682466 0.0243874221 0.5300431057 -0.7436509987 -0.4074769912 0.2581674875 -0.3161989770 0.9128897827
-0.8699665738 -0.4925075204 0.0243824292 0.4412215987 -0.7995483474 -0.4074873507 0.2201855157 -0.3437423200 0.9128852919
-0.9207282546 -0.3894421935 0.0243774312 0.3465739749 -0.8448858490 -0.4074977082 0.1792929479 -0.3667460704 0.9128808020
-0.9593298332 -0.2812334544 0.0243724279 0.2473502624 -0.8790648587 -0.4075080635 0.1360298453 -0.3849061162 0.9128763131
-0.9852614933 -0.1693104213 0.0243674193 0.1448609113 -0.9016341034 -0.4075184167 0.0909676111 -0.3979823172 0.9128718250
-0.9981807506 -0.0551512676 0.0243624056 0.0404594857 -0.9122956393 -0.4075287678 0.0447014445 -0.4058016809 0.9128673379
-0.9979169766 0.0597363003 0.0243573866 -0.0644752120 -0.9109087854 -0.4075391167 -0.0021575216 -0.4082606509 0.9128628517
-0.9844736516 0.1738349555 0.0243523625 -0.1685573508 -0.8974919800 -0.4075494636 -0.0489902928 -0.4053264783 0.9128583664
-0.9580283192 0.2856377897 0.0243473331 -0.2704123733 -0.8722225353 -0.4075598082 -0.0951781902 -0.3970376582 0.9128538821
-0.9189302414 0.3936682156 0.0243422985 -0.3686951488 -0.8354342939 -0.4075701508 -0.1401110231 -0.3835034244 0.9128493987
-0.8676957856 0.4964994678 0.0243372587 -0.4621077370 -0.7876132189 -0.4075804912 -0.1831951503 -0.3649023100 0.9128449162
-0.8050016055 0.5927734463 0.0243322136 -0.5494165296 -0.7293909738 -0.4075908295 -0.2238613237 -0.3414797925 0.9128404346
-0.7316757040 0.6812186530 0.0243271634 -0.6294685408 -0.6615365794 -0.4076011656 -0.2615722086 -0.3135450539 0.9128359540
-0.6486864984 0.7606669849 0.0243221080 -0.7012066336 -0.5849462560 -0.4076114996 -0.2958294844 -0.2814668998 0.9128314743
-0.5571300296 0.8300691606 0.0243170473 -0.7636834800 -0.5006315861 -0.4076218314 -0.3261804295 -0.2456688903 0.9128269955
-0.4582154874 0.8885085788 0.0243119814 -0.8160740706 -0.4097061539 -0.4076321611 -0.3522239038 -0.2066237471 0.9128225177
-0.3532492406 0.9352134238 0.0243069104 -0.8576866092 -0.3133708376 -0.4076424887 -0.3736156507 -0.1648471111 0.9128180408
-0.2436175832 0.9695668590 0.0243018341 -0.8879716474 -0.2128979489 -0.4076528141 -0.3900728479 -0.1208907330 0.9128135648
-0.1307684261 0.9911151732 0.0242967526 -0.9065293394 -0.1096144298 -0.4076631373 -0.4013778463 -0.0753351860 0.9128090897
-0.0161921743 0.9995737734 0.0242916660 -0.9131147215 -0.0048843271 -0.4076734584 -0.4073810487 -0.0287821975 0.9128046156
0.0985979569 0.9948309430 0.0242865741 -0.9076409451 0.0999092215 -0.4076837773 -0.4080028893 0.0181532985 0.9128001424
0.2120859274 0.9769493177 0.0242814770 -0.8901804222 0.2033822549 -0.4076940941 -0.4032348885 0.0648512846 0.9127956702
0.3227728942 0.9461650577 0.0242763747 -0.8609638677 0.3041682654 -0.4077044086 -0.3931397681 0.1106948505 0.9127911989
0.4291970069 0.9028847296 0.0242712673 -0.8203772506 0.4009362454 -0.4077147211 -0.3778506264 0.1550783425 0.9127867285
0.5299527147 0.8476799360 0.0242661546 -0.7689566953 0.4924082652 -0.4077250313 -0.3575691836 0.1974153652 0.9127822591
0.6237093292 0.7812797673 0.0242610367 -0.7073813992 0.5773763496 -0.4077353394 -0.3325631199 0.2371465289 0.9127777906
0.7092285993 0.7045611716 0.0242559136 -0.6364646622 0.6547184299 -0.4077456453 -0.3031625433 0.2737468410 0.9127733231
0.7853810647 0.6185373737 0.0242507854 -0.5571431438 0.7234131623 -0.4077559491 -0.2697556312 0.3067326426 0.9127688565
0.8511609726 0.5243444927 0.0242456519 -0.4704644920 0.7825534145 -0.4077662506 -0.2327835056 0.3356680002 0.9127643908
0.9056995612 0.4232265379 0.0242405133 -0.3775735065 0.8313582455 -0.4077765500 -0.1927344081 0.3601704668 0.9127599261
0.9482765330 0.3165189786 0.0242353695 -0.2796970187 0.8691832171 -0.4077868472 -0.1501372528 0.3799161371 0.9127554624
0.9783295684 0.2056311068 0.0242302204 -0.1781276888 0.8955289036 -0.4077971422 -0.1055546404 0.3946439290 0.9127509996
0.9954617518 0.0920274243 0.0242250662 -0.0742069334 0.9100474861 -0.4078074351 -0.0595754285 0.4041590359 0.9127465377
0.9994468143 -0.0227916987 0.0242199068 0.0306927902 0.9125473441 -0.4078177257 -0.0128069529 0.4083355033 0.9127420768
0.9902321215 -0.1373098391 0.0242147423 0.1351861102 0.9029955850 -0.4078280142 0.0341329936 0.4071178965 0.9127376168
0.9679393690 -0.2500145487 0.0242095725 0.2378930357 0.8815184764 -0.4078383004 0.0806243232 0.4005220359 0.9127331578
0.9328629754 -0.3594173289 0.0242043975 0.3374571822 0.8483997774 -0.4078485845 0.1260528433 0.3886347918 0.9127286997
0.8854661935 -0.4640732896 0.0241992174 0.4325636841 0.8040769891 -0.4078588664 0.1698183719 0.3716129405 0.9127242426
0.8263749924 -0.5626002318 0.0241940321 0.5219565590 0.7491355753 -0.4078691460 0.2113426660 0.3496810962 0.9127197864
0.7563697903 -0.6536969024 0.0241888416 0.6044552949 0.6843012292 -0.4078794235 0.2500770617 0.3231287474 0.9127153312
0.6763751475 -0.7361601803 0.0241836459 0.6789704391 0.6104302880 -0.4078896988 0.2855097243 0.2923064359 0.9127108769
0.5874475557 -0.8089009656 0.0241784450 0.7445179857 0.5284984220 -0.4078999718 0.3171724110 0.2576211286 0.9127064236
0.4907614849 -0.8709585636 0.0241732390 0.8002323695 0.4395877486 -0.4079102427 0.3446466593 0.2195308447 0.9127019713
0.3875938720 -0.9215133731 0.0241680278 0.8453778962 0.3448725402 -0.4079205113 0.3675693172 0.1785386069 0.9126975199
0.2793072564 -0.9598977107 0.0241628114 0.8793584570 0.2456037148 -0.4079307778 0.3856373435 0.1351857989 0.9126930695
0.1673317851 -0.9856046289 0.0241575899 0.9017253992 0.1430923153 -0.4079410420 0.3986118138 0.0900450151 0.9126886200
0.0531463239 -0.9982946116 0.0241523631 0.9121834507 0.0386921943 -0.4079513040 0.4063210806 0.0437124981 0.9126841715
-0.0617410730 -0.9978000581 0.0241471312 0.9105946171 -0.0662178656 -0.4079615638 0.4086630435 -0.0031997370 0.9126797240
-0.1758130809 -0.9841274966 0.0241418942 0.8969800033 -0.1702523616 -0.4079718213 0.4056065017 -0.0500719865 0.9126752774
-0.2875631434 -0.9574574981 0.0241366519 0.8715195325 -0.2720373679 -0.4079820767 0.3971915696 -0.0962850448 0.9126708318
-0.3955153699 -0.9181422915 0.0241314045 0.8345495688 -0.3702286807 -0.4079923298 0.3835291506 -0.1412283840 0.9126663871
-0.4982440275 -0.8667011122 0.0241261519 0.7865584733 -0.4635295700 -0.4080025807 0.3647994753 -0.1843082198 0.9126619434
-0.5943923712 -0.8038133437 0.0241208942 0.7281801530 -0.5507079044 -0.4080128293 0.3412497237 -0.2249553567 0.9126575007
-0.6826905620 -0.7303095459 0.0241156313 0.6601856875 -0.6306124227 -0.4080230757 0.3131907638 -0.2626327083 0.9126530589
-0.7619724382 -0.6471604854 0.0241103632 0.5834731448 -0.7021879372 -0.4080333199 0.2809930476 -0.2968423942 0.9126486182
-0.8311909168 -0.5554643144 0.0241050900 0.4990557188 -0.7644892682 -0.4080435619 0.2450817199 -0.3271323193 0.9126441783
-0.8894318223 -0.4564320678 0.0240998116 0.4080483482 -0.8166937250 -0.4080538016 0.2059310053 -0.3531021481 0.9126397395
-0.9359259608 -0.3513716689 0.0240945280 0.3116529906 -0.8581119702 -0.4080640391 0.1640579453 -0.3744085961 0.9126353016
-0.9700592780 -0.2416706553 0.0240892393 0.2111427479 -0.8881971215 -0.4080742743 0.1200155703 -0.3907699677 0.9126308647
-0.9913809701 -0.1287778541 0.0240839454 0.1078450525 -0.9065519729 -0.4080845073 0.0743855954 -0.4019698803 0.9126264288
-0.9996094367 -0.0141842468 0.0240786464 0.0031241358 -0.9129342389 -0.4080947380 0.0277707372 -0.4078601262 0.9126219938
-0.9946360006 0.1005967222 0.0240733422 -0.1016369886 -0.9072597527 -0.4081049665 -0.0192132475 -0.4083626337 0.9126175598
-0.9765263428 0.2140491334 0.0240680328 -0.2050547902 -0.8896035760 -0.4081151927 -0.0659456953 -0.4034705020 0.9126131268
-0.9455196355 0.3246746134 0.0240627183 -0.3057634933 -0.8601990063 -0.4081254167 -0.1118092355 -0.3932480960 0.9126086948
-0.9020253826 0.4310121236 0.0240573987 -0.4024331135 -0.8194344939 -0.4081356384 -0.1561979459 -0.3778301993 0.9126042637
-0.8466180124 0.5316572569 0.0240520739 -0.4937870222 -0.7678485107 -0.4081458579 -0.1985253581 -0.3574202369 0.9125998337
-0.7800292903 0.6252807852 0.0240467439 -0.5786188058 -0.7061224370 -0.4081560751 -0.2382322057 -0.3322875919 0.9125954046
-0.7031386550 0.7106462147 0.0240414088 -0.6558081973 -0.6350715614 -0.4081662901 -0.2747938140 -0.3027640492 0.9125909765
-0.6169616032 0.7866261168 0.0240360686 -0.7243358706 -0.5556343125 -0.4081765027 -0.3077270329 -0.2692394162 0.9125865493
-0.5226362783 0.8522170175 0.0240307232 -0.7832969009 -0.4688598642 -0.4081867131 -0.3365966217 -0.2321563756 0.9125821232
-0.4214084386 0.9065526512 0.0240253726 -0.8319127146 -0.3758942787 -0.4081969213 -0.3610210011 -0.1920046402 0.9125776980
-0.3146150048 0.9489154006 0.0240200170 -0.8695413702 -0.2779653698 -0.4082071272 -0.3806772967 -0.1493144857 0.9125732738
-0.2036664031 0.9787457752 0.0240146561 -0.8956860349 -0.1763664871 -0.4082173308 -0.3953056073 -0.1046497476 0.9125688506
-0.0900279376 0.9956498001 0.0240092902 -0.9100015441 -0.0724394350 -0.4082275321 -0.4047124413 -0.0586003739 0.9125644284
0.0247995620 0.9994042193 0.0240039190 -0.9122989589 0.0324432491 -0.4082377311 -0.4087732761 -0.0117746334 0.9125600072
0.1392995620 0.9899594446 0.0239985428 -0.9025480593 0.1368964208 -0.4082479279 -0.4074342066 0.0352089193 0.9125555870
0.2519598535 0.9674402103 0.0239931614 -0.8808777417 0.2395406221 -0.4082581224 -0.4007126606 0.0817296149 0.9125511677
0.3612925245 0.9321439258 0.0239877749 -0.8475743154 0.3390202991 -0.4082683146 -0.3886971721 0.1271728682 0.9125467495
