1962
37445
0.9524116807 -0.3045504895 -0.0126881798 0.2714598883 0.8663905648 -0.4191383045 0.1386416951 0.3957478852 0.9078337357
0.9111804780 -0.4118116934 -0.0126990465 0.3690671867 0.8295281791 -0.4191329286 0.1831380580 0.3772189408 0.9078360658
0.8579152312 -0.5136340276 -0.0127099106 0.4618011153 0.7817108343 -0.4191275480 0.2252136454 0.3537064563 0.9078383979
0.7933194233 -0.6086727155 -0.0127207719 0.5484370025 0.7235699462 -0.4191221628 0.2643125932 0.3255212105 0.9078407320
0.7182461811 -0.6956725730 -0.0127316305 0.6278307006 0.6558732667 -0.4191167730 0.2999183800 0.2930357131 0.9078430680
0.6336870077 -0.7734845863 -0.0127424864 0.6989336961 0.5795147459 -0.4191113786 0.3315606501 0.2566792823 0.9078454061
0.5407586875 -0.8410810866 -0.0127533396 0.7608069566 0.4955027272 -0.4191059796 0.3588214273 0.2169323700 0.9078477462
0.4406885368 -0.8975693226 -0.0127641901 0.8126333324 0.4049466314 -0.4191005760 0.3813406359 0.1743202133 0.9078500882
0.3347981947 -0.9422032516 -0.0127750378 0.8537283484 0.3090423069 -0.4190951678 0.3988208569 0.1294058937 0.9078524323
0.2244861674 -0.9743933917 -0.0127858828 0.8835492442 0.2090562372 -0.4190897550 0.4110312563 0.0827828958 0.9078547783
0.1112093587 -0.9937146081 -0.0127967251 0.9017021424 0.1063088166 -0.4190843375 0.4178106329 0.0350672660 0.9078571263
-0.0035361720 -0.9999117270 -0.0128075646 0.9079472508 0.0021569130 -0.4190789155 0.4190695470 -0.0131105282 0.9078594764
-0.1182349681 -0.9929029061 -0.0128184014 0.9022020306 -0.1020240504 -0.4190734889 0.4147914998 -0.0611139284 0.9078618284
-0.2313721907 -0.9727807153 -0.0128292355 0.8845422866 -0.2048582591 -0.4190680577 0.4050331501 -0.1083086958 0.9078641824
-0.3414536252 -0.9398109142 -0.0128400668 0.8552011672 -0.3049876762 -0.4190626219 0.3899235637 -0.1540712916 0.9078665384
-0.4470254155 -0.8944289421 -0.0128508954 0.8145660866 -0.4010899765 -0.4190571815 0.3696625062 -0.1977971142 0.9078688965
-0.5466932652 -0.8372341667 -0.0128617212 0.7631736092 -0.4918960097 -0.4190517365 0.3445178020 -0.2389084883 0.9078712564
-0.6391408524 -0.7689819688 -0.0128725443 0.7017023647 -0.5762065609 -0.4190462869 0.3148217942 -0.2768622958 0.9078736184
-0.7231472142 -0.6905737654 -0.0128833647 0.6309640868 -0.6529081878 -0.4190408327 0.2809669514 -0.3111571512 0.9078759824
-0.7976028722 -0.6030451047 -0.0128941823 0.5518928941 -0.7209879255 -0.4190353739 0.2434006812 -0.3413400254 0.9078783484
-0.8615244856 -0.5075519892 -0.0129049972 0.4655329553 -0.7795466641 -0.4190299106 0.2026194172 -0.3670122296 0.9078807163
-0.9140678379 -0.4053556088 -0.0129158093 0.3730246999 -0.8278110230 -0.4190244426 0.1591620588 -0.3878346822 0.9078830863
-0.9545389868 -0.2978056835 -0.0129266186 0.2755897587 -0.8651435647 -0.4190189701 0.1136028499 -0.4035323869 0.9078854582
-0.9824034292 -0.1863226379 -0.0129374252 0.1745148311 -0.8910512143 -0.4190134930 0.0665437909 -0.4138980649 0.9078878321
-0.9972931599 -0.0723788413 -0.0129482290 0.0711346934 -0.9051917708 -0.4190080112 0.0186066840 -0.4187948918 0.9078902081
-0.9990115324 0.0425208382 -0.0129590300 -0.0331854278 -0.9073784279 -0.4190025250 -0.0295750829 -0.4181583036 0.9078925860
-0.9875358558 0.1568589083 -0.0129698283 -0.1370678848 -0.8975822416 -0.4189970341 -0.0773649050 -0.4119968477 0.9078949658
-0.9630176942 0.2691252945 -0.0129806239 -0.2391408022 -0.8759325130 -0.4189915386 -0.1241313717 -0.4003920686 0.9078973477
-0.9257808652 0.3778372834 -0.0129914166 -0.3380561933 -0.8427150821 -0.4189860386 -0.1692566093 -0.3834974285 0.9078997316
-0.8763171631 0.4815591057 -0.0130022066 -0.4325077623 -0.7983685538 -0.4189805340 -0.2121444441 -0.3615362777 0.9079021174
-0.8152798636 0.5789208978 -0.0130129938 -0.5212481553 -0.7434785062 -0.4189750248 -0.2522282787 -0.3347989021 0.9079045052
-0.7434750960 0.6686367944 -0.0130237782 -0.6031054330 -0.6787697588 -0.4189695110 -0.2889785776 -0.3036386860 0.9079068950
-0.6618511962 0.7495219105 -0.0130345598 -0.6769985483 -0.6050968009 -0.4189639927 -0.3219098627 -0.2684674416 0.9079092868
-0.5714861823 0.8205079906 -0.0130453387 -0.7419516225 -0.5234325080 -0.4189584698 -0.3505871265 -0.2297499662 0.9079116806
-0.4735735170 0.8806575168 -0.0130561148 -0.7971068338 -0.4348552951 -0.4189529423 -0.3746315784 -0.1879979000 0.9079140763
-0.3694063450 0.9291760913 -0.0130668881 -0.8417357461 -0.3405348752 -0.4189474102 -0.3937256482 -0.1437629648 0.9079164741
-0.2603604147 0.9654229277 -0.0130776586 -0.8752489297 -0.2417168128 -0.4189418736 -0.4076171801 -0.0976296733 0.9079188738
-0.1478759085 0.9889193136 -0.0130884263 -0.8972037460 -0.1397060756 -0.4189363324 -0.4161227629 -0.0502076057 0.9079212755
-0.0334384217 0.9993549335 -0.0130991912 -0.9073101938 -0.0358498008 -0.4189307866 -0.4191301518 -0.0021233546 0.9079236792
0.0814406574 0.9965919669 -0.0131099533 -0.9054347400 0.0684804939 -0.4189252363 -0.4165997491 0.0459877538 0.9079260848
0.1952441087 0.9806669082 -0.0131207126 -0.8916020838 0.1719070237 -0.4189196814 -0.4085651261 0.0934900545 0.9079284925
0.3064689188 0.9517900852 -0.0131314691 -0.8659948315 0.2730639306 -0.4189141219 -0.3951325772 0.1397559424 0.9079309021
0.4136461307 0.9103428808 -0.0131422228 -0.8289510862 0.3706153218 -0.4189085579 -0.3764797142 0.1841741640 0.9079333137
0.5153602452 0.8568726959 -0.0131529738 -0.7809599832 0.4632729112 -0.4189029893 -0.3528531173 0.2261578934 0.9079357273
0.6102679150 0.7920857203 -0.0131637219 -0.7226552314 0.5498130330 -0.4188974161 -0.3245650758 0.2651524852 0.9079381428
0.6971156867 0.7168376056 -0.0131744671 -0.6548067460 0.6290928017 -0.4188918384 -0.2919894600 0.3006428016 0.9079405603
0.7747565551 0.6321221642 -0.0131852096 -0.5783104809 0.7000652056 -0.4188862561 -0.2555567803 0.3321600177 0.9079429798
0.8421651120 0.5390582446 -0.0131959493 -0.4941765980 0.7617929344 -0.4188806693 -0.2157484974 0.3592878151 0.9079454013
0.8984510885 0.4388749538 -0.0132066861 -0.4035161275 0.8134607575 -0.4188750779 -0.1730906596 0.3816678806 0.9079478248
0.9428711131 0.3328954248 -0.0132174202 -0.3075262962 0.8543862910 -0.4188694820 -0.1281469516 0.3990046390 0.9079502502
0.9748385294 0.2225193421 -0.0132281514 -0.2074747175 0.8840290099 -0.4188638815 -0.0815112458 0.4110691572 0.9079526776
0.9939311440 0.1092044549 -0.0132388797 -0.1046826513 0.9019973873 -0.4188582765 -0.0337997548 0.4177021669 0.9079551070
0.9998968026 -0.0055526743 -0.0132496053 -0.0005075564 0.9080540655 -0.4188526669 0.0143571104 0.4188161673 0.9079575383
0.9926567197 -0.1202364361 -0.0132603280 0.1036748365 0.9021189914 -0.4188470527 0.0623230706 0.4143965791 0.9079599717
0.9723065197 -0.2333321902 -0.0132710479 0.2064886924 0.8842704750 -0.4188414340 0.1094643850 0.4045019357 0.9079624070
0.9391149737 -0.3433462698 -0.0132817650 0.3065762412 0.8547441558 -0.4188358108 0.1551582243 0.3892631078 0.9079648442
0.8935204493 -0.4488257085 -0.0132924792 0.4026157087 0.8139298919 -0.4188301830 0.1988008998 0.3688815723 0.9079672835
0.8361251219 -0.5483774300 -0.0133031906 0.4933387720 0.7623666125 -0.4188245507 0.2398158391 0.3436267487 0.9079697247
0.7676870206 -0.6406866461 -0.0133138992 0.5775473095 0.7007352016 -0.4188189138 0.2776612030 0.3138324375 0.9079721678
0.6891100179 -0.7245342215 -0.0133246049 0.6541292236 0.6298495072 -0.4188132723 0.3118370440 0.2798924082 0.9079746130
0.6014318911 -0.7988127753 -0.0133353077 0.7220731277 0.5506455941 -0.4188076264 0.3418919108 0.2422551954 0.9079770601
0.5058106168 -0.8625413057 -0.0133460078 0.7804817029 0.4641693834 -0.4188019759 0.3674288113 0.2014181709 0.9079795092
0.4035090774 -0.9148781465 -0.0133567049 0.8285835490 0.3715628399 -0.4187963208 0.3881104570 0.1579209711 0.9079819602
0.2958783817 -0.9551320830 -0.0133673992 0.8657433721 0.2740488929 -0.4187906613 0.4036637176 0.1123383658 0.9079844132
0.1843400208 -0.9827714808 -0.0133780907 0.8914703754 0.1729152855 -0.4187849971 0.4138832281 0.0652726635 0.9079868682
0.0703670944 -0.9974313072 -0.0133887793 0.9054247411 0.0694975702 -0.4187793285 0.4186341007 0.0173457525 0.9079893252
-0.0445351446 -0.9989179522 -0.0133994651 0.9074221193 -0.0348385293 -0.4187736553 0.4178537045 -0.0308091163 0.9079917841
-0.1588491704 -0.9872117853 -0.0134101479 0.8974360631 -0.1387151527 -0.4187679776 0.4115524920 -0.0785556962 0.9079942450
-0.2710652260 -0.9624674148 -0.0134208280 0.8755983793 -0.2407604998 -0.4187622953 0.3998138585 -0.1252631514 0.9079967078
-0.3797012633 -0.9250116461 -0.0134315051 0.8421973879 -0.3396269462 -0.4187566085 0.3827930387 -0.1703143918 0.9079991726
-0.4833225159 -0.8753391648 -0.0134421794 0.7976741163 -0.4340088403 -0.4187509172 0.3607150534 -0.2131142254 0.9080016394
-0.5805604488 -0.8141060042 -0.0134528508 0.7426164755 -0.5226597459 -0.4187452214 0.3338717353 -0.2530972223 0.9080041081
-0.6701308326 -0.7421208802 -0.0134635194 0.6777514968 -0.6044089031 -0.4187395210 0.3026178709 -0.2897351843 0.9080065788
-0.7508507044 -0.6603345107 -0.0134741851 0.6039357320 -0.6781766900 -0.4187338161 0.2673665113 -0.3225441226 0.9080090515
-0.8216539910 -0.5698270597 -0.0134848479 0.5221439421 -0.7429888804 -0.4187281067 0.2285835138 -0.3510906516 0.9080115261
-0.8816055892 -0.4717938707 -0.0134955078 0.4334562255 -0.7979895102 -0.4187223927 0.1867813848 -0.3749977136 0.9080140027
-0.9299137151 -0.3675296803 -0.0135061648 0.3390437547 -0.8424521821 -0.4187166743 0.1425125074 -0.3939495590 0.9080164812
-0.9659403620 -0.2584115181 -0.0135168190 0.2401533103 -0.8757896590 -0.4187109513 0.0963618423 -0.4076959167 0.9080189617
-0.9892097257 -0.1458805202 -0.0135274703 0.1380908164 -0.8975616202 -0.4187052238 0.0489391977 -0.4160552990 0.9080214442
-0.9994144891 -0.0314228960 -0.0135381187 0.0342040950 -0.9074804767 -0.4186994917 0.0008711722 -0.4189173977 0.9080239286
-0.9964198806 0.0834497004 -0.0135487641 -0.0701349332 -0.9054151702 -0.4186937552 -0.0472071250 -0.4162445399 0.9080264150
-0.9802654543 0.1972201349 -0.0135594067 -0.1735483661 -0.8913929052 -0.4186880141 -0.0946604656 -0.4080721835 0.9080289033
-0.9511645671 0.3083858300 -0.0135700465 -0.2746705171 -0.8655987899 -0.4186822686 -0.1408618947 -0.3945084470 0.9080313936
-0.9095015611 0.4154786099 -0.0135806833 -0.3721659502 -0.8283733931 -0.4186765185 -0.1852010146 -0.3757326793 0.9080338859
-0.8558266877 0.5170840905 -0.0135913172 -0.4647471161 -0.7802082476 -0.4186707639 -0.2270920489 -0.3519930876 0.9080363801
-0.7908488398 0.6118603595 -0.0136019482 -0.5511913558 -0.7217393595 -0.4186650048 -0.2659815817 -0.3236034570 0.9080388763
-0.7154261899 0.6985556990 -0.0136125763 -0.6303570477 -0.6537388104 -0.4186592411 -0.3013558683 -0.2909390023 0.9080413744
-0.6305548554 0.7760251173 -0.0136232015 -0.7011986838 -0.5771045619 -0.4186534730 -0.3327476222 -0.2544314092 0.9080438745
-0.5373557437 0.8432454705 -0.0136338238 -0.7627806781 -0.4928485975 -0.4186477004 -0.3597421880 -0.2145631290 0.9080463765
-0.4370597472 0.8993289757 -0.0136444432 -0.8142897219 -0.4020835597 -0.4186419232 -0.3819830183 -0.1718610033 0.9080488805
-0.3309914875 0.9435349355 -0.0136550596 -0.8550455253 -0.3060080564 -0.4186361416 -0.3991763831 -0.1268893016 0.9080513864
-0.2205518204 0.9752795209 -0.0136656732 -0.8845098024 -0.2058908328 -0.4186303554 -0.4110952493 -0.0802422651 0.9080538943
-0.1071993353 0.9941434815 -0.0136762838 -0.9022933799 -0.1030540167 -0.4186245647 -0.4175822782 -0.0325362547 0.9080564041
0.0075689092 0.9998776828 -0.0136868915 -0.9081613382 0.0011443410 -0.4186187696 -0.4185519029 0.0155983932 0.9080589159
0.1222371570 0.9924063966 -0.0136974963 -0.9020361143 0.1053282010 -0.4186129699 -0.4139914564 0.0635256957 0.9080614296
0.2352909727 0.9718283008 -0.0137080982 -0.8839985270 0.2081217073 -0.4186071658 -0.4039613378 0.1106124258 0.9080639453
0.3452372438 0.9384151762 -0.0137186971 -0.8542867107 0.3081673566 -0.4186013571 -0.3885942116 0.1562364794 0.9080664630
0.4506238996 0.8926083170 -0.0137292932 -0.8132929717 0.4041439258 -0.4185955440 -0.3680932536 0.1997950940 0.9080689826
0.5500590891 0.8350127029 -0.0137398862 -0.7615586077 0.4947839205 -0.4185897263 -0.3427294640 0.2407128122 0.9080715041
0.6422295635 0.7663890084 -0.0137504764 -0.6997667611 0.5788903136 -0.4185839042 -0.3128380857 0.2784490844 0.9080740276
0.7259180201 0.6876435568 -0.0137610636 -0.6287333976 0.6553523539 -0.4185780775 -0.2788141726 0.3125054096 0.9080765530
0.8000191796 0.5998163502 -0.0137716479 -0.5493965315 0.7231602351 -0.4185722464 -0.2411073690 0.3424319208 0.9080790804
0.8635543832 0.5040673342 -0.0137822292 -0.4628038395 0.7814184320 -0.4185664108 -0.2002159669 0.3678333273 0.9080816097
0.9156845182 0.4016610780 -0.0137928076 -0.3700988247 0.8293575276 -0.4185605707 -0.1566803212 0.3883741364 0.9080841410
0.9557211000 0.2939500734 -0.0138033831 -0.2725057171 0.8663443746 -0.4185547261 -0.1110757092 0.4037830840 0.9080866742
0.9831353650 0.1823568720 -0.0138139556 -0.1713133060 0.8918904578 -0.4185488770 -0.0640047288 0.4138567174 0.9080892094
0.9975652539 0.0683552977 -0.0138245251 -0.0678579213 0.9056583462 -0.4185430235 -0.0160893364 0.4184620810 0.9080917465
0.9988201936 -0.0465490184 -0.0138350917 0.0364942145 0.9074661500 -0.4185371654 0.0320373716 0.4175384718 0.9080942855
0.9868836139 -0.1608385232 -0.0138456554 0.1403650279 0.8972899238 -0.4185313029 0.0797395237 0.4110982389 0.9080968265
0.9619131662 -0.2730037838 -0.0138562161 0.2423827937 0.8752639835 -0.4185254359 0.1263868745 0.3992266188 0.9080993695
0.9242386417 -0.3815634230 -0.0138667738 0.3412002495 0.8416791336 -0.4185195644 0.1713631317 0.3820806070 0.9081019143
0.8743576154 -0.4850836837 -0.0138773286 0.4355123887 0.7969788278 -0.4185136884 0.2140740987 0.3598868821 0.9081044612
0.8129288746 -0.5821973648 -0.0138878804 0.5240736938 0.7417533135 -0.4185078080 0.2539555242 0.3329388086 0.9081070099
0.7407637184 -0.6716218781 -0.0138984292 0.6057145858 0.6767318383 -0.4185019230 0.2904805571 0.3015925594 0.9081095606
0.6588152424 -0.7521761873 -0.0139089751 0.6793568698 0.6027730197 -0.4184960336 0.3231667059 0.2662624081 0.9081121133
0.5681657513 -0.8227964062 -0.0139195180 0.7440279744 0.5208535075 -0.4184901398 0.3515822128 0.2274152539 0.9081146678
0.4700124647 -0.8825498493 -0.0139300579 0.7988737960 0.4320550865 -0.4184842414 0.3753517566 0.1855644515 0.9081172244
0.3656517051 -0.9306473502 -0.0139405949 0.8431699789 0.3375503915 -0.4184783386 0.3941614102 0.1412630269 0.9081197828
0.2564617774 -0.9664536837 -0.0139511289 0.8763314821 0.2385874214 -0.4184724313 0.4077627866 0.0950963701 0.9081223432
0.1438847655 -0.9894959557 -0.0139616599 0.8979203061 0.1364730590 -0.4184665195 0.4159763191 0.0476744991 0.9081249055
0.0294074863 -0.9994698483 -0.0139721879 0.9076512781 0.0325558122 -0.4184606033 0.4186936317 -0.0003759998 0.9081274698
-0.0854581468 -0.9962436393 -0.0139827130 0.9053958185 -0.0717919937 -0.4184546826 0.4158789691 -0.0484202515 0.9081300360
-0.1991950916 -0.9798599415 -0.0139932350 0.8911836408 -0.1751923391 -0.4184487575 0.4075696674 -0.0958234807 0.9081326042
-0.3103012131 -0.9505351398 -0.0140037541 0.8652023593 -0.2762797084 -0.4184428279 0.3938756588 -0.1419593982 0.9081351742
-0.4173091225 -0.9086565338 -0.0140142702 0.8277950128 -0.3737191228 -0.4184368938 0.3749780168 -0.1862184760 0.9081377462
-0.5188055569 -0.8547772222 -0.0140247833 0.7794555353 -0.4662237706 -0.4184309552 0.3511265623 -0.2280159997 0.9081403202
-0.6134500441 -0.7896087981 -0.0140352934 0.7208222340 -0.5525720008 -0.4184250122 0.3226365608 -0.2667997937 0.9081428961
-0.6999926070 -0.7140119506 -0.0140458005 0.6526693608 -0.6316234572 -0.4184190648 0.2898845555 -0.3020575156 0.9081454739
-0.7772902718 -0.6289850982 -0.0140563046 0.5758968882 -0.7023341378 -0.4184131128 0.2533033903 -0.3333234243 0.9081480536
-0.8443221631 -0.5356512017 -0.0140668057 0.4915186250 -0.7637701832 -0.4184071565 0.2133764894 -0.3601845324 0.9081506353
-0.9002029871 -0.4352429338 -0.0140773038 0.4006488284 -0.8151202094 -0.4184011956 0.1706314691 -0.3822860614 0.9081532189
-0.9441947236 -0.3290863988 -0.0140877989 0.3044874902 -0.8557060240 -0.4183952303 0.1256331653 -0.3993361274 0.9081558044
-0.9757163728 -0.2185836182 -0.0140982910 0.2043044899 -0.8849915830 -0.4183892606 0.0789761696 -0.4111095959 0.9081583919
-0.9943516287 -0.1051940147 -0.0141087800 0.1014228247 -0.9025900710 -0.4183832864 0.0312769728 -0.4174510546 0.9081609813
-0.9998543778 0.0095848629 -0.0141192661 -0.0027988610 -0.9082690101 -0.4183773078 -0.0168341810 -0.4182768649 0.9081635726
-0.9921519484 0.1242371182 -0.0141297491 -0.1069842185 -0.9019533312 -0.4183713247 -0.0647216220 -0.4135762648 0.9081661659
-0.9713460713 0.2372485274 -0.0141402292 -0.2097573700 -0.8837263662 -0.4183653372 -0.1117526535 -0.4034115093 0.9081687611
-0.9377115357 0.3471265379 -0.0141507062 -0.3097610792 -0.8538287487 -0.4183593452 -0.1573059108 -0.3879170460 0.9081713582
-0.8916925602 0.4524199808 -0.0141611802 -0.4056746748 -0.8126552367 -0.4183533488 -0.2007795712 -0.3672977365 0.9081739572
-0.8338969257 0.5517382365 -0.0141716511 -0.4962314917 -0.7607495009 -0.4183473479 -0.2415993045 -0.3418261477 0.9081765582
-0.7650879485 0.6437696005 -0.0141821191 -0.5802355986 -0.6987969456 -0.4183413426 -0.2792258605 -0.3118389492 0.9081791611
-0.6861743988 0.7272986078 -0.0141925840 -0.6565775927 -0.6276156580 -0.4183353328 -0.3131621931 -0.2777324629 0.9081817659
-0.5981984990 0.8012220849 -0.0142030459 -0.7242492502 -0.5481456055 -0.4183293186 -0.3429600260 -0.2399574252 0.9081843726
-0.5023221581 0.8645637199 -0.0142135047 -0.7823568422 -0.4614362232 -0.4183233000 -0.3682257743 -0.1990130302 0.9081869813
-0.3998116270 0.9164869567 -0.0142239605 -0.8301329380 -0.3686325556 -0.4183172769 -0.3886257430 -0.1554403329 0.9081895919
-0.2920207745 0.9563060434 -0.0142344133 -0.8669465401 -0.2709601357 -0.4183112494 -0.4038905344 -0.1098150997 0.9081922044
-0.1803732068 0.9834950890 -0.0142448631 -0.8923114186 -0.1697088012 -0.4183052175 -0.4138186058 -0.0627401995 0.9081948188
-0.0663434655 0.9976950089 -0.0142553098 -0.9058925330 -0.0662156609 -0.4182991811 -0.4182789300 -0.0148376386 0.9081974351
0.0485624465 0.9987182671 -0.0142657534 -0.9075104576 0.0381525626 -0.4182931403 -0.4172127252 0.0332596587 0.9082000534
0.1628269550 0.9865513535 -0.0142761940 -0.8971437524 0.1420175819 -0.4182870951 -0.4106342293 0.0809162123 0.9082026736
0.2749409575 0.9613549615 -0.0142866316 -0.8749292467 0.2440077464 -0.4182810454 -0.3986305096 0.1275023829 0.9082052957
0.3834237538 0.9234618665 -0.0142970661 -0.8411602334 0.3427761563 -0.4182749914 -0.3813603109 0.1724026908 0.9082079198
0.4868426020 0.8733725301 -0.0143074976 -0.7962825968 0.4370184503 -0.4182689328 -0.3590519557 0.2150239469 0.9082105457
0.5838316406 0.8117484909 -0.0143179260 -0.7408889248 0.5254900310 -0.4182628699 -0.3320003261 0.2548030903 0.9082131736
0.6731099275 0.7394036271 -0.0143283513 -0.6757106847 0.6070225018 -0.4182568025 -0.3005629652 0.2912146261 0.9082158034
0.7534983580 0.6572934079 -0.0143387736 -0.6016085635 0.6805390970 -0.4182507308 -0.2651553521 0.3237775678 0.9082184351
0.8239352367 0.5665022740 -0.0143491928 -0.5195611032 0.7450689022 -0.4182446545 -0.2262454105 0.3520617909 0.9082210687
0.8834902997 0.4682293155 -0.0143596090 -0.4306517782 0.7997596772 -0.4182385739 -0.1843473249 0.3756937142 0.9082237042
0.9313770008 0.3637724355 -0.0143700221 -0.3360546880 0.8438891112 -0.4182324889 -0.1400147459 0.3943612344 0.9082263417
0.9669628990 0.2545112082 -0.0143804321 -0.2370190522 0.8768743626 -0.4182263994 -0.0938334740 0.4078178480 0.9082289810
0.9897780116 0.1418886591 -0.0143908391 -0.1348527142 0.8982797568 -0.4182203055 -0.0464137189 0.4158859061 0.9082316223
0.9995210209 0.0273922061 -0.0144012430 -0.0309048694 0.9078225410 -0.4182142072 0.0016179632 0.4184589599 0.9082342655
0.9960632541 -0.0874659839 -0.0144116438 0.0734517514 0.9053766186 -0.4182081045 0.0496269487 0.4155031650 0.9082369106
0.9794503822 -0.2011689675 -0.0144220415 0.1768390106 0.8909742161 -0.4182019974 0.0969789311 0.4070577266 0.9082395577
0.9499018171 -0.3122150583 -0.0144324362 0.2778915634 0.8648054579 -0.4181958859 0.1430483025 0.3932343796 0.9082422066
0.9078078135 -0.4191376605 -0.0144428278 0.3752748887 0.8272158571 -0.4181897699 0.1872264179 0.3742159101 0.9082448574
0.8537243150 -0.5205246378 -0.0144532162 0.4677029133 0.7787017530 -0.4181836496 0.2289296376 0.3502537384 0.9082475102
0.7883656112 -0.6150369642 -0.0144636016 0.5539549956 0.7199037579 -0.4181775248 0.2676070365 0.3216645955 0.9082501649
0.7125949044 -0.7014264081 -0.0144739840 0.6328920464 0.6515982976 -0.4181713956 0.3027476833 0.2888263364 0.9082528214
0.6274129092 -0.7785520179 -0.0144843632 0.7034715721 0.5746873592 -0.4181652621 0.3338873890 0.2521729459 0.9082554799
0.5339446354 -0.8453951910 -0.0144947393 0.7647614426 0.4901865796 -0.4181591241 0.3606148393 0.2121888033 0.9082581403
0.4334245302 -0.9010731260 -0.0145051124 0.8159522015 0.3992118344 -0.4181529817 0.3825770269 0.1694022813 0.9082608026
0.3271801747 -0.9448504824 -0.0145154823 0.8563677570 0.3029645015 -0.4181468350 0.3994839146 0.1243787635 0.9082634668
0.2166147506 -0.9761490919 -0.0145258492 0.8854743110 0.2027155966 -0.4181406838 0.4111122649 0.0777131736 0.9082661330
0.1031885074 -0.9945555945 -0.0145362129 0.9028874094 0.0997889884 -0.4181345282 0.4173085882 0.0300221142 0.9082688010
-0.0116005223 -0.9998268976 -0.0145465735 0.9083770203 -0.0044560841 -0.4181283682 0.4179911684 -0.0180642806 0.9082714709
-0.1262363079 -0.9918933866 -0.0145569311 0.9018705725 -0.1086429617 -0.4181222039 0.4131511407 -0.0659106710 0.9082741427
-0.2392048435 -0.9708598442 -0.0145672855 0.8834539152 -0.2113957448 -0.4181160351 0.4028526065 -0.1128849062 0.9082768165
-0.3490141429 -0.9370040665 -0.0145776368 0.8533701851 -0.3113574642 -0.4181098620 0.3872317849 -0.1583663757 0.9082794921
-0.4542139449 -0.8907731939 -0.0145879850 0.8120165966 -0.4072080007 -0.4181036844 0.3664952102 -0.2017542098 0.9082821697
-0.5534148666 -0.8327778060 -0.0145983301 0.7599391972 -0.4976815197 -0.4180975025 0.3409170017 -0.2424752168 0.9082848491
-0.6453067536 -0.7637838572 -0.0146086721 0.6978256568 -0.5815831875 -0.4180913162 0.3108352401 -0.2799914561 0.9082875305
-0.7286759828 -0.6847025607 -0.0146190109 0.6264961882 -0.6578049514 -0.4180851255 0.2766474982 -0.3138073443 0.9082902137
-0.8024214913 -0.5965783540 -0.0146293467 0.5468927150 -0.7253401728 -0.4180789304 0.2388055873 -0.3434762019 0.9082928989
-0.8655693178 -0.5005751051 -0.0146396793 0.4600664343 -0.7832969218 -0.4180727309 0.1978095855 -0.3686061535 0.9082955860
-0.9172854660 -0.3979607407 -0.0146500087 0.3671639344 -0.8309097570 -0.4180665270 0.1542012296 -0.3888653039 0.9082982749
-0.9568869191 -0.2900905008 -0.0146603351 0.2694120540 -0.8675498343 -0.4180603188 0.1085567560 -0.4039861214 0.9083009658
-0.9838506605 -0.1783890400 -0.0146706583 0.1681016809 -0.8927332128 -0.4180541062 0.0614792867 -0.4137689708 0.9083036585
-0.9978205814 -0.0643316115 -0.0146809784 0.0645707046 -0.9061272463 -0.4180478892 0.0135908599 -0.4180847489 0.9083063532
-0.9986121835 0.0505754161 -0.0146912954 -0.0398136511 -0.9075549775 -0.4180416678 -0.0344757895 -0.4168765886 0.9083090497
-0.9862150163 0.1648144544 -0.0147016092 -0.1436728842 -0.8969974758 -0.4180354420 -0.0820855896 -0.4101606077 0.9083117482
-0.9607928142 0.2768767371 -0.0147119199 -0.2456354187 -0.8745940882 -0.4180292119 -0.1286095223 -0.3980256943 0.9083144485
-0.9226813349 0.3852822475 -0.0147222274 -0.3443547175 -0.8406406003 -0.4180229774 -0.1734329343 -0.3806323303 0.9083171508
-0.8723839243 0.4885992644 -0.0147325318 -0.4385270658 -0.7955853310 -0.4180167385 -0.2159636571 -0.3582104688 0.9083198549
-0.8105648690 0.5854632713 -0.0147428330 -0.5269087873 -0.7400232129 -0.4180104952 -0.2556398307 -0.3310564940 0.9083225610
-0.7380406228 0.6745949779 -0.0147531312 -0.6083326696 -0.6746879368 -0.4180042476 -0.2919373258 -0.2995293036 0.9083252689
-0.6557690239 0.7548172154 -0.0147634261 -0.6817233783 -0.6004422629 -0.4179979956 -0.3243766681 -0.2640455649 0.9083279787
-0.5648366443 0.8250704834 -0.0147737179 -0.7461116589 -0.5182666286 -0.4179917393 -0.3525293713 -0.2250742082 0.9083306904
-0.4664444396 0.8844269432 -0.0147840066 -0.8006471374 -0.4292462010 -0.4179854786 -0.3760235978 -0.1831302298 0.9083334040
-0.3618918876 0.9321026717 -0.0147942920 -0.8446095512 -0.3345565470 -0.4179792135 -0.3945490688 -0.1387678862 0.9083361195
-0.2525598260 0.9674680144 -0.0148045744 -0.8774182616 -0.2354481095 -0.4179729440 -0.4078611633 -0.0925733701 0.9083388369
-0.1398922154 0.9900559015 -0.0148148535 -0.8986399230 -0.1332296939 -0.4179666702 -0.4157841469 -0.0451570646 0.9083415562
-0.0253770691 0.9995680166 -0.0148251295 -0.9079942064 -0.0292511847 -0.4179603920 -0.4182134927 0.0028545220 0.9083442774
0.0894731996 0.9958787363 -0.0148354024 -0.9053575024 0.0751142809 -0.4179541095 -0.4151172598 0.0508270343 0.9083470004
0.2031417518 0.9790367892 -0.0148456721 -0.8907645547 0.1784884467 -0.4179478226 -0.4065365134 0.0981266513 0.9083497254
0.3141273563 0.9492646128 -0.0148559386 -0.8644080024 0.2795061390 -0.4179415313 -0.3925847799 0.1441284605 0.9083524522
0.4209642161 0.9069554150 -0.0148662019 -0.8266358367 0.3768332950 -0.4179352357 -0.3734465453 0.1882247141 0.9083551810
0.5222413277 0.8526679814 -0.0148764621 -0.7779468067 0.4691845805 -0.4179289358 -0.3493748154 0.2298328584 0.9083579116
0.6166211160 0.7871192952 -0.0148867190 -0.7189838335 0.5553403653 -0.4179226315 -0.3206877712 0.2684032297 0.9083606441
0.7028571001 0.7111750678 -0.0148969728 -0.6505255208 0.6341628291 -0.4179163228 -0.2877645628 0.3034263157 0.9083633785
0.7798103555 0.6258383051 -0.0149072235 -0.5734758739 0.7046109890 -0.4179100098 -0.2510402988 0.3344394863 0.9083661147
0.8464645558 0.5322360612 -0.0149174709 -0.4888523612 0.7657544468 -0.4179036924 -0.2110002955 0.3610331043 0.9083688529
0.9019393958 0.4316045523 -0.0149277152 -0.3977724791 0.8167856772 -0.4178973707 -0.1681736637 0.3828559363 0.9083715929
0.9455022173 0.3252728311 -0.0149379562 -0.3014389945 0.8570306922 -0.4178910447 -0.1231263162 0.3996197918 0.9083743349
0.9765776854 0.2146452325 -0.0149481941 -0.2011240616 0.8859579434 -0.4178847143 -0.0764534903 0.4111033286 0.9083770787
0.9947553874 0.1011828274 -0.0149584288 -0.0981524220 0.9031853420 -0.4178783795 -0.0287718823 0.4171549753 0.9083798244
0.9997952526 -0.0136158743 -0.0149686603 0.0061160893 0.9084853060 -0.4178720404 0.0192885011 0.4176949326 0.9083825719
0.9916307231 -0.1282347144 -0.0149788886 0.1103045019 0.9017877667 -0.4178656970 0.0670926668 0.4127162244 0.9083853214
0.9703696326 -0.2411599110 -0.0149891137 0.2130368943 0.8831810946 -0.4178593493 0.1140090253 0.4022847890 0.9083880727
0.9362927825 -0.3509000504 -0.0149993356 0.3129565644 0.8529109341 -0.4178529972 0.1594177351 0.3865386049 0.9083908260
0.8898502331 -0.4560057849 -0.0150095543 0.4087439461 0.8113769601 -0.4178466407 0.2027188919 0.3656858662 0.9083935811
0.8316553595 -0.5550889744 -0.0150197697 0.4991340364 0.7591276007 -0.4178402800 0.2433404542 0.3400022300 0.9083963380
0.7624767508 -0.6468410193 -0.0150299820 0.5829331009 0.6968527961 -0.4178339148 0.2807458004 0.3098271717 0.9083990969
0.6832280588 -0.7300501437 -0.0150401911 0.6590344392 0.6253748878 -0.4178275454 0.3144408174 0.2755594989 0.9084018576
0.5949559320 -0.8036173994 -0.0150503970 0.7264330004 0.5456377594 -0.4178211716 0.3439804282 0.2376520795 0.9084046202
0.4988261916 -0.8665711794 -0.0150605996 0.7842386566 0.4586943729 -0.4178147935 0.3689744707 0.1966058579 0.9084073847
0.3961084350 -0.9180800503 -0.0150707990 0.8316879590 0.3656928635 -0.4178084111 0.3890928507 0.1529632338 0.9084101511
0.2881592676 -0.9574637330 -0.0150809953 0.8681542206 0.2678613778 -0.4178020244 0.4040699021 0.1073008957 0.9084129193
0.1764043862 -0.9842020873 -0.0150911883 0.8931557931 0.1664918558 -0.4177956333 0.4137078943 0.0602222000 0.9084156895
0.0623197494 -0.9979419809 -0.0151013780 0.9063624290 0.0629229693 -0.4177892379 0.4178796432 0.0123491989 0.9084184614
-0.0525879151 -0.9985019538 -0.0151115646 0.9075996433 -0.0414775559 -0.4177828381 0.4165301894 -0.0356855790 0.9084212353
-0.1668010103 -0.9858746146 -0.0151217479 0.8968510193 -0.1453310026 -0.4177764341 0.4096775222 -0.0832474863 0.9084240111
-0.2788111132 -0.9602267378 -0.0151319280 0.8742584260 -0.2472658693 -0.4177700257 0.3974123396 -0.1297081415 0.9084267887
-0.3871388960 -0.9218970614 -0.0151421048 0.8401201461 -0.3459359822 -0.4177636130 0.3798968483 -0.1744537313 0.9084295681
-0.4903536645 -0.8713918132 -0.0151522785 0.7948869372 -0.4400382736 -0.4177571960 0.3573626181 -0.2168931202 0.9084323495
-0.5870922527 -0.8093780247 -0.0151624489 0.7391560808 -0.5283299901 -0.4177507747 0.3301075204 -0.2564656597 0.9084351327
-0.6760770269 -0.7366747216 -0.0151726160 0.6736634950 -0.6096451053 -0.4177443491 0.2984917910 -0.2926485951 0.9084379178
-0.7561327588 -0.6542421067 -0.0151827799 0.5992740170 -0.6829097184 -0.4177379191 0.2629332683 -0.3249639708 0.9084407048
-0.8262021475 -0.5631688787 -0.0151929406 0.5169699830 -0.7471562375 -0.4177314849 0.2239018716 -0.3529849442 0.9084434936
-0.8853597830 -0.4646578532 -0.0152030980 0.4278382557 -0.8015361580 -0.4177250463 0.1819133904 -0.3763414233 0.9084462843
-0.9328243679 -0.3600100770 -0.0152132522 0.3330558724 -0.8453312689 -0.4177186034 0.1375226688 -0.3947249552 0.9084490769
-0.9679690367 -0.2506076455 -0.0152234032 0.2338745010 -0.8779631383 -0.4177121562 0.0913162732 -0.4078927993 0.9084518713
-0.9903296341 -0.1378954485 -0.0152335508 0.1316039112 -0.8990007535 -0.4177057048 0.0439047418 -0.4156711326 0.9084546676
-0.9996108456 -0.0233620881 -0.0152436953 0.0275946778 -0.9081662134 -0.4176992490 -0.0040854824 -0.4179573443 0.9084574658
-0.9956900973 0.0914797821 -0.0152538365 -0.0767796549 -0.9053384001 -0.4176927889 -0.0520203292 -0.4147213893 0.9084602658
-0.9786191752 0.2051134343 -0.0152639744 -0.1801407118 -0.8905545791 -0.4176863245 -0.0992664787 -0.4060061831 0.9084630677
-0.9486235407 0.3160380984 -0.0152741090 -0.2811234902 -0.8640099081 -0.4176798557 -0.1451997289 -0.3919270328 0.9084658715
-0.9060993530 0.4227887823 -0.0152842404 -0.3783943862 -0.8260548613 -0.4176733827 -0.1892132420 -0.3726701111 0.9084686771
-0.8516082372 0.5239556209 -0.0152943686 -0.4706688064 -0.7771906013 -0.4176669054 -0.2307255623 -0.3484899949 0.9084714846
-0.7858698663 0.6182024957 -0.0153044934 -0.5567281329 -0.7180623625 -0.4176604238 -0.2691882971 -0.3197062994 0.9084742940
-0.7097524570 0.7042846814 -0.0153146150 -0.6354358168 -0.6494509303 -0.4176539380 -0.3040933616 -0.2866994537 0.9084771052
-0.6242613024 0.7810652847 -0.0153247334 -0.7057523882 -0.5722623314 -0.4176474478 -0.3349796903 -0.2499056725 0.9084799183
-0.5305254953 0.8475302598 -0.0153348484 -0.7667491841 -0.4875158693 -0.4176409533 -0.3614393276 -0.2098111911 0.9084827332
-0.4297830163 0.9028018006 -0.0153449602 -0.8176206131 -0.3963306643 -0.4176344545 -0.3831228158 -0.1669458398 0.9084855500
-0.3233643830 0.9461499340 -0.0153550687 -0.8576947951 -0.2999108745 -0.4176279515 -0.3997438108 -0.1218760423 0.9084883687
-0.2126750785 0.9770021609 -0.0153651740 -0.8864424349 -0.1995297947 -0.4176214441 -0.4110828633 -0.0751973312 0.9084911892
-0.0991769883 0.9949510168 -0.0153752759 -0.9034838134 -0.0965130411 -0.4176149325 -0.4169903163 -0.0275264784 0.9084940116
0.0156309065 0.9997594536 -0.0153853746 -0.9085938027 0.0077789541 -0.4176084166 -0.4173882802 0.0205066541 0.9084968358
0.1302323266 0.9913639698 -0.0153954699 -0.9017048406 0.1119689088 -0.4176018963 -0.4122716598 0.0682674363 0.9084996619
0.2431137201 0.9698754496 -0.0154055620 -0.8829078239 0.2146808792 -0.4175953719 -0.4017082194 0.1151248556 0.9085024898
0.3527842522 0.9355776981 -0.0154156508 -0.8524509087 0.3145584308 -0.4175888431 -0.3858376856 0.1604598533 0.9085053197
0.4577954946 0.8889236929 -0.0154257364 -0.8107362347 0.4102825516 -0.4175823100 -0.3648698987 0.2036735036 0.9085081513
0.5567605552 0.8305296020 -0.0154358186 -0.7583146152 0.5005890715 -0.4175757727 -0.3390820382 0.2441949259 0.9085109848
0.6483723949 0.7611666452 -0.0154458975 -0.6958782642 0.5842853572 -0.4175692311 -0.3088149591 0.2814888267 0.9085138202
0.7314210896 0.6817509095 -0.0154559731 -0.6242516561 0.6602660629 -0.4175626852 -0.2744686859 0.3150625710 0.9085166574
0.8048098101 0.5933312490 -0.0154660454 -0.5443806379 0.7275277281 -0.4175561351 -0.2364971262 0.3444726895 0.9085194965
0.8675693074 0.4970754336 -0.0154761145 -0.4573199396 0.7851820302 -0.4175495807 -0.1954020719 0.3693307362 0.9085223374
0.9188707143 0.3942547256 -0.0154861802 -0.3642192459 0.8324675163 -0.4175430220 -0.1517265676 0.3893084197 0.9085251802
0.9580364917 0.2862270899 -0.0154962426 -0.2663080141 0.8687596601 -0.4175364590 -0.1060477351 0.4041419379 0.9085280248
0.9845493774 0.1744192595 -0.0155063017 -0.1648792380 0.8935791103 -0.4175298917 -0.0589691472 0.4136354622 0.9085308713
0.9980592171 0.0603078922 -0.0155163575 -0.0612723733 0.9065980219 -0.4175233202 -0.0111128524 0.4176637222 0.9085337196
0.9983875891 -0.0545999313 -0.0155264100 0.0431443515 0.9076443869 -0.4175167445 0.0368888444 0.4161736590 0.9085365698
0.9855301608 -0.1687866124 -0.0155364591 0.1469920032 0.8967043067 -0.4175101644 0.0844017361 0.4091851243 0.9085394218
0.9596567457 -0.2807440767 -0.0155465050 0.2488991551 0.8739221768 -0.4175035801 0.1307980926 0.3967906151 0.9085422757
0.9211090605 -0.3889936921 -0.0155565475 0.3475199971 0.8395987813 -0.4174969916 0.1754649545 0.3791540503 0.9085451314
0.8703962122 -0.4921057968 -0.0155665867 0.4415521100 0.7941873212 -0.4174903988 0.2178122311 0.3565086025 0.9085479890
0.8081879740 -0.5887185809 -0.0155766226 0.5297536645 0.7382874306 -0.4174838017 0.2572804959 0.3291536150 0.9085508484
0.7353059398 -0.6775560723 -0.0155866551 0.6109598224 0.6726372593 -0.4174772003 0.2933483771 0.2974506451 0.9085537097
0.6527126728 -0.7574449882 -0.0155966844 0.6840981192 0.5981037250 -0.4174705948 0.3255394447 0.2618186853 0.9085565728
0.5614989934 -0.8273302309 -0.0156067103 0.7482026283 0.5156710660 -0.4174639849 0.3534285040 0.2227286257 0.9085594377
0.4628695719 -0.8862888226 -0.0156167328 0.8024267179 0.4264278438 -0.4174573708 0.3766472114 0.1806970309 0.9085623045
0.3581270190 -0.9335420949 -0.0156267520 0.8460542320 0.3315525686 -0.4174507525 0.3948889397 0.1362793139 0.9085651732
0.2486546814 -0.9684659730 -0.0156367679 0.8785089497 0.2322981357 -0.4174441299 0.4079128274 0.0900623965 0.9085680436
0.1358983722 -0.9905992180 -0.0156467805 0.8993621949 0.1299752806 -0.4174375030 0.4155469587 0.0426569543 0.9085709160
0.0213472758 -0.9996495180 -0.0156567897 0.9083384991 0.0259352697 -0.4174308719 0.4176906329 -0.0053106529 0.9085737901
-0.0934857201 -0.9954973489 -0.0156667956 0.9053192402 -0.0784479446 -0.4174242366 0.4143156929 -0.0532066568 0.9085766661
-0.2070840051 -0.9781975531 -0.0156767981 0.8903442099 -0.1817958682 -0.4174175970 0.4054668948 -0.1003982542 0.9085795440
-0.3179472761 -0.9479786147 -0.0156867973 0.8636110892 -0.2827436698 -0.4174109531 0.3912613145 -0.1462619676 0.9085824237
-0.4246113524 -0.9052396424 -0.0156967931 0.8254728394 -0.3799582051 -0.4174043051 0.3718867985 -0.1901918828 0.9085853052
-0.5256675127 -0.8505450976 -0.0157067856 0.7764330412 -0.4721556226 -0.4173976527 0.3475994802 -0.2316076532 0.9085881885
-0.6197811003 -0.7846173403 -0.0157167747 0.7171392462 -0.5581183188 -0.4173909962 0.3187203934 -0.2699621668 0.9085910737
-0.7057091506 -0.7083270881 -0.0157267604 0.6483744255 -0.6367110184 -0.4173843354 0.2856312293 -0.3047487741 0.9085939608
-0.7823168061 -0.6226819170 -0.0157367428 0.5710466309 -0.7068957671 -0.4173776704 0.2487692910 -0.3355079800 0.9085968497
-0.8485923053 -0.5288129539 -0.0157467219 0.4861770043 -0.7677456401 -0.4173710011 0.2086217149 -0.3618335141 0.9085997404
-0.9036603446 -0.4279599376 -0.0157566976 0.3948862925 -0.8184569836 -0.4173643276 0.1657190324 -0.3833776960 0.9086026329
-0.9467936387 -0.3214548457 -0.0157666699 0.2983800475 -0.8583600290 -0.4173576499 0.1206281597 -0.3998560277 0.9086055273
-0.9774225261 -0.2107043028 -0.0157766388 0.1979327068 -0.8869277384 -0.4173509679 0.0739449061 -0.4110509501 0.9086084235
-0.9951424919 -0.0971710033 -0.0157866044 0.0948707628 -0.9037827664 -0.4173442817 0.0262861016 -0.4168147157 0.9086113215
-0.9997195112 0.0176456070 -0.0157965666 -0.0094447543 -0.9087024439 -0.4173375913 -0.0217185538 -0.4170713381 0.9086142214
-0.9910931389 0.1322291338 -0.0158065255 -0.1136362498 -0.9016217197 -0.4173308967 -0.0694348096 -0.4118175941 0.9086171231
-0.9693773085 0.2450662617 -0.0158164809 -0.2163277579 -0.8826340210 -0.4173241978 -0.1162322452 -0.4011230638 0.9086200267
-0.9348588274 0.3546667407 -0.0158264330 -0.3161631122 -0.8519900205 -0.4173174947 -0.1614925987 -0.3851292094 0.9086229320
-0.8879935883 0.4595830678 -0.0158363817 -0.4118238555 -0.8100943271 -0.4173107874 -0.2046179349 -0.3640475038 0.9086258392
-0.8294005488 0.5584296048 -0.0158463270 -0.5020466522 -0.7575001434 -0.4173040759 -0.2450385452 -0.3381566341 0.9086287483
-0.7598535566 0.6499008780 -0.0158562690 -0.5856399722 -0.6949019616 -0.4172973601 -0.2822204732 -0.3077988183 0.9086316591
-0.6802711288 0.7327888200 -0.0158662075 -0.6614998268 -0.6231263923 -0.4172906402 -0.3156725685 -0.2733752813 0.9086345718
-0.5917043212 0.8059987248 -0.0158761427 -0.7286243487 -0.5431212497 -0.4172839160 -0.3449529746 -0.2353409521 0.9086374863
-0.4953228470 0.8685637052 -0.0158860745 -0.7861270237 -0.4559430351 -0.4172771876 -0.3696749651 -0.1941984521 0.9086404027
-0.3923996277 0.9196574630 -0.0158960029 -0.8332483987 -0.3627429855 -0.4172704550 -0.3895120515 -0.1504914523 0.9086433208
-0.2842939822 0.9586052019 -0.0159059278 -0.8693661119 -0.2647518708 -0.4172637181 -0.4042022949 -0.1047974894 0.9086462408
-0.1724336736 0.9848925393 -0.0159158494 -0.8940031130 -0.1632637407 -0.4172569771 -0.4135517648 -0.0577203345 0.9086491627
-0.0582960527 0.9981722998 -0.0159257676 -0.9068339641 -0.0596188361 -0.4172502319 -0.4174370993 -0.0098820145 0.9086520863
0.0566114535 0.9982691007 -0.0159356824 -0.9076891384 0.0448141105 -0.4172434824 -0.4158071325 0.0380854058 0.9086550118
0.1707712504 0.9851816676 -0.0159455938 -0.8965572601 0.1486559502 -0.4172367288 -0.4086835688 0.0855481758 0.9086579391
0.2826756191 0.9590828517 -0.0159555018 -0.8735852559 0.2505353308 -0.4172299709 -0.3961606934 0.1318792314 0.9086608682
0.3908466288 0.9203173467 -0.0159654064 -0.8390764157 0.3491068070 -0.4172232088 -0.3784041245 0.1764664806 0.9086637991
0.4938556560 0.8693971363 -0.0159753075 -0.7934863880 0.4430686088 -0.4172164426 -0.3556486231 0.2187208890 0.9086667319
0.5903422524 0.8069947324 -0.0159852053 -0.7374171643 0.5311798333 -0.4172096721 -0.3281949890 0.2580842623 0.9086696664
0.6790321127 0.7339342932 -0.0159950996 -0.6716091296 0.6122768324 -0.4172028974 -0.2964060847 0.2940366198 0.9086726028
0.7587539038 0.6511807381 -0.0160049906 -0.5969312860 0.6852885804 -0.4171961186 -0.2607020392 0.3261030632 0.9086755411
0.8284547357 0.5598270042 -0.0160148781 -0.5143697774 0.7492508194 -0.4171893355 -0.2215546953 0.3538600500 0.9086784811
0.8872140659 0.4610796115 -0.0160247622 -0.4250148672 0.8033187936 -0.4171825483 -0.1794813747 0.3769409871 0.9086814230
0.9342558582 0.3562427287 -0.0160346428 -0.3300465408 0.8467784060 -0.4171757568 -0.1350380406 0.3950410731 0.9086843666
0.9689588307 0.2467009480 -0.0160445201 -0.2307189232 0.8790556503 -0.4171689612 -0.0888119522 0.4079213232 0.9086873121
0.9908646622 0.1339009997 -0.0160543939 -0.1283437176 0.8997241918 -0.4171621614 -0.0414139039 0.4154117247 0.9086902594
