1955
34888
-0.9686302343 -0.2471949958 0.0254971213 0.2179940821 -0.8944729295 -0.3903802744 0.1193065351 -0.3725759151 0.9203005695
-0.9905949599 -0.1344296748 0.0255007453 0.1139275266 -0.9135728245 -0.3903911027 0.0757769369 -0.3838142219 0.9202958758
-0.9994768416 -0.0198889549 0.0255043638 0.0083573222 -0.9206065860 -0.3904019325 0.0312441717 -0.3899845423 0.9202911814
-0.9951585785 0.0949144182 0.0255079768 -0.0973222055 -0.9154814373 -0.3904127639 -0.0137037210 -0.3910051037 0.9202864863
-0.9776972045 0.2084642303 0.0255115844 -0.2017153012 -0.8982651904 -0.3904235968 -0.0584731864 -0.3868621361 0.9202817906
-0.9473233354 0.3192608235 0.0255151866 -0.3034432140 -0.8691853489 -0.3904344313 -0.1024729917 -0.3776100579 0.9202770942
-0.9044381229 0.4258409017 0.0255187832 -0.4011624071 -0.8286261017 -0.3904452673 -0.1451220348 -0.3633707611 0.9202723972
-0.8496079565 0.5267968571 0.0255223744 -0.4935823022 -0.7771232471 -0.3904561048 -0.1858570183 -0.3443320056 0.9202676995
-0.7835569833 0.6207953603 0.0255259602 -0.5794823239 -0.7153571151 -0.3904669438 -0.2241398898 -0.3207449433 0.9202630011
-0.7071575440 0.7065949692 0.0255295404 -0.6577280201 -0.6441435799 -0.3904777843 -0.2594649484 -0.2929208050 0.9202583021
-0.6214186520 0.7830625256 0.0255331153 -0.7272860439 -0.5644232836 -0.3904886264 -0.2913655252 -0.2612267942 0.9202536024
-0.5274726670 0.8491881201 0.0255366846 -0.7872378005 -0.4772492111 -0.3904994700 -0.3194201482 -0.2260812403 0.9202489020
-0.4265603400 0.9040984305 0.0255402485 -0.8367915785 -0.3837727818 -0.3905103150 -0.3432581107 -0.1879480776 0.9202442010
-0.3200144267 0.9470682555 0.0255438069 -0.8752930049 -0.2852286416 -0.3905211616 -0.3625643700 -0.1473307211 0.9202394994
-0.2092420855 0.9775300927 0.0255473598 -0.9022336864 -0.1829183549 -0.3905320098 -0.3770837106 -0.1047654208 0.9202347971
-0.0957062934 0.9950816331 0.0255509073 -0.9172579224 -0.0781932143 -0.3905428594 -0.3866241187 -0.0608141816 0.9202300941
0.0190934762 0.9994910751 0.0255544493 -0.9201674015 0.0275636072 -0.3905537105 -0.3910593208 -0.0160573433 0.9202253905
0.1336410563 0.9907001854 0.0255579859 -0.9109238188 0.1329553248 -0.3905645631 -0.3903304554 0.0289140827 0.9202206863
0.2464236112 0.9688250682 0.0255615170 -0.8896493804 0.2365899900 -0.3905754172 -0.3844468543 0.0735062170 0.9202159813
0.3559516161 0.9341546315 0.0255650426 -0.8566251878 0.3370988743 -0.3905862728 -0.3734859228 0.1171301557 0.9202112758
0.4607785297 0.8871467721 0.0255685627 -0.8122875234 0.4331545467 -0.3905971300 -0.3575921222 0.1592097468 0.9202065696
0.5595198981 0.8284223274 0.0255720773 -0.7572220871 0.5234884049 -0.3906079886 -0.3369750649 0.1991892002 0.9202018627
0.6508716403 0.7587568763 0.0255755865 -0.6921562588 0.6069074299 -0.3906188486 -0.3119067509 0.2365404284 0.9201971552
0.7336272702 0.6790704961 0.0255790902 -0.6179494907 0.6823099417 -0.3906297102 -0.2827179787 0.2707700222 0.9201924471
0.8066938315 0.5904156107 0.0255825885 -0.5355819540 0.7487001489 -0.3906405733 -0.2497939804 0.3014257681 0.9201877383
0.8691063322 0.4939630914 0.0255860812 -0.4461415933 0.8052012996 -0.3906514378 -0.2135693378 0.3281026233 0.9201830288
0.9200404891 0.3909867932 0.0255895685 -0.3508097552 0.8510672594 -0.3906623039 -0.1745222454 0.3504480669 0.9201783188
0.9588236140 0.2828467304 0.0255930503 -0.2508455861 0.8856923648 -0.3906731714 -0.1331681984 0.3681667584 0.9201736080
0.9849434986 0.1709711155 0.0255965266 -0.1475694005 0.9086194212 -0.3906840404 -0.0900531874 0.3810244415 0.9201688967
0.9980551784 0.0568374961 0.0255999975 -0.0423452426 0.9195457395 -0.3906949108 -0.0457464891 0.3888510408 0.9201641847
0.9979854891 -0.0580467587 0.0256034629 0.0634371292 0.9183271323 -0.3907057828 -0.0008331503 0.3915429119 0.9201594721
0.9847353535 -0.1721643664 0.0256069227 0.1683805983 0.9049798167 -0.3907166562 0.0440937373 0.3890642135 0.9201547588
0.9584797692 -0.2840081701 0.0256103771 0.2710991419 0.8796801986 -0.3907275310 0.0884408694 0.3814473850 0.9201500449
0.9195654973 -0.3921010433 0.0256138261 0.3702361366 0.8427625408 -0.3907384074 0.1316225640 0.3687927219 0.9201453303
0.8685064829 -0.4950153984 0.0256172695 0.4644822760 0.7947145471 -0.3907492851 0.1730684963 0.3512670550 0.9201406152
0.8059770673 -0.5913920412 0.0256207075 0.5525928622 0.7361709194 -0.3907601644 0.2122312314 0.3291015514 0.9201358993
0.7328030817 -0.6799581214 0.0256241400 0.6334042449 0.6679049729 -0.3907710451 0.2485934552 0.3025886651 0.9201311829
0.6499509406 -0.7595439438 0.0256275670 0.7058491890 0.5908184220 -0.3907819273 0.2816748075 0.2720782786 0.9201264658
0.5585148783 -0.8290984158 0.0256309885 0.7689709691 0.5059294690 -0.3907928109 0.3110382280 0.2379730853 0.9201217481
0.4597024971 -0.8877029297 0.0256344045 0.8219360047 0.4143593554 -0.3908036960 0.3362957305 0.2007232749 0.9201170298
0.3548188185 -0.9345834947 0.0256378150 0.8640448675 0.3173175524 -0.3908145825 0.3571135295 0.1608205909 0.9201123108
0.2452490478 -0.9691209586 0.0256412201 0.8947415185 0.2160857854 -0.3908254704 0.3732164514 0.1187918386 0.9201075913
0.1324402793 -0.9908591857 0.0256446196 0.9136206500 0.1120011056 -0.3908363598 0.3843915715 0.0751919307 0.9201028710
0.0178823850 -0.9995110803 0.0256480137 0.9204330371 0.0064382301 -0.3908472507 0.3904910300 0.0305965602 0.9200981502
-0.0969116629 -0.9949623788 0.0256514023 0.9150888278 -0.0992086149 -0.3908581430 0.3914339878 -0.0144054010 0.9200934287
-0.2104257734 -0.9772731583 0.0256547854 0.8976587281 -0.2035441081 -0.3908690367 0.3872076984 -0.0592196773 0.9200887067
-0.3211607601 -0.9466770436 0.0256581630 0.8683730666 -0.3051902621 -0.3908799319 0.3778676798 -0.1032544383 0.9200839840
-0.4276541406 -0.9035781215 0.0256615351 0.8276187505 -0.4028046226 -0.3908908285 0.3635369854 -0.1459281137 0.9200792606
-0.5284994523 -0.8485456038 0.0256649017 0.7759341545 -0.4950979985 -0.3909017265 0.3444045830 -0.1866770745 0.9200745367
-0.6223648269 -0.7823063099 0.0256682628 0.7140020082 -0.5808514880 -0.3909126259 0.3207228625 -0.2249630775 0.9200698121
-0.7080105807 -0.7057350676 0.0256716185 0.6426403779 -0.6589325769 -0.3909235268 0.2928043073 -0.2602803746 0.9200650869
-0.7843055873 -0.6198431590 0.0256749686 0.5627918604 -0.7283100947 -0.3909344291 0.2610173703 -0.2921623936 0.9200603611
-0.8502422163 -0.5257649645 0.0256783132 0.4755111329 -0.7880678329 -0.3909453328 0.2257816117 -0.3201879024 0.9200556347
-0.9049496409 -0.4247429812 0.0256816524 0.3819510218 -0.8374166448 -0.3909562379 0.1875621612 -0.3439865738 0.9200509077
-0.9477053395 -0.3181114128 0.0256849860 0.2833472762 -0.8757048664 -0.3909671445 0.1468635779 -0.3632438796 0.9200461801
-0.9779446374 -0.2072785488 0.0256883142 0.1810022459 -0.9024269220 -0.3909780524 0.1042231896 -0.3777052471 0.9200414518
-0.9952681646 -0.0937081653 0.0256916368 0.0762676802 -0.9172299999 -0.3909889618 0.0602039983 -0.3871794249 0.9200367229
-0.9994471309 0.0210998072 0.0256949540 -0.0294731260 -0.9199187108 -0.3909998726 0.0153872470 -0.3915410115 0.9200319935
-0.9904263466 0.1356290939 0.0256982656 -0.1348236018 -0.9104576666 -0.3910107848 -0.0296352555 -0.3907321158 0.9200272634
-0.9683249519 0.2483671006 0.0257015718 -0.2383923460 -0.8889719460 -0.3910216984 -0.0742689492 -0.3847631253 0.9200225327
-0.9334348435 0.3578248909 0.0257048724 -0.3388115034 -0.8557454414 -0.3910326133 -0.1179243748 -0.3737125727 0.9200178014
-0.8862168188 0.4625568508 0.0257081676 -0.4347548307 -0.8112171072 -0.3910435297 -0.1600249583 -0.3577261030 0.9200130695
-0.8272944909 0.5611797807 0.0257114572 -0.5249552120 -0.7559751612 -0.3910544475 -0.2000146261 -0.3370145536 0.9200083369
-0.7574460521 0.6523911636 0.0257147414 -0.6082213939 -0.6907493142 -0.3910653667 -0.2373651497 -0.3118511739 0.9200036038
-0.6775939960 0.7349863672 0.0257180200 -0.6834537174 -0.6164011305 -0.3910762873 -0.2715831231 -0.2825680206 0.9199988701
-0.5887929347 0.8078745541 0.0257212931 -0.7496586414 -0.5339126484 -0.3910872092 -0.3022164810 -0.2495515753 0.9199941358
-0.4922156697 0.8700930878 0.0257245608 -0.8059618633 -0.4443734079 -0.3910981326 -0.3288604711 -0.2132376442 0.9199894008
-0.3891377034 0.9208202468 0.0257278229 -0.8516198647 -0.3489660603 -0.3911090573 -0.3511630017 -0.1741056054 0.9199846653
-0.2809203927 0.9593860769 0.0257310795 -0.8860297309 -0.2489507471 -0.3911199835 -0.3688292950 -0.1326720808 0.9199799292
-0.1689929702 0.9852812392 0.0257343306 -0.9087371114 -0.1456484562 -0.3911309110 -0.3816257831 -0.0894841157 0.9199751924
-0.0548336676 0.9981637371 0.0257375762 -0.9194422199 -0.0404235745 -0.3911418398 -0.3893831958 -0.0451119559 0.9199704551
0.0600498069 0.9978634331 0.0257408163 -0.9180037917 0.0653341328 -0.3911527701 -0.3919987999 -0.0001415187 0.9199657172
0.1741401812 0.9843842954 0.0257440509 -0.9044409479 0.1702278771 -0.3911637017 -0.3894377601 0.0448333441 0.9199609787
0.2859306582 0.9579043461 0.0257472800 -0.8789329416 0.2728722951 -0.3911746347 -0.3817336021 0.0892186883 0.9199562396
0.3939448157 0.9187733092 0.0257505035 -0.8418167879 0.3719117450 -0.3911855691 -0.3689877745 0.1324283207 0.9199514999
0.4967561057 0.8675079926 0.0257537216 -0.7935828124 0.4660382114 -0.3911965048 -0.3513683130 0.1738915415 0.9199467596
0.5930066952 0.8047854620 0.0257569341 -0.7348681726 0.5540085797 -0.3912074419 -0.3291076244 0.2130606812 0.9199420187
0.6814253989 0.7314340988 0.0257601412 -0.6664484418 0.6346610538 -0.3912183804 -0.3024994218 0.2494183350 0.9199372772
0.7608444677 0.6484226602 0.0257633427 -0.5892273644 0.7069305001 -0.3912293202 -0.2718948493 0.2824841974 0.9199325351
0.8302150114 0.5568474839 0.0257665387 -0.5042249183 0.7698625135 -0.3912402614 -0.2376978474 0.3118214072 0.9199277925
0.8886208514 0.4579180095 0.0257697292 -0.4125638423 0.8226260216 -0.3912512039 -0.2003598223 0.3370423195 0.9199230492
0.9352906207 0.3529408049 0.0257729141 -0.3154548072 0.8645242601 -0.3912621478 -0.1603736869 0.3578136274 0.9199183054
0.9696079511 0.2433023102 0.0257760936 -0.2141804244 0.8950039734 -0.3912730930 -0.1182673536 0.3738607674 0.9199135610
0.9911196140 0.1304505275 0.0257792675 -0.1100783057 0.9136627206 -0.3912840396 -0.0745967650 0.3849715482 0.9199088160
0.9995415058 0.0158758965 0.0257824359 -0.0045233963 0.9202541886 -0.3912949875 -0.0299385534 0.3909989569 0.9199040704
0.9947624005 -0.0989083895 0.0257855988 0.1010901854 0.9146914443 -0.3913059368 0.0151175734 0.3918631040 0.9198993242
0.9768454179 -0.2123863685 0.0257887562 0.2053675600 0.8970480806 -0.3913168874 0.0599766184 0.3875522824 0.9198945775
0.9460271909 -0.3230593313 0.0257919081 0.3069315103 0.8675572431 -0.3913278394 0.1040461534 0.3781231259 0.9198898301
0.9027147394 -0.4294656149 0.0257950544 0.4044406703 0.8266085492 -0.3913387927 0.1467441427 0.3636998653 0.9198850822
0.8474800953 -0.5301999069 0.0257981952 0.4966072410 0.7747429402 -0.3913497473 0.1875066299 0.3444726917 0.9198803338
0.7810527472 -0.6239318052 0.0258013305 0.5822139982 0.7126455362 -0.3913607032 0.2257951870 0.3206952482 0.9198755847
0.7043100063 -0.7094233890 0.0258044603 0.6601303679 0.6411365851 -0.3913716605 0.2611040262 0.2926812845 0.9198708351
0.6182654196 -0.7855455681 0.0258075845 0.7293273575 0.5611606285 -0.3913826191 0.2929666815 0.2608005167 0.9198660848
0.5240553839 -0.8512929943 0.0258107033 0.7888911454 0.4737740252 -0.3913935791 0.3209621711 0.2254737476 0.9198613340
0.4229241372 -0.9057973400 0.0258138165 0.8380351484 0.3801309983 -0.3914045403 0.3447205596 0.1871673130 0.9198565827
0.3162073261 -0.9483387651 0.0258169242 0.8761104094 0.2814683902 -0.3914155029 0.3639278465 0.1463869256 0.9198518307
0.2053143660 -0.9783554249 0.0258200263 0.9026141670 0.1790893261 -0.3914264668 0.3783301161 0.1036709984 0.9198470782
0.0917098263 -0.9954508898 0.0258231229 0.9171964941 0.0743460024 -0.3914374320 0.3877368940 0.0595835367 0.9198423252
-0.0231059114 -0.9993993814 0.0258262140 0.9196649181 -0.0313781726 -0.3914483985 0.3920236667 0.0147066910 0.9198375715
-0.1376164698 -0.9901487537 0.0258292996 0.9099869612 -0.1366868503 -0.3914593663 0.3911335293 -0.0303669302 0.9198328173
-0.2503095022 -0.9678211825 0.0258323797 0.8882905675 -0.2401891840 -0.3914703355 0.3850779412 -0.0750420856 0.9198280625
-0.3596966662 -0.9327115512 0.0258354542 0.8548624121 -0.3405181984 -0.3914813059 0.3739365784 -0.1187287619 0.9198233072
-0.4643332805 -0.8852835565 0.0258385232 0.8101441128 -0.4363488433 -0.3914922777 0.3578562856 -0.1608499662 0.9198185513
-0.5628374049 -0.8261635843 0.0258415866 0.7547263958 -0.5264154938 -0.3915032507 0.3370491404 -0.2008493461 0.9198137948
-0.6539080914 -0.7561324370 0.0258446445 0.6893412927 -0.6095286652 -0.3915142250 0.3117896568 -0.2381985390 0.9198090378
-0.7363425661 -0.6761150213 0.0258476969 0.6148524705 -0.6845907221 -0.3915252007 0.2824111629 -0.2724041506 0.9198042802
-0.8090521139 -0.5871681327 0.0258507438 0.5322438234 -0.7506103743 -0.3915361776 0.2493014028 -0.3030142735 0.9197995220
-0.8710764578 -0.4904664988 0.0258537851 0.4426064773 -0.8067157684 -0.3915471558 0.2128974188 -0.3296244568 0.9197947633
-0.9215964409 -0.3872872642 0.0258568209 0.3471243772 -0.8521660011 -0.3915581354 0.1736797827 -0.3518830511 0.9197900040
-0.9599448449 -0.2789931233 0.0258598512 0.2470586502 -0.8863609031 -0.3915691162 0.1321662517 -0.3694958546 0.9197852442
-0.9856152026 -0.1670143230 0.0258628759 0.1437309477 -0.9088489651 -0.3915800983 0.0889049330 -0.3822300022 0.9197804838
-0.9982684862 -0.0528297737 0.0258658951 0.0385059899 -0.9193332984 -0.3915910816 0.0444670469 -0.3899170444 0.9197757228
-0.9977375852 0.0620524832 0.0258689087 -0.0672264593 -0.9176755553 -0.3916020663 -0.0005606155 -0.3924551751 0.9197709613
-0.9840295133 0.1761151919 0.0258719169 -0.1720699476 -0.9038977544 -0.3916130522 -0.0455834403 -0.3898105805 0.9197661992
-0.9573253159 0.2878519204 0.0258749194 -0.2746397780 -0.8781819880 -0.3916240394 -0.0900068436 -0.3820178894 0.9197614366
-0.9179776786 0.3957869566 0.0258779165 -0.3735812966 -0.8408680157 -0.3916350279 -0.1332441235 -0.3691797193 0.9197566735
-0.8665062697 0.4984947976 0.0258809080 -0.4675877839 -0.7924487752 -0.3916460176 -0.1747242085 -0.3514653262 0.9197519097
-0.8035908765 0.5946189766 0.0258838939 -0.5554177125 -0.7335638706 -0.3916570086 -0.2138992002 -0.3291083720 0.9197471455
-0.7300624276 0.6828899776 0.0258868744 -0.6359111441 -0.6649911232 -0.3916680009 -0.2502516107 -0.3024038435 0.9197423807
-0.6468920186 0.7621420025 0.0258898492 -0.7080050476 -0.5876362973 -0.3916789945 -0.2833011980 -0.2717041593 0.9197376153
-0.5551780869 0.8313283670 0.0258928186 -0.7707473389 -0.5025211358 -0.3916899893 -0.3126113105 -0.2374145199 0.9197328494
-0.4561319041 0.8895353250 0.0258957824 -0.8233094535 -0.4107698648 -0.3917009853 -0.3377946563 -0.1999875587 0.9197280829
-0.3510615795 0.9359941360 0.0258987406 -0.8649972889 -0.3135943444 -0.3917119826 -0.3585184202 -0.1599173678 0.9197233159
-0.2413547830 0.9700912179 0.0259016934 -0.8952603701 -0.2122780621 -0.3917229812 -0.3745086626 -0.1177329747 0.9197185484
-0.1284604185 0.9913762507 0.0259046405 -0.9136991188 -0.1081591809 -0.3917339810 -0.3855539407 -0.0739913584 0.9197137803
-0.0138694880 0.9995681240 0.0259075822 -0.9200701288 -0.0026128648 -0.3917449821 -0.3915081038 -0.0292700948 0.9197090117
0.1009045999 0.9945586492 0.0259105182 -0.9142893795 0.1029668836 -0.3917559844 -0.3922922280 0.0158402692 0.9197042425
0.2143460182 0.9764139889 0.0259134488 -0.8964333439 0.2071856343 -0.3917669880 -0.3878956618 0.0607440144 0.9196994728
0.3249565405 0.9453737824 0.0259163738 -0.8667379766 0.3086669471 -0.3917779928 -0.3783761709 0.1048481158 0.9196947026
0.4312753285 0.9018479812 0.0259192932 -0.8255955963 0.4060705502 -0.3917889988 -0.3638591793 0.1475700749 0.9196899318
0.5318982253 0.8464114349 0.0259222071 -0.7735497024 0.4981100412 -0.3918000061 -0.3445361170 0.1883456123 0.9196851605
0.6254963001 0.7797962984 0.0259251154 -0.7112877951 0.5835698770 -0.3918110147 -0.3206618953 0.2266361218 0.9196803886
0.7108333995 0.7028823629 0.0259280182 -0.6396322944 0.6613214265 -0.3918220244 -0.2925515443 0.2619357838 0.9196756162
0.7867824734 0.6166854361 0.0259309155 -0.5595296762 0.7303378765 -0.3918330354 -0.2605760561 0.2937782480 0.9196708433
0.8523404601 0.5223439267 0.0259338072 -0.4720379706 0.7897077920 -0.3918440476 -0.2251574881 0.3217427941 0.9196660698
0.9066415334 0.4211038089 0.0259366933 -0.3783127873 0.8386471523 -0.3918550610 -0.1867633927 0.3454598907 0.9196612958
0.9489685381 0.3143021670 0.0259395739 -0.2795920519 0.8765097052 -0.3918660757 -0.1459006451 0.3646160783 0.9196565213
0.9787624611 0.2033495366 0.0259424490 -0.1771796550 0.9027955001 -0.3918770916 -0.1031087512 0.3789581124 0.9196517463
0.9956298145 0.0897112753 0.0259453184 -0.0724282311 0.9171574901 -0.3918881087 -0.0589527251 0.3882963114 0.9196469707
0.9993478322 -0.0251117904 0.0259481824 0.0332787070 0.9194061137 -0.3918991270 -0.0140156288 0.3925070650 0.9196421946
0.9898674123 -0.1396031864 0.0259510408 0.1385450408 0.9095117969 -0.3919101465 0.0311091275 0.3915344706 0.9196374180
0.9673137649 -0.2522508189 0.0259538936 0.2419804857 0.8876053420 -0.3919211673 0.0758256208 0.3853910756 0.9196326408
0.9319847593 -0.3615669454 0.0259567409 0.3422189523 0.8539761986 -0.3919321892 0.1195432856 0.3741577157 0.9196278631
0.8843469893 -0.4661078229 0.0259595826 0.4379365890 0.8090686388 -0.3919432124 0.1616847133 0.3579824509 0.9196230849
0.8250296112 -0.5644927754 0.0259624188 0.5278692661 0.7534758883 -0.3919542367 0.2016932784 0.3370786145 0.9196183062
0.7548160342 -0.6554224289 0.0259652494 0.6108292709 0.6879322895 -0.3919652623 0.2390404908 0.3117219992 0.9196135270
0.6746335743 -0.7376958720 0.0259680744 0.6857209934 0.6133036018 -0.3919762891 0.2732329768 0.2822472187 0.9196087472
0.5855412067 -0.8102265164 0.0259708939 0.7515553955 0.5305755655 -0.3919873170 0.3038189966 0.2490432920 0.9196039669
0.4887155800 -0.8720564479 0.0259737078 0.8074630726 0.4408408816 -0.3919983462 0.3303944131 0.2125485090 0.9195991861
0.3854354763 -0.9223690770 0.0259765162 0.8527057347 0.3452847791 -0.3920093765 0.3526080311 0.1732446451 0.9195944048
0.2770649220 -0.9604999240 0.0259793190 0.8866859559 0.2451693603 -0.3920204081 0.3701662391 0.1316506011 0.9195896230
0.1650351732 -0.9859453947 0.0259821163 0.9089550636 0.1418169308 -0.3920314408 0.3828368896 0.0883155529 0.9195848406
0.0508258129 -0.9983694313 0.0259849080 0.9192190623 0.0365925351 -0.3920424747 0.3904523688 0.0438117002 0.9195800577
-0.0640547898 -0.9976079509 0.0259876941 0.9173425153 -0.0691140730 -0.3920535098 0.3929118139 -0.0012732885 0.9195752744
-0.1780894010 -0.9836710123 0.0259904747 0.9033503318 -0.1739067849 -0.3920645461 0.3901824488 -0.0463440363 0.9195704905
-0.2897719600 -0.9567426834 0.0259932497 0.8774274358 -0.2764015769 -0.3920755835 0.3823000211 -0.0908053199 0.9195657061
-0.3976274700 -0.9171786097 0.0259960191 0.8399163227 -0.3752447889 -0.3920866222 0.3693683337 -0.1340699308 0.9195609212
-0.5002314785 -0.8655013179 0.0259987830 0.7913125338 -0.4691310023 -0.3920976620 0.3515578783 -0.1755664303 0.9195561357
-0.5962288900 -0.8023933142 0.0260015413 0.7322581100 -0.5568202811 -0.3921087029 0.3291035872 -0.2147466972 0.9195513498
-0.6843518628 -0.7286880709 0.0260042940 0.6635331108 -0.6371545467 -0.3921197451 0.3023017348 -0.2510931679 0.9195465634
-0.7634365536 -0.6453590183 0.0260070412 0.5860453100 -0.7090728731 -0.3921307884 0.2715060281 -0.2841256731 0.9195417764
-0.8324384882 -0.5535066888 0.0260097828 0.5008182056 -0.7716254971 -0.3921418329 0.2371229390 -0.3134077818 0.9195369890
-0.8904463562 -0.4543441818 0.0260125189 0.4089775005 -0.8239863615 -0.3921528785 0.1996063395 -0.3385525668 0.9195322010
-0.9366940463 -0.3491811427 0.0260152494 0.3117362340 -0.8654640236 -0.3921639253 0.1594515100 -0.3592277182 0.9195274126
-0.9705707646 -0.2394064657 0.0260179743 0.2103787600 -0.8955107859 -0.3921749733 0.1171886009 -0.3751599345 0.9195226236
-0.9916291015 -0.1264699512 0.0260206936 0.1062437831 -0.9137299286 -0.3921860224 0.0733756336 -0.3861385361 0.9195178342
-0.9995909402 -0.0118631578 0.0260234074 0.0007066777 -0.9198809471 -0.3921970726 0.0285911324 -0.3920182504 0.9195130442
-0.9943511303 0.1029002967 0.0260261156 -0.1048386778 -0.9138827272 -0.3922081241 -0.0165735148 -0.3927211350 0.9195082538
-0.9759788759 0.2163047256 0.0260288182 -0.2089983104 -0.8958146146 -0.3922191766 -0.0615218656 -0.3882376102 0.9195034628
-0.9447168224 0.3268523912 0.0260315153 -0.3103965633 -0.8659153653 -0.3922302303 -0.1056602996 -0.3786265897 0.9194986714
-0.9009778510 0.4330832853 0.0260342068 -0.4076942643 -0.8245799907 -0.3922412852 -0.1484058584 -0.3640147070 0.9194938794
-0.8453396263 0.5335944119 0.0260368927 -0.4996064124 -0.7723545387 -0.3922523412 -0.1891939451 -0.3445946461 0.9194890870
-0.7785369667 0.6270583163 0.0260395731 -0.5849191490 -0.7099288806 -0.3922633983 -0.2274857812 -0.3206226012 0.9194842940
-0.7014521399 0.7122406172 0.0260422478 -0.6625057882 -0.6381275980 -0.3922744566 -0.2627755240 -0.2924148969 0.9194795006
-0.6151032104 0.7880163087 0.0260449170 -0.7313416974 -0.5578990909 -0.3922855160 -0.2945969487 -0.2603438141 0.9194747067
-0.5206305942 0.8533846190 0.0260475807 -0.7905178281 -0.4703030508 -0.3922965765 -0.3225296078 -0.2248326766 0.9194699123
-0.4192819969 0.9074822269 0.0260502387 -0.8392527212 -0.3764964636 -0.3923076382 -0.3462043864 -0.1863502636 0.9194651174
-0.3123959354 0.9495946643 0.0260528912 -0.8769028266 -0.2777183279 -0.3923187009 -0.3653083797 -0.1454046215 0.9194603220
-0.2013840600 0.9791657517 0.0260555381 -0.9029710013 -0.1752732905 -0.3923297649 -0.3795890292 -0.1025363562 0.9194555261
-0.0877125108 0.9958049441 0.0260581794 -0.9171130740 -0.0705144145 -0.3923408299 -0.3888574609 -0.0583114963 0.9194507298
0.0271174463 0.9992924887 0.0260608151 -0.9191423887 0.0351746911 -0.3923518960 -0.3929909838 -0.0133140184 0.9194459329
0.1415892461 0.9895823271 0.0260634453 -0.9090322687 0.1403981462 -0.3923629633 -0.3919347137 0.0318618634 0.9194411356
0.2541910539 0.9668027038 0.0260660699 -0.8869163670 0.2437662349 -0.3923740317 -0.3857023025 0.0766195446 0.9194363378
0.3634357324 0.9312544721 0.0260686889 -0.8530868994 0.3439137602 -0.3923851012 -0.3743757611 0.1203679096 0.9194315395
0.4678804821 0.8834071212 0.0260713023 -0.8079907838 0.4395180742 -0.3923961718 -0.3581043811 0.1625291380 0.9194267407
0.5661458966 0.8238925749 0.0260739102 -0.7522237358 0.5293165467 -0.3924072435 -0.3371027664 0.2025463366 0.9194219415
0.6569341807 0.7534968465 0.0260765125 -0.6865223990 0.6121232398 -0.3924183163 -0.3116480031 0.2398908952 0.9194171417
0.7390462901 0.6731496574 0.0260791091 -0.6117546151 0.6868445709 -0.3924293902 -0.2820760041 0.2740694696 0.9194123415
0.8113977671 0.5839121582 0.0260817003 -0.5289079600 0.7524937548 -0.3924404653 -0.2487770756 0.3046304984 0.9194075408
0.8730330637 0.4869629141 0.0260842858 -0.4390767000 0.8082038352 -0.3924515414 -0.2121907660 0.3311701694 0.9194027397
0.9231381609 0.3835823398 0.0260868657 -0.3434473377 0.8532391337 -0.3924626186 -0.1728000642 0.3533377554 0.9193979380
0.9610513197 0.2751357884 0.0260894401 -0.2432829409 0.8870049650 -0.3924736969 -0.1311250229 0.3708402486 0.9193931359
0.9862718208 0.1630555196 0.0260920088 -0.1399064599 0.9090554894 -0.3924847763 -0.0877158930 0.3834462344 0.9193883333
0.9984665777 0.0488217836 0.0260945720 -0.0346832544 0.9190995997 -0.3924958568 -0.0431458585 0.3909889502 0.9193835303
0.9974745352 -0.0660567289 0.0260971296 0.0709969398 0.9170047644 -0.3925069384 0.0019965322 0.3933684923 0.9193787267
0.9833087971 -0.1800628115 0.0260996817 0.1757383659 0.9027987760 -0.3925180210 0.0471151378 0.3905531385 0.9193739227
0.9561564529 -0.2916907803 0.0261022281 0.2781576799 0.8766693829 -0.3925291048 0.0916140967 0.3825797717 0.9193691183
0.9163761065 -0.3994663596 0.0261047689 0.3769022214 0.8389618079 -0.3925401896 0.1349056964 0.3695533960 0.9193643133
0.8644931407 -0.5019661525 0.0261073042 0.4706678777 0.7901741865 -0.3925512755 0.1764181356 0.3516457545 0.9193595079
0.8011927780 -0.5978364400 0.0261098339 0.5582163074 0.7309509872 -0.3925623625 0.2156030764 0.3290930648 0.9193547020
0.7273110310 -0.6858110592 0.0261123580 0.6383912950 0.6620744976 -0.3925734505 0.2519428876 0.3021929030 0.9193498957
0.6438236609 -0.7647281261 0.0261148764 0.7101340203 0.5844544913 -0.3925845396 0.2849574825 0.2713002777 0.9193450889
0.5518332908 -0.8335453804 0.0261173893 0.7724970418 0.4991162108 -0.3925956298 0.3142106612 0.2368229443 0.9193402816
0.4525548432 -0.8913539504 0.0261198967 0.8246568084 0.4071868257 -0.3926067210 0.3393158740 0.1992160237 0.9193354739
0.3472994944 -0.9373903571 0.0261223984 0.8659245352 0.3098805446 -0.3926178134 0.3599413292 0.1589759937 0.9193306657
0.2374573578 -0.9710465968 0.0261248945 0.8957552993 0.2084825780 -0.3926289067 0.3758143783 0.1166341355 0.9193258571
0.1244791245 -0.9918781716 0.0261273851 0.9137552349 0.1043321630 -0.3926400011 0.3867251198 0.0727495184 0.9193210480
0.0098569039 -0.9996099596 0.0261298700 0.9196867336 -0.0011951245 -0.3926510966 0.3925291753 0.0279016189 0.9193162384
-0.1048954823 -0.9941398484 0.0261323494 0.9134715815 -0.1067055383 -0.3926621932 0.3931495996 -0.0173173316 0.9193114284
-0.2182624937 -0.9755400837 0.0261348231 0.8951919898 -0.2108055696 -0.3926732908 0.3885779012 -0.0623101673 0.9193066179
-0.3287468869 -0.9440563153 0.0261372913 0.8650895078 -0.3121203514 -0.3926843894 0.3788741582 -0.1064826741 0.9193018070
-0.4348894894 -0.9001043525 0.0261397539 0.8235618311 -0.4093118166 -0.3926954891 0.3641662290 -0.1492514372 0.9192969956
-0.5352884712 -0.8442646726 0.0261422109 0.7711575470 -0.5010963700 -0.3927065898 0.3446480674 -0.1900515469 0.9192921838
-0.6286178587 -0.7772747547 0.0261446622 0.7085688879 -0.5862618407 -0.3927176916 0.3205771652 -0.2283440601 0.9192873715
-0.7136450471 -0.7000193394 0.0261471080 0.6366225873 -0.6636834904 -0.3927287944 0.2922711551 -0.2636231194 0.9192825588
-0.7892470792 -0.6135187439 0.0261495482 0.5562689593 -0.7323388678 -0.3927398982 0.2601036196 -0.2954226356 0.9192777456
-0.8544254764 -0.5189153872 0.0261519828 0.4685693464 -0.7913213110 -0.3927510031 0.2244991602 -0.3233224454 0.9192729319
-0.9083194259 -0.4174587014 0.0261544118 0.3746821005 -0.8398519211 -0.3927621090 0.1859277930 -0.3469538634 0.9192681178
-0.9502171489 -0.3104886308 0.0261568352 0.2758472836 -0.8772898478 -0.3927732159 0.1448987440 -0.3660045535 0.9192633033
-0.9795653019 -0.1994179352 0.0261592530 0.1733702890 -0.9031407519 -0.3927843239 0.1019537263 -0.3802226575 0.9192584883
-0.9959762838 -0.0857135312 0.0261616652 0.0686045994 -0.9170633331 -0.3927954329 0.0576597875 -0.3894201249 0.9192536729
-0.9992333557 0.0291228813 0.0261640718 -0.0370660887 -0.9188738352 -0.3928065429 0.0126018227 -0.3934751998 0.9192488571
-0.9892935030 0.1435746519 0.0261664728 -0.1422461410 -0.9085484721 -0.3928176539 -0.0326251490 -0.3923340326 0.9192440408
-0.9662880034 0.2561302106 0.0261688682 -0.2455464174 -0.8862237401 -0.3928287660 -0.0774238423 -0.3860113958 0.9192392240
-0.9305206935 0.3653030308 0.0261712580 -0.3456026192 -0.8521946134 -0.3928398790 -0.1212025933 -0.3745904920 0.9192344068
-0.8824639553 0.4696512621 0.0261736423 -0.4410933076 -0.8069106464 -0.3928509931 -0.1633831741 -0.3582218596 0.9192295892
-0.8227524782 0.5677967730 0.0261760209 -0.5307573553 -0.7509700352 -0.3928621082 -0.2034084300 -0.3371213887 0.9192247711
-0.7521748761 0.6584433517 0.0261783938 -0.6134106026 -0.6851117151 -0.3928732243 -0.2407496383 -0.3115674731 0.9192199527
-0.6716632721 0.7403938254 0.0261807612 -0.6879614961 -0.6102056000 -0.3928843414 -0.2749134933 -0.2818973380 0.9192151337
-0.5822809882 0.8125658711 0.0261831230 -0.7534255036 -0.5272410914 -0.3928954595 -0.3054486229 -0.2485025891 0.9192103143
-0.4852085018 0.8740063103 0.0261854792 -0.8089381168 -0.4373140104 -0.3929065786 -0.3319515521 -0.2118240446 0.9192054945
-0.3817278547 0.9239036976 0.0261878298 -0.8537662674 -0.3416121233 -0.3929176987 -0.3540720345 -0.1723459159 0.9192006743
-0.2732057219 0.9615990371 0.0261901748 -0.8873180074 -0.2413994538 -0.3929288198 -0.3715176809 -0.1305894156 0.9191958536
-0.1610753611 0.9865944862 0.0261925142 -0.9091503264 -0.1379995875 -0.3929399419 -0.3840578239 -0.0871058758 0.9191910325
-0.0468176838 0.9985599303 0.0261948479 -0.9189750001 -0.0327781905 -0.3929510649 -0.3915265683 -0.0424694691 0.9191862110
0.0680583029 0.9973373428 0.0261971761 -0.9166623960 0.0728750278 -0.3929621890 -0.3938249854 0.0027303735 0.9191813890
0.1820354262 0.9829428721 0.0261994986 -0.9022431837 0.1775646695 -0.3929733141 -0.3909224233 0.0478967456 0.9191765667
0.2936083847 0.9555666284 0.0262018156 -0.8759079279 0.2799080773 -0.3929844401 -0.3828569163 0.0924331487 0.9191717438
0.4013036293 0.9155701725 0.0262041269 -0.8380045700 0.3785535958 -0.3929955671 -0.3697346857 0.1357513693 0.9191669206
0.5036988240 0.8634817413 0.0262064326 -0.7890338313 0.4721984229 -0.3930066951 -0.3517287416 0.1772792482 0.9191620969
0.5994416312 0.7999892706 0.0262087328 -0.7296425981 0.5596058157 -0.3930178241 -0.3290766017 0.2164682377 0.9191572729
0.6872675718 0.7259313100 0.0262110273 -0.6606153762 0.6396214239 -0.3930289541 -0.3020771581 0.2528006473 0.9191524483
0.7660167252 0.6422859478 0.0262133162 -0.5828639290 0.7111885347 -0.3930400850 -0.2710867335 0.2857964823 0.9191476234
0.8346490486 0.5501578937 0.0262155995 -0.4974152333 0.7733620281 -0.3930512169 -0.2365143788 0.3150197857 0.9191427981
0.8922581128 0.4507638884 0.0262178771 -0.4053979154 0.8253208584 -0.3930623498 -0.1988164740 0.3400843977 0.9191379723
0.9380830734 0.3454166341 0.0262201492 -0.3080273433 0.8663788965 -0.3930734836 -0.1584907036 0.3606590587 0.9191331461
0.9715187194 0.2355074581 0.0262224157 -0.2065895745 0.8959939902 -0.3930846184 -0.1160694861 0.3764717874 0.9191283195
0.9921234660 0.1224879366 0.0262246765 -0.1024243694 0.9137751237 -0.3930957541 -0.0721129448 0.3873134761 0.9191234925
0.9996251868 0.0078507243 0.0262269317 0.0030925032 0.9194875795 -0.3931068909 -0.0272015118 0.3930406561 0.9191186650
0.9939248080 -0.1068901592 0.0262291814 0.1085674373 0.9130560373 -0.3931180285 0.0180717363 0.3935773960 0.9191138372
0.9750976161 -0.2202193256 0.0262314254 0.2126073952 0.8945655669 -0.3931291671 0.0631089102 0.3889163087 0.9191090089
0.9433922645 -0.3306400312 0.0262336637 0.3138383061 0.8642605029 -0.3931403067 0.1073152039 0.3791186528 0.9191041802
0.8992274887 -0.4366939447 0.0262358965 0.4109232132 0.8225412162 -0.3931514472 0.1501067501 0.3643135275 0.9190993511
0.8431865766 -0.5369804073 0.0262381237 0.5025799314 0.7699588245 -0.3931625887 0.1909183322 0.3446961716 0.9190945216
0.7760096647 -0.6301749317 0.0262403452 0.5875979806 0.7072079117 -0.3931737311 0.2292108494 0.3205253891 0.9190896917
0.6985839630 -0.7150466940 0.0262425611 0.6648545722 0.6351173532 -0.3931848745 0.2644784386 0.2921201346 0.9190848614
0.6119320377 -0.7904747897 0.0262447715 0.7333294371 0.5546393672 -0.3931960187 0.2962551568 0.2598553045 0.9190800307
0.5171983062 -0.8554630374 0.0262469762 0.7921182997 0.4668369367 -0.3932071640 0.3241211369 0.2241567893 0.9190751996
0.4156339223 -0.9091531353 0.0262491752 0.8404448198 0.3728697702 -0.3932183101 0.3477081356 0.1854958519 0.9190703680
0.3085802526 -0.9508359971 0.0262513687 0.8776708443 0.2739789829 -0.3932294572 0.3667043997 0.1443829062 0.9190655361
0.1974511608 -0.9799611165 0.0262535565 0.9033048343 0.1714707052 -0.3932406052 0.3808587867 0.1013607785 0.9190607037
0.0837143347 -0.9961438382 0.0262557387 0.9170083554 0.0666988306 -0.3932517542 0.3899840847 0.0569975408 0.9190558710
-0.0311280976 -0.9991704376 0.0262579153 0.9186005457 -0.0389528653 -0.3932629041 0.3939594890 0.0118790093 0.9190510378
-0.1455594065 -0.9890009439 0.0262600863 0.9080605032 -0.1440890015 -0.3932740549 0.3927322011 -0.0333989908 0.9190462043
-0.2580682921 -0.9657696675 0.0262622517 0.8855275597 -0.2473210208 -0.3932852066 0.3863181301 -0.0782384939 0.9190413704
-0.3671688443 -0.9297834267 0.0262644114 0.8512994394 -0.3472855285 -0.3932963592 0.3748016866 -0.1220472910 0.9190365360
-0.4714201672 -0.8815174947 0.0262665655 0.8058283248 -0.4426622994 -0.3933075128 0.3583346716 -0.1642467509 0.9190317013
-0.5694454091 -0.8216093236 0.0262687140 0.7497148831 -0.5321917137 -0.3933186672 0.3371342761 -0.2042794635 0.9190268661
-0.6599499466 -0.7508501249 0.0262708569 0.6837003313 -0.6146913922 -0.3933298226 0.3114802160 -0.2416166019 0.9190220306
-0.7417384827 -0.6701744199 0.0262729942 0.6086566455 -0.6890718121 -0.3933409789 0.2817110420 -0.2757649084 0.9190171947
-0.8137308332 -0.5806476977 0.0262751258 0.5255750429 -0.7543506952 -0.3933521361 0.2482196716 -0.3062732111 0.9190123584
-0.8749761928 -0.4834523431 0.0262772518 0.4355528894 -0.8096659801 -0.3933632942 0.2114482031 -0.3327383846 0.9190075217
-0.9246656923 -0.3798720207 0.0262793722 0.3397792050 -0.8542872067 -0.3933744531 0.1718820798 -0.3548106769 0.9190026846
-0.9621430813 -0.2712747216 0.0262814869 0.2395189595 -0.8876251616 -0.3933856130 0.1300436817 -0.3721983315 0.9189978471
-0.9869133955 -0.1590946961 0.0262835960 0.1360963646 -0.9092396592 -0.3933967738 0.0864854281 -0.3846714440 0.9189930092
-0.9986494937 -0.0448135116 0.0262856995 0.0308773843 -0.9188453534 -0.3934079355 0.0417824840 -0.3920650019 0.9189881709
-0.9971963779 0.0700595143 0.0262877974 -0.0747483068 -0.9163155046 -0.3934190981 -0.0034748346 -0.3942810679 0.9189833323
-0.9825732412 0.1840072482 0.0262898897 -0.1793856766 -0.9016836520 -0.3934302615 -0.0486888560 -0.3912900769 0.9189784932
-0.9549732134 0.2955247767 0.0262919763 -0.2816527611 -0.8751431692 -0.3934414259 -0.0932624461 -0.3831312305 0.9189736538
-0.9147608109 0.4031392829 0.0262940573 -0.3801989156 -0.8370447080 -0.3934525911 -0.1366068939 -0.3699119833 0.9189688140
-0.8624671222 0.5054294971 0.0262961327 -0.4737226529 -0.7878915661 -0.3934637572 -0.1781496878 -0.3518066281 0.9189639738
-0.7987827939 0.6010444681 0.0262982024 -0.5609888321 -0.7283330380 -0.3934749242 -0.2173420769 -0.3290539971 0.9189591333
-0.7245489094 0.6887214051 0.0263002665 -0.6408449704 -0.6591558384 -0.3934860921 -0.2536663200 -0.3019543124 0.9189542923
-0.6407458802 0.7673023555 0.0263023250 -0.7122364634 -0.5812737100 -0.3934972608 -0.2866425250 -0.2708652237 0.9189494510
-0.5484804981 0.8357494977 0.0263043779 -0.7742205131 -0.4957153541 -0.3935084304 -0.3158349891 -0.2361970888 0.9189446093
-0.4489713173 0.8931588483 0.0263064251 -0.8259785776 -0.4036108436 -0.3935196009 -0.3408579551 -0.1984075572 0.9189397672
-0.3435325613 0.9387722002 0.0263084667 -0.8668271812 -0.3061766960 -0.3935307722 -0.3613807095 -0.1579955282 0.9189349247
-0.2335567654 0.9719871372 0.0263105026 -0.8962269396 -0.2046998063 -0.3935419444 -0.3771319531 -0.1154945649 0.9189300819
-0.1204963857 0.9923649891 0.0263125330 -0.9137896820 -0.1005204493 -0.3935531175 -0.3879033876 -0.0714658494 0.9189252387
-0.0058446166 0.9996366262 0.0263145577 -0.9192835765 0.0049854218 -0.3935642915 -0.3935524697 -0.0264907731 0.9189203951
0.1088843305 0.9937060130 0.0263165767 -0.9126361901 0.1104243489 -0.3935754663 -0.3940042983 0.0188367408 0.9189155512
0.2221752246 0.9746514769 0.0263185902 -0.8939354438 0.2144037725 -0.3935866419 -0.3892526068 0.0639180800 0.9189107068
0.3325318277 0.9427246733 0.0263205980 -0.8634284494 0.3155504240 -0.3935978184 -0.3793598506 0.1081578488 0.9189058621
0.4384966551 0.8983472626 0.0263226002 -0.8215182447 0.4125284621 -0.3936089958 -0.3644563856 0.1509717318 0.9189010171
0.5386702247 0.8421053406 0.0263245967 -0.7687584683 0.5040571159 -0.3936201740 -0.3447387509 0.1917942109 0.9188961716
0.6317295399 0.7747416984 0.0263265876 -0.7058460462 0.5889275991 -0.3936313530 -0.3204670770 0.2300860358 0.9188913258
0.7164455626 0.6971460120 0.0263285729 -0.6336119858 0.6660190746 -0.3936425329 -0.2919616537 0.2653413466 0.9188864797
0.7916994451 0.6103430926 0.0263305525 -0.5530103991 0.7343134564 -0.3936537136 -0.2595987040 0.2970943573 0.9188816331
0.8564973067 0.5154793514 0.0263325265 -0.4651059002 0.7929088547 -0.3936648952 -0.2238054183 0.3249255091 0.9188767863
0.9099833600 0.4138076592 0.0263344948 -0.3710595434 0.8410314864 -0.3936760776 -0.1850543155 0.3484670142 0.9188719390
0.9514512134 0.3066707998 0.0263364576 -0.2721134881 0.8780458930 -0.3936872609 -0.1438570056 0.3674077167 0.9188670914
0.9803532002 0.1954837354 0.0263384147 -0.1695745921 0.9034633319 -0.3936984449 -0.1007574345 0.3814972045 0.9188622434
0.9963076117 0.0817149193 0.0263403661 -0.0647971511 0.9169482300 -0.3937096298 -0.0563247027 0.3905491203 0.9188573951
0.9991037386 -0.0331330979 0.0263423119 0.0408349884 0.9183226138 -0.3937208156 -0.0111455504 0.3944436268 0.9188525464
0.9887046537 -0.1475435129 0.0263442521 0.1459267064 0.9075684585 -0.3937320021 0.0341833905 0.3931289927 0.9188476973
0.9652476995 -0.2600053019 0.0263461866 0.2490900348 0.8848279241 -0.3937431895 0.0790634752 0.3866222804 0.9188428479
0.9290426746 -0.3690331767 0.0263481155 0.3489624891 0.8504014765 -0.3937543777 0.1229019525 0.3750091242 0.9188379982
0.8805677418 -0.4731872014 0.0263500388 0.4442250623 0.8047439173 -0.3937655667 0.1651197931 0.3584426035 0.9188331480
0.8204631131 -0.5710918091 0.0263519564 0.5336196456 0.7484583755 -0.3937767565 0.2051593378 0.3371412252 0.9188282976
0.7495225944 -0.6614539698 0.0263538684 0.6159656431 0.6822883402 -0.3937879472 0.2424916638 0.3113860413 0.9188234467
0.6686831016 -0.7430802667 0.0263557747 0.6901755641 0.6071078398 -0.3937991386 0.2766235715 0.2815169411 0.9188185956
0.5790122869 -0.8148926583 0.0263576754 0.7552693845 0.5239098970 -0.3938103309 0.3071041004 0.2479281656 0.9188137440
0.4816944379 -0.8759427159 0.0263595705 0.8103874891 0.4337934125 -0.3938215240 0.3335304872 0.2110631037 0.9188088922
0.3780148369 -0.9254241495 0.0263614599 0.8548020239 0.3379486503 -0.3938327178 0.3555534882 0.1714084399 0.9188040399
0.2693427860 -0.9626834567 0.0263633437 0.8879265072 0.2376415168 -0.3938439125 0.3728819941 0.1294877283 0.9187991874
0.1571135227 -0.9872285531 0.0263652218 0.9093235738 0.1341968405 -0.3938551079 0.3852868789 0.0858544812 0.9187943345
0.0428092647 -0.9987352718 0.0263670943 0.9187107506 0.0289808747 -0.3938663042 0.3926040289 0.0410848598 0.9187894812
-0.0720603660 -0.9970516444 0.0263689611 0.9159641848 -0.0766167483 -0.3938775013 0.3947365144 -0.0042299329 0.9187846276
-0.1859782807 -0.9821999078 0.0263708223 0.9011202784 -0.1812013700 -0.3938886991 0.3916558731 -0.0494914603 0.9187797736
-0.2974399599 -0.9543762110 0.0263726779 0.8743752058 -0.2833917256 -0.3938998977 0.3834024906 -0.0941019542 0.9187749194
-0.4049733243 -0.9139480242 0.0263745278 0.8360823207 -0.3818381864 -0.3939110972 0.3700850708 -0.1374722101 0.9187700647
-0.5071581759 -0.8614492855 0.0263763720 0.7867474883 -0.4752405847 -0.3939222974 0.3518792041 -0.1790293693 0.9187652097
-0.6026449550 -0.7975733497 0.0263782107 0.7270224020 -0.5623653846 -0.3939334983 0.3290250524 -0.2182244853 0.9187603544
-0.6901725638 -0.7231638303 0.0263800436 0.6576959753 -0.6420619732 -0.3939447001 0.3018241811 -0.2545397751 0.9187554988
-0.7685850217 -0.6392034585 0.0263818710 0.5796839203 -0.7132778556 -0.3939559026 0.2706355798 -0.2874954596 0.9187506428
-0.8368467324 -0.5468011039 0.0263836926 0.4940166530 -0.7750725553 -0.3939671060 0.2358709245 -0.3166561018 0.9187457865
-0.8940561614 -0.4471771295 0.0263855087 0.4018256826 -0.8266300333 -0.3939783100 0.1979891437 -0.3416363605 0.9187409298
