1966
38906
-0.9888576762 0.1466240556 -0.0257270791 -0.1250383421 -0.9118777192 -0.3909532430 -0.0807831002 -0.3833802441 0.9200509112
-0.9655053310 0.2591095233 -0.0257237386 -0.2288369988 -0.8915142826 -0.3909423383 -0.1242299633 -0.3715703686 0.9200556382
-0.9294015009 0.3681729370 -0.0257203927 -0.3296143308 -0.8593759399 -0.3909314350 -0.1660338612 -0.3548544524 0.9200603646
-0.8810230088 0.4723738897 -0.0257170413 -0.4260392878 -0.8158870400 -0.3909205331 -0.2056428535 -0.3334535143 0.9200650904
-0.8210087900 0.5703361931 -0.0257136843 -0.5168382901 -0.7616218491 -0.3909096326 -0.2425340155 -0.3076504278 0.9200698156
-0.7501514534 0.6607660527 -0.0257103219 -0.6008120499 -0.6972969674 -0.3908987336 -0.2762203427 -0.2777861819 0.9200745402
-0.6693868137 0.7424691550 -0.0257069540 -0.6768514121 -0.6237618662 -0.3908878360 -0.3062571789 -0.2442553749 0.9200792641
-0.5797815322 0.8143664414 -0.0257035806 -0.7439520039 -0.5419876695 -0.3908769398 -0.3322480862 -0.2075010007 0.9200839874
-0.4825190291 0.8755083587 -0.0257002017 -0.8012275017 -0.4530543294 -0.3908660450 -0.3538500772 -0.1680085961 0.9200887101
-0.3788838541 0.9250874006 -0.0256968173 -0.8479213379 -0.3581363639 -0.3908551517 -0.3707781410 -0.1262998265 0.9200934322
-0.2702447215 0.9624487718 -0.0256934274 -0.8834166951 -0.2584873446 -0.3908442598 -0.3828090036 -0.0829255954 0.9200981537
-0.1580364331 0.9870990366 -0.0256900321 -0.9072446540 -0.1554233417 -0.3908333694 -0.3897840730 -0.0384587674 0.9201028745
-0.0437409294 0.9987126354 -0.0256866312 -0.9190903880 -0.0503055423 -0.3908224804 -0.3916115292 0.0065133973 0.9201075947
0.0711322832 0.9971361844 -0.0256832249 -0.9187973230 0.0554777273 -0.3908115928 -0.3882675335 0.0513969991 0.9201123143
0.1850660681 0.9823905016 -0.0256798130 -0.9063692070 0.1605293374 -0.3908007067 -0.3797965389 0.0955993420 0.9201170332
0.2965556955 0.9546703317 -0.0256763957 -0.8819700624 0.2634618075 -0.3907898220 -0.3663106994 0.1385367598 0.9201217516
0.4041287155 0.9143417741 -0.0256729729 -0.8459220208 0.3629156317 -0.3907789388 -0.3479883850 0.1796423237 0.9201264693
0.5063644046 0.8619374480 -0.0256695446 -0.7987010704 0.4575772346 -0.3907680571 -0.3250718226 0.2183733273 0.9201311863
0.6019125297 0.7981494581 -0.0256661108 -0.7409307711 0.5461963212 -0.3907571768 -0.2978638935 0.2542184520 0.9201359028
0.6895111803 0.7238202536 -0.0256626716 -0.6733740198 0.6276023901 -0.3907462979 -0.2667241304 0.2867045174 0.9201406186
0.7680034348 0.6399315027 -0.0256592268 -0.5969229763 0.7007201949 -0.3907354205 -0.2320639664 0.3154027271 0.9201453338
0.8363526403 0.5475911268 -0.0256557766 -0.5125872810 0.7645839455 -0.3907245446 -0.1943412987 0.3399343293 0.9201500483
0.8936561033 0.4480186687 -0.0256523209 -0.4214807215 0.8183500653 -0.3907136701 -0.1540544398 0.3599756147 0.9201547622
0.9391570118 0.3425291859 -0.0256488597 -0.3248065233 0.8613083343 -0.3907027972 -0.1117355344 0.3752621884 0.9201594755
0.9722544307 0.2325158828 -0.0256453931 -0.2238414586 0.8928912703 -0.3906919256 -0.0679435304 0.3855924579 0.9201641881
0.9925112385 0.1194317101 -0.0256419209 -0.1199189847 0.9126816257 -0.3906810556 -0.0232567965 0.3908302915 0.9201689001
0.9996599000 0.0047701760 -0.0256384433 -0.0144116322 0.9204178996 -0.3906701870 0.0217345166 0.3909068119 0.9201736114
0.9936060001 -0.1099543785 -0.0256349602 0.0912871218 0.9159977932 -0.3906593199 0.0664362697 0.3858213025 0.9201783222
0.9744294906 -0.2232267803 -0.0256314716 0.1957812584 0.8994795629 -0.3906484543 0.1102581816 0.3756412126 0.9201830322
0.9423836344 -0.3335510341 -0.0256279776 0.2976906545 0.8710812519 -0.3906375902 0.1526216230 0.3605012625 0.9201877417
0.8978916605 -0.4394700811 -0.0256244781 0.3956693111 0.8311778125 -0.3906267275 0.1929672573 0.3406016614 0.9201924505
0.8415411744 -0.5395850420 -0.0256209731 0.4884231309 0.7802961554 -0.3906158664 0.2307624254 0.3162054590 0.9201971586
0.7740763980 -0.6325736919 -0.0256174626 0.5747270111 0.7191081918 -0.3906050067 0.2655081783 0.2876350689 0.9202018661
0.6963883403 -0.7172079233 -0.0256139466 0.6534410241 0.6484219608 -0.3905941485 0.2967458636 0.2552680073 0.9202065729
0.6095030297 -0.7923699660 -0.0256104252 0.7235254745 0.5691709584 -0.3905832918 0.3240631799 0.2195319046 0.9202112792
0.5145679636 -0.8570671489 -0.0256068983 0.7840546317 0.4824018099 -0.3905724366 0.3470996188 0.1808988561 0.9202159847
0.4128369530 -0.9104450109 -0.0256033659 0.8342289578 0.3892604473 -0.3905615829 0.3655512223 0.1398791846 0.9202206896
0.3056535638 -0.9517985857 -0.0255998281 0.8733856688 0.2909769756 -0.3905507307 0.3791745937 0.0970146997 0.9202253939
0.1944333718 -0.9805817121 -0.0255962848 0.9010074895 0.1888494267 -0.3905398800 0.3877901079 0.0528715414 0.9202300975
0.0806452673 -0.9964142476 -0.0255927360 0.9167294874 0.0842266167 -0.3905290308 0.3912842800 0.0080327023 0.9202348004
-0.0342079445 -0.9990870885 -0.0255891818 0.9203438938 -0.0215096684 -0.3905181831 0.3896112598 -0.0369096715 0.9202395027
-0.1486093910 -0.9885649320 -0.0255856221 0.9118028493 -0.1269629227 -0.3905073370 0.3827934337 -0.0813621006 0.9202442044
-0.2610481661 -0.9649867426 -0.0255820569 0.8912190382 -0.2307403638 -0.3904964923 0.3709211250 -0.1247376093 0.9202489054
-0.3700392845 -0.9286639161 -0.0255784863 0.8588642010 -0.3314713291 -0.3904856491 0.3541513972 -0.1664634764 0.9202536057
-0.4741432937 -0.8800761677 -0.0255749102 0.8151655477 -0.4278253786 -0.3904748075 0.3327059765 -0.2059887970 0.9202583054
-0.5719852857 -0.8198651963 -0.0255713286 0.7607001165 -0.5185298669 -0.3904639674 0.3068683196 -0.2427917566 0.9202630044
-0.6622730547 -0.7488262092 -0.0255677416 0.6961871544 -0.6023867530 -0.3904531288 0.2769798675 -0.2763865196 0.9202677028
-0.7438141638 -0.6678974202 -0.0255641491 0.6224786189 -0.6782884238 -0.3904422917 0.2434355330 -0.3063296429 0.9202724005
-0.8155316936 -0.5781476585 -0.0255605511 0.5405479270 -0.7452323240 -0.3904314562 0.2066784833 -0.3322259296 0.9202770975
-0.8764784648 -0.4807622523 -0.0255569477 0.4514771003 -0.8023341983 -0.3904206221 0.1671942845 -0.3537336441 0.9202817939
-0.9258495481 -0.3770273747 -0.0255533388 0.3564424749 -0.8488397718 -0.3904097897 0.1255044877 -0.3705690226 0.9202864896
-0.9629928947 -0.2683130565 -0.0255497245 0.2566991662 -0.8841347132 -0.3903989587 0.0821597395 -0.3825100163 0.9202911847
-0.9874179482 -0.1560550929 -0.0255461047 0.1535644922 -0.9077527501 -0.3903881293 0.0377325090 -0.3893992202 0.9202958791
-0.9988021232 -0.0417360803 -0.0255424794 0.0484005760 -0.9193818286 -0.3903773014 -0.0071904731 -0.3911459482 0.9203005728
-0.9969950658 0.0731341643 -0.0255388487 -0.0574036445 -0.9188682369 -0.3903664750 -0.0520159628 -0.3877274265 0.9203052659
-0.9820206394 0.1870385435 -0.0255352126 -0.1624507601 -0.9062186364 -0.3903556502 -0.0961520378 -0.3791890906 0.9203099582
-0.9540766096 0.2984727155 -0.0255315709 -0.2653533475 -0.8815999756 -0.3903448270 -0.1390159128 -0.3656439813 0.9203146500
-0.9135320323 0.4059649628 -0.0255279239 -0.3647522931 -0.8453372871 -0.3903340053 -0.1800416359 -0.3472712483 0.9203193410
-0.8609223796 0.5080956287 -0.0255242713 -0.4593347444 -0.7979093957 -0.3903231851 -0.2186875600 -0.3243137807 0.9203240314
-0.7969424678 0.6035158667 -0.0255206134 -0.5478514497 -0.7399425962 -0.3903123665 -0.2544434951 -0.2970749955 0.9203287211
-0.7224372808 0.6909654554 -0.0255169499 -0.6291332585 -0.6722023829 -0.3903015494 -0.2868374424 -0.2659148282 0.9203334101
-0.6383908110 0.7692894416 -0.0255132810 -0.7021065638 -0.5955833410 -0.3902907339 -0.3154418259 -0.2312449761 0.9203380985
-0.5459130626 0.8374533946 -0.0255096067 -0.7658074831 -0.5110973321 -0.3902799200 -0.3398791357 -0.1935234587 0.9203427862
-0.4462253929 0.8945570672 -0.0255059269 -0.8193945896 -0.4198601317 -0.3902691076 -0.3598269101 -0.1532485674 0.9203474732
-0.3406443810 0.9398462860 -0.0255022417 -0.8621600270 -0.3230766931 -0.3902582968 -0.3750219907 -0.1109522826 0.9203521595
-0.2305644400 0.9727229117 -0.0254985510 -0.8935388597 -0.2220252342 -0.3902474875 -0.3852639941 -0.0671932473 0.9203568451
-0.1174394009 0.9927527383 -0.0254948548 -0.9131165359 -0.1180403558 -0.3902366798 -0.3904179542 -0.0225493884 0.9203615301
-0.0027633117 0.9996712286 -0.0254911533 -0.9206343640 -0.0124954154 -0.3902258737 -0.3904161011 0.0223897159 0.9203662144
0.1119492944 0.9933870069 -0.0254874462 -0.9159929310 0.0932156109 -0.3902150691 -0.3852587517 0.0670306222 0.9203708980
0.2251834019 0.9739830670 -0.0254837338 -0.8992534175 0.1976965397 -0.3902042662 -0.3750143019 0.1107838588 0.9203755809
0.3354435212 0.9417156752 -0.0254800158 -0.8706367905 0.2995674199 -0.3901934648 -0.3598183195 0.1530717090 0.9203802632
0.4412734404 0.8970109862 -0.0254762925 -0.8305208873 0.3974827590 -0.3901826649 -0.3398717500 0.1933358400 0.9203849447
0.5412754571 0.8404594149 -0.0254725637 -0.7794354264 0.4901492941 -0.3901718667 -0.3154382597 0.2310446740 0.9203896256
0.6341288379 0.7728078388 -0.0254688294 -0.7180550127 0.5763430734 -0.3901610700 -0.2868407499 0.2657004066 0.9203943058
0.7186072617 0.6949497338 -0.0254650897 -0.6471902292 0.6549256219 -0.3901502750 -0.2544570900 0.2968455780 0.9203989853
0.7935950159 0.6079133743 -0.0254613446 -0.5677769325 0.7248589793 -0.3901394815 -0.2187151244 0.3240691122 0.9204036641
0.8581017310 0.5128482525 -0.0254575940 -0.4808638940 0.7852194095 -0.3901286896 -0.1800870197 0.3470117417 0.9204083422
0.9112754614 0.4110098971 -0.0254538380 -0.3875989484 0.8352096023 -0.3901178993 -0.1390830277 0.3653707495 0.9204130197
0.9524139365 0.3037432916 -0.0254500766 -0.2892138357 0.8741692053 -0.3901071106 -0.0962447446 0.3789039631 0.9204176964
0.9809738357 0.1924651110 -0.0254463097 -0.1870079329 0.9015835466 -0.3900963235 -0.0521379580 0.3874329485 0.9204223725
0.9965779646 0.0786450115 -0.0254425374 -0.0823310936 0.9170904340 -0.3900855380 -0.0073451740 0.3908453634 0.9204270478
0.9990202359 -0.0362137790 -0.0254387596 0.0234341802 0.9204849404 -0.3900747541 0.0375420761 0.3890964363 0.9204317225
0.9882683919 -0.1505943143 -0.0254349765 0.1288909969 0.9117221116 -0.3900639718 0.0819310468 0.3822095546 0.9204363965
0.9644644303 -0.2629859642 -0.0254311878 0.2326465249 0.8909175622 -0.3900531911 0.1252356064 0.3702759512 0.9204410697
0.9279227287 -0.3719043657 -0.0254273938 0.3333303887 0.8583459494 -0.3900424120 0.1668839763 0.3534534962 0.9204457423
0.8791258929 -0.4759110266 -0.0254235943 0.4296127680 0.8144373479 -0.3900316345 0.2063262803 0.3319646082 0.9204504142
0.8187183831 -0.5736323243 -0.0254197894 0.5202219625 0.7597715707 -0.3900208586 0.2430418050 0.3060933140 0.9204550853
0.7474980022 -0.6637776470 -0.0254159790 0.6039611879 0.6950705127 -0.3900100844 0.2765458737 0.2761814940 0.9204597558
0.6664053597 -0.7451564389 -0.0254121632 0.6797243836 0.6211886180 -0.3899993117 0.3063962449 0.2426243646 0.9204644256
0.5765114487 -0.8166939241 -0.0254083420 0.7465108221 0.5391015958 -0.3899885407 0.3321989494 0.2058652563 0.9204690947
0.4790035013 -0.8774453010 -0.0254045154 0.8034383270 0.4498935347 -0.3899777713 0.3536134902 0.1663897566 0.9204737630
0.3751693089 -0.9266082208 -0.0254006833 0.8497549257 0.3547425861 -0.3899670036 0.3703573355 0.1247192955 0.9204784307
0.2663802142 -0.9635333838 -0.0253968458 0.8848487825 0.2549054042 -0.3899562374 0.3822096463 0.0814042580 0.9204830977
0.1540729998 -0.9877331148 -0.0253930029 0.9082562807 0.1517005495 -0.3899454729 0.3890141891 0.0370167144 0.9204877639
0.0397309126 -0.9988878042 -0.0253891545 0.9196681477 0.0464910746 -0.3899347101 0.3906813954 -0.0078571348 0.9204924295
-0.0751359253 -0.9968501288 -0.0253853008 0.9189335409 -0.0593334780 -0.3899239488 0.3871895404 -0.0526247010 0.9204970943
-0.1890104616 -0.9816469976 -0.0253814416 0.9060620417 -0.1643754285 -0.3899131892 0.3785850262 -0.0966948326 0.9205017584
-0.3003887485 -0.9534791966 -0.0253775770 0.8812235307 -0.2672474192 -0.3899024313 0.3649817650 -0.1394856213 0.9205064219
-0.4077998064 -0.9127187370 -0.0253737069 0.8447459454 -0.3665907385 -0.3898916749 0.3465596712 -0.1804320856 0.9205110846
-0.5098250506 -0.8599039420 -0.0253698315 0.7971109506 -0.4610932665 -0.3898809202 0.3235622818 -0.2189936304 0.9205157466
-0.6051170270 -0.7957323370 -0.0253659506 0.7389475784 -0.5495068053 -0.3898701672 0.2962935368 -0.2546611843 0.9205204079
-0.6924172078 -0.7210514378 -0.0253620643 0.6710239215 -0.6306635653 -0.3898594158 0.2651137624 -0.2869639200 0.9205250684
-0.7705726131 -0.6368475571 -0.0253581726 0.5942369901 -0.7034915900 -0.3898486661 0.2304349095 -0.3154754695 0.9205297283
-0.8385510383 -0.5442327783 -0.0253542754 0.5096008657 -0.7670289143 -0.3898379180 0.1927151108 -0.3398195516 0.9205343874
-0.8954546863 -0.4444302683 -0.0253503729 0.4182333089 -0.8204362715 -0.3898271716 0.1524526290 -0.3596749380 0.9205390458
-0.9405320254 -0.3387581229 -0.0253464649 0.3213409974 -0.8630081789 -0.3898164268 0.1101792745 -0.3747796918 0.9205437035
-0.9731877143 -0.2286119590 -0.0253425515 0.2202035896 -0.8941822567 -0.3898056837 0.0664533810 -0.3849346231 0.9205483605
-0.9929904649 -0.1154464821 -0.0253386327 0.1161568241 -0.9135466574 -0.3897949422 0.0218524316 -0.3900059160 0.9205530168
-0.9996787387 -0.0007562745 -0.0253347085 0.0105748784 -0.9208455068 -0.3897842024 -0.0230345687 -0.3899268913 0.9205576723
-0.9931642005 0.1139439442 -0.0253307789 -0.0951477801 -0.9159822850 -0.3897734643 -0.0676148706 -0.3846988837 0.9205623271
-0.9735328857 0.2271393218 -0.0253268439 -0.1996148118 -0.8990211026 -0.3897627279 -0.1112998088 -0.3743912200 0.9205669812
-0.9410440633 0.3373348803 -0.0253229034 -0.3014464470 -0.8701858557 -0.3897519931 -0.1535125743 -0.3591403000 0.9205716346
-0.8961268126 0.4430752602 -0.0253189576 -0.3992977094 -0.8298572706 -0.3897412600 -0.1936958312 -0.3391477913 0.9205762873
-0.8393743556 0.5429639414 -0.0253150063 -0.4918761805 -0.7785678764 -0.3897305285 -0.2313190745 -0.3146779626 0.9205809392
-0.7715362228 0.6356816873 -0.0253110496 -0.5779590696 -0.7169949737 -0.3897197988 -0.2658856346 -0.2860541908 0.9205855904
-0.6935083541 0.7200039681 -0.0253070876 -0.6564093651 -0.6459516899 -0.3897090707 -0.2969392333 -0.2536546869 0.9205902408
-0.6063212657 0.7948171330 -0.0253031201 -0.7261908520 -0.5663762415 -0.3896983443 -0.3240700068 -0.2179074990 0.9205948906
-0.5111264406 0.8591331183 -0.0252991472 -0.7863817991 -0.4793195439 -0.3896876196 -0.3469199154 -0.1792848571 0.9205995396
-0.4091811205 0.9121024970 -0.0252951689 -0.8361871342 -0.3859313319 -0.3896768966 -0.3651874686 -0.1382969344 0.9206041879
-0.3018317017 0.9530256973 -0.0252911852 -0.8749489458 -0.2874449759 -0.3896661752 -0.3786317025 -0.0954851090 0.9206088354
-0.1904959528 0.9813622418 -0.0252871961 -0.9021551743 -0.1851611930 -0.3896554556 -0.3870753588 -0.0514148125 0.9206134822
-0.0766442906 0.9967378855 -0.0252832016 -0.9174463766 -0.0804308678 -0.3896447376 -0.3904072217 -0.0066680628 0.9206181283
0.0382196403 0.9989495588 -0.0252792016 -0.9206204746 0.0253627885 -0.3896340214 -0.3885835827 0.0381642228 0.9206227736
0.1525788256 0.9879680493 -0.0252751963 -0.9116354263 0.1308225071 -0.3896233068 -0.3816288139 0.0824900309 0.9206274182
0.2649229169 0.9639383877 -0.0252711856 -0.8906097819 0.2345554155 -0.3896125940 -0.3696350422 0.1257240700 0.9206320621
0.3737681792 0.9271779324 -0.0252671695 -0.8578211206 0.3351914349 -0.3896018828 -0.3527609294 0.1672954980 0.9206367052
0.4776770863 0.8781721782 -0.0252631480 -0.8137023851 0.4314013747 -0.3895911734 -0.3312295726 0.2066554603 0.9206413476
0.5752773063 0.8175683444 -0.0252591211 -0.7588361657 0.5219144896 -0.3895804656 -0.3053255550 0.2432843354 0.9206459893
0.6652798262 0.7461668267 -0.0252550888 -0.6939470069 0.6055352625 -0.3895697596 -0.2753911845 0.2766985953 0.9206506302
0.7464959763 0.6649106269 -0.0252510511 -0.6198918391 0.6811591960 -0.3895590553 -0.2418219700 0.3064571878 0.9206552704
0.8178531284 0.5748728982 -0.0252470080 -0.5376486625 0.7477874007 -0.3895483527 -0.2050613960 0.3321673590 0.9206599098
0.8784088624 0.4772427719 -0.0252429595 -0.4483036308 0.8045397892 -0.3895376518 -0.1655950634 0.3534898360 0.9206645485
0.9273634133 0.3733096533 -0.0252389056 -0.3530367068 0.8506667014 -0.3895269526 -0.1239442751 0.3701433045 0.9206691864
0.9640702331 0.2644461916 -0.0252348464 -0.2531060791 0.8855588065 -0.3895162552 -0.0806591498 0.3819081199 0.9206738236
0.9880445301 0.1520901515 -0.0252307817 -0.1498315451 0.9087551525 -0.3895055595 -0.0363113567 0.3886292045 0.9206784600
0.9989696719 0.0377254251 -0.0252267116 -0.0445770804 0.9199492560 -0.3894948655 0.0085134352 0.3902180911 0.9206830957
0.9967013667 -0.0771375669 -0.0252226362 0.0612671760 0.9189931512 -0.3894841732 0.0532232914 0.3866540881 0.9206877307
0.9812695695 -0.1909818223 -0.0252185554 0.1663032813 0.9058993459 -0.3894734827 0.0972278283 0.3779845482 0.9206923649
0.9528780861 -0.3023037935 -0.0252144691 0.2691439529 0.8808406580 -0.3894627939 0.1399460096 0.3643242397 0.9206969983
0.9119018818 -0.4096332443 -0.0252103775 0.3684308906 0.8441479345 -0.3894521068 0.1808138182 0.3458538272 0.9207016310
0.8588821289 -0.5115526679 -0.0252062805 0.4628527172 0.7963056834 -0.3894414215 0.2192917026 0.3228174817 0.9207062630
0.7945190599 -0.6067160074 -0.0252021782 0.5511622988 0.7379456761 -0.3894307379 0.2548717009 0.2955196533 0.9207108942
0.7196627190 -0.6938664339 -0.0251980704 0.6321932173 0.6698386044 -0.3894200560 0.2870841459 0.2643210472 0.9207155246
0.6353017361 -0.7718529450 -0.0251939573 0.7048751770 0.5928839033 -0.3894093759 0.3155038653 0.2296338575 0.9207201543
0.5425502693 -0.8396455665 -0.0251898387 0.7682481410 0.5080978727 -0.3893986975 0.3397557935 0.1919163214 0.9207247832
0.4426332908 -0.8963489553 -0.0251857148 0.8214750126 0.4166002555 -0.3893880209 0.3595199210 0.1516666657 0.9207294113
0.3368704084 -0.9412142241 -0.0251815855 0.8638526923 0.3195994498 -0.3893773461 0.3745355176 0.1094165251 0.9207340388
0.2266584371 -0.9736488324 -0.0251774509 0.8948213657 0.2183765496 -0.3893666730 0.3846045714 0.0657239206 0.9207386654
0.1134529519 -0.9932244118 -0.0251733108 0.9139718984 0.1142684253 -0.3893560016 0.3895944003 0.0211658891 0.9207432913
-0.0012509367 -0.9996824237 -0.0251691654 0.9210512411 0.0086500673 -0.3893453320 0.3894394001 -0.0236691374 0.9207479164
-0.1159383281 -0.9929375741 -0.0251650146 0.9159657739 -0.0970835735 -0.3893346642 0.3841419074 -0.0681891021 0.9207525408
-0.2290945395 -0.9730789398 -0.0251608584 0.8987825439 -0.2015360101 -0.3893239981 0.3737721643 -0.1118061424 0.9207571644
-0.3392251100 -0.9403687922 -0.0251566968 0.8697283811 -0.3033276632 -0.3893133338 0.3584673874 -0.1539443517 0.9207617872
-0.4448755383 -0.8952391332 -0.0251525299 0.8291869047 -0.4011140825 -0.3893026713 0.3384299520 -0.1940473838 0.9207664092
-0.5446504921 -0.8382859903 -0.0251483576 0.7776934577 -0.4936037039 -0.3892920105 0.3139247161 -0.2315857983 0.9207710305
-0.6372322368 -0.7702615443 -0.0251441799 0.7159280373 -0.5795749087 -0.3892813515 0.2852755192 -0.2660640497 0.9207756511
-0.7213980383 -0.6920641956 -0.0251399969 0.6447063161 -0.6578921588 -0.3892706943 0.2528609031 -0.2970270300 0.9207802708
-0.7960363125 -0.6047266989 -0.0251358084 0.5649688696 -0.7275209953 -0.3892600388 0.2171091099 -0.3240660752 0.9207848898
-0.8601613052 -0.5094025235 -0.0251316146 0.4777687552 -0.7875417022 -0.3892493851 0.1784924245 -0.3468243594 0.9207895080
-0.9129261118 -0.4073506196 -0.0251274155 0.3842576045 -0.8371614551 -0.3892387332 0.1375209355 -0.3650016038 0.9207941255
-0.9536338622 -0.2999187910 -0.0251232110 0.2856704144 -0.8757247933 -0.3892280831 0.0947357974 -0.3783580383 0.9207987422
-0.9817469240 -0.1885258950 -0.0251190011 0.1833092361 -0.9027222787 -0.3892174348 0.0507020834 -0.3867175643 0.9208033581
-0.9968940038 -0.0746431029 -0.0251147858 0.0785259793 -0.9177972252 -0.3892067883 0.0060013216 -0.3899700766 0.9208079732
-0.9988750504 0.0402255291 -0.0251105652 -0.0272954434 -0.9207504117 -0.3891961435 -0.0387761840 -0.3880729135 0.9208125875
-0.9876638973 0.1545629248 -0.0251063392 -0.1327573937 -0.9115427146 -0.3891855006 -0.0830391498 -0.3810514161 0.9208172011
-0.9634086079 0.2668590234 -0.0251021078 -0.2364669676 -0.8902956262 -0.3891748594 -0.1262031197 -0.3689985902 0.9208218139
-0.9264295205 0.3756307235 -0.0250978711 -0.3370543919 -0.8572896516 -0.3891642201 -0.1676981827 -0.3520738741 0.9208264259
-0.8772150172 0.4794414703 -0.0250936290 -0.4331911162 -0.8129606055 -0.3891535825 -0.2069764976 -0.3305010294 0.9208310372
-0.8164150741 0.5769202282 -0.0250893816 -0.5236073599 -0.7578938578 -0.3891429467 -0.2435195258 -0.3045651828 0.9208356476
-0.7448326771 0.6667795884 -0.0250851288 -0.6071088842 -0.6928166034 -0.3891323128 -0.2768448770 -0.2746090577 0.9208402573
-0.6634132166 0.7478327714 -0.0250808706 -0.6825927650 -0.6185882595 -0.3891216806 -0.3065126769 -0.2410284450 0.9208448662
-0.5732320021 0.8190093012 -0.0250766071 -0.7490619618 -0.5361891158 -0.3891110503 -0.3321313732 -0.2042669739 0.9208494743
-0.4754800602 0.8793691433 -0.0250723382 -0.8056384865 -0.4467073884 -0.3891004217 -0.3533629032 -0.1648102513 0.9208540816
-0.3714484046 0.9281151194 -0.0250680640 -0.8515750011 -0.3513248481 -0.3890897950 -0.3699271553 -0.1231794470 0.9208586882
-0.2625109860 0.9646034361 -0.0250637844 -0.8862646893 -0.2513012134 -0.3890791701 -0.3816056638 -0.0799244095 0.9208632939
-0.1501065463 0.9883521874 -0.0250594994 -0.9092492729 -0.1479575125 -0.3890685470 -0.3882444907 -0.0356164042 0.9208678989
-0.0357196164 0.9990477193 -0.0250552091 -0.9202250655 -0.0426586371 -0.3890579257 -0.3897562545 0.0091594316 0.9208725031
0.0791390892 0.9965487727 -0.0250509135 -0.9190469854 0.0632046847 -0.3890473063 -0.3861212805 0.0538118160 0.9208771065
0.1929526251 0.9808883482 -0.0250466125 -0.9057304732 0.1682342558 -0.3890366886 -0.3773878567 0.0977511305 0.9208817091
0.3042178492 0.9522732712 -0.0250423061 -0.8804512895 0.2710428775 -0.3890260728 -0.3636715923 0.1403972059 0.9208863109
0.4114652747 0.9110814599 -0.0250379944 -0.8435431950 0.3702726710 -0.3890154589 -0.3451538871 0.1811869825 0.9208909119
0.5132784778 0.8578569340 -0.0250336773 -0.7954935441 0.4646130116 -0.3890048467 -0.3220795329 0.2195819443 0.9208955121
0.6083128044 0.7933026304 -0.0250293549 -0.7369368492 0.5528178401 -0.3889942364 -0.2947534770 0.2550752288 0.9209001115
0.6953131293 0.7182711189 -0.0250250272 -0.6686464023 0.6337221204 -0.3889836279 -0.2635367924 0.2871983180 0.9209047102
0.7731304323 0.6337533428 -0.0250206941 -0.5915240625 0.7062572281 -0.3889730213 -0.2288419065 0.3155272227 0.9209093080
0.8407369738 0.5408655312 -0.0250163557 -0.5065883462 0.7694650649 -0.3889624165 -0.1911271523 0.3396880792 0.9209139050
0.8972398681 0.4408344568 -0.0250120119 -0.4149609759 0.8225107143 -0.3889518136 -0.1508907137 0.3593620828 0.9209185013
0.9418928758 0.3349812343 -0.0250076627 -0.3178520661 0.8646934702 -0.3889412124 -0.1086640448 0.3742896944 0.9209230967
0.9741062593 0.2247038721 -0.0250033083 -0.2165441411 0.8954560922 -0.3889306132 -0.0650048501 0.3842740646 0.9209276914
0.9934545720 0.1114588087 -0.0249989484 -0.1123751969 0.9143921678 -0.3889200158 -0.0204897190 0.3891836295 0.9209322852
0.9996822766 -0.0032583226 -0.0249945833 -0.0067210298 0.9212514807 -0.3889094202 0.0242934892 0.3889538439 0.9209368782
0.9927071207 -0.1179324461 -0.0249902128 0.0990229338 0.9159433178 -0.3888988265 0.0687534083 0.3835880301 0.9209414705
0.9726212225 -0.2310490541 -0.0249858370 0.2034600683 0.8985376684 -0.3888882346 0.1123029745 0.3731573301 0.9209460619
0.9396898549 -0.3411142087 -0.0249814558 0.3052109942 0.8692643019 -0.3888776446 0.1543671778 0.3577997625 0.9209506525
0.8943479415 -0.4466742723 -0.0249770693 0.4029317969 0.8285097340 -0.3888670565 0.1943906545 0.3377183961 0.9209552423
0.8371943127 -0.5463351061 -0.0249726774 0.4953317774 0.7768121239 -0.3888564702 0.2318450195 0.3131786646 0.9209598313
0.7689837973 -0.6387804822 -0.0249682802 0.5811904990 0.7148541676 -0.3888458858 0.2662358416 0.2845048586 0.9209644195
0.6906172530 -0.7227894677 -0.0249638777 0.6593739079 0.6434540827 -0.3888353033 0.2971091709 0.2520758394 0.9209690069
0.6031296691 -0.7972525492 -0.0249594699 0.7288493118 0.5635548028 -0.3888247226 0.3240575304 0.2163200338 0.9209735935
0.5076764970 -0.8611862862 -0.0249550567 0.7886990204 0.4762115253 -0.3888141438 0.3467252941 0.1777097738 0.9209781793
0.4055183908 -0.9137462998 -0.0249506382 0.8381324671 0.3825777752 -0.3888035669 0.3648133802 0.1367550568 0.9209827643
0.2980045568 -0.9542384243 -0.0249462143 0.8764966516 0.2838901711 -0.3887929918 0.3780831969 0.0939968099 0.9209873484
0.1865549354 -0.9821278753 -0.0249417852 0.9032847662 0.1814520932 -0.3887824186 0.3863597899 0.0499997444 0.9209919317
0.0726414474 -0.9970463122 -0.0249373507 0.9181428905 0.0766164695 -0.3887718473 0.3895341484 0.0053448985 0.9209965143
-0.0422314459 -0.9987967035 -0.0249329108 0.9208746676 -0.0292320933 -0.3887612779 0.3875646417 -0.0393780368 0.9210010960
-0.1565466115 -0.9873559287 -0.0249284657 0.9114438993 -0.1346955960 -0.3887507104 0.3804775642 -0.0835785044 0.9210056768
-0.2687942824 -0.9628750839 -0.0249240152 0.8899750252 -0.2383811117 -0.3887401447 0.3683667850 -0.1266728793 0.9210102569
-0.3774919964 -0.9256774861 -0.0249195594 0.8567514811 -0.3389191829 -0.3887295810 0.3513925046 -0.1680921750 0.9210148362
-0.4812041759 -0.8762544031 -0.0249150982 0.8122119571 -0.4349819088 -0.3887190191 0.3297791351 -0.2072895560 0.9210194146
-0.5785610867 -0.8152585659 -0.0249106318 0.7569446047 -0.5253004846 -0.3887084592 0.3038123340 -0.2437475569 0.9210239922
-0.6682769292 -0.7434955475 -0.0249061600 0.6916792707 -0.6086819598 -0.3886979011 0.2738352285 -0.2769849143 0.9210285690
-0.7491668192 -0.6619131236 -0.0249016829 0.6172778585 -0.6840249946 -0.3886873449 0.2402438811 -0.3065629194 0.9210331449
-0.8201624372 -0.5715887561 -0.0248972005 0.5347229461 -0.7503344077 -0.3886767907 0.2034820571 -0.3320912083 0.9210377201
-0.8803261377 -0.4737153620 -0.0248927128 0.4451048094 -0.8067343205 -0.3886662383 0.1640353621 -0.3532329146 0.9210422944
-0.9288633327 -0.3695855594 -0.0248882197 0.3496070235 -0.8524797273 -0.3886556878 0.1224248270 -0.3697091139 0.9210468679
-0.9651329861 -0.2605745951 -0.0248837213 0.2494908315 -0.8869663357 -0.3886451393 0.0792000267 -0.3813025041 0.9210514405
-0.9886560795 -0.1481221824 -0.0248792176 0.1460784867 -0.9097385499 -0.3886345926 0.0349318206 -0.3878602712 0.9210560124
-0.9991219394 -0.0337134859 -0.0248747086 0.0407357901 -0.9204954887 -0.3886240479 -0.0097951857 -0.3892961033 0.9210605834
-0.9963923394 0.0811404923 -0.0248701943 -0.0651459488 -0.9190949619 -0.3886135051 -0.0543903614 -0.3855913270 0.9210651536
-0.9805033265 0.1949228693 -0.0248656747 -0.1701682875 -0.9055553490 -0.3886029642 -0.0982648495 -0.3767951498 0.9210697229
-0.9516647449 0.3061309141 -0.0248611498 -0.2729441206 -0.8800553586 -0.3885924252 -0.1408393424 -0.3630240065 0.9210742914
-0.9102574645 0.4132958950 -0.0248566195 -0.3721159999 -0.8429316692 -0.3885818881 -0.1815517310 -0.3444600184 0.9210788591
-0.8568283507 0.5150024770 -0.0248520839 -0.4663740639 -0.7946744844 -0.3885713530 -0.2198645263 -0.3213485842 0.9210834259
-0.7920830423 0.6099074140 -0.0248475431 -0.5544733384 -0.7359210598 -0.3885608198 -0.2552719550 -0.2939951361 0.9210879920
-0.7168766318 0.6967572893 -0.0248429969 -0.6352501800 -0.6674472878 -0.3885502885 -0.2873066367 -0.2627611039 0.9210925571
-0.6322023723 0.7744050698 -0.0248384454 -0.7076376462 -0.5901574513 -0.3885397592 -0.3155457529 -0.2280591384 0.9210971215
-0.5391785595 0.8418252544 -0.0248338886 -0.7706795877 -0.5050722812 -0.3885292317 -0.3396166281 -0.1903476605 0.9211016850
-0.4390337625 0.8981274186 -0.0248293265 -0.8235432786 -0.4133154765 -0.3885187062 -0.3592016476 -0.1501248045 0.9211062476
-0.3330905978 0.9425679737 -0.0248247591 -0.8655304156 -0.3160988638 -0.3885081827 -0.3740424487 -0.1079218388 0.9211108095
-0.2227482618 0.9745599880 -0.0248201864 -0.8960863420 -0.2147063926 -0.3884976611 -0.3839433286 -0.0642961487 0.9211153705
-0.1094640511 0.9936809383 -0.0248156083 -0.9148073754 -0.1104771781 -0.3884871414 -0.3887738256 -0.0198238748 0.9211199306
0.0052658836 0.9996782900 -0.0248110250 -0.9214461404 -0.0047878154 -0.3884766237 -0.3884704375 0.0249076959 0.9211244899
0.1199262978 0.9924728328 -0.0248064364 -0.9159148376 0.1009658022 -0.3884661079 -0.3830374568 0.0693078853 0.9211290484
0.2330028644 0.9721597265 -0.0248018425 -0.8982864048 0.2053869189 -0.3884555941 -0.3725469101 0.1127904240 0.9211336060
0.3430021743 0.9390072445 -0.0247972433 -0.8687935548 0.3070963646 -0.3884450822 -0.3571376030 0.1547811929 0.9211381627
0.4484714594 0.8934532305 -0.0247926388 -0.8278257043 0.4047507708 -0.3884345723 -0.3370132838 0.1947258032 0.9211427187
0.5480177796 0.8360993164 -0.0247880290 -0.7759238309 0.4970603131 -0.3884240643 -0.3124399492 0.2320969157 0.9211472737
0.6403264194 0.7677029758 -0.0247834139 -0.7137733308 0.5828057481 -0.3884135583 -0.2837423285 0.2664012029 0.9211518280
0.7241782513 0.6891675208 -0.0247787935 -0.6421949667 0.6608545167 -0.3884030542 -0.2512995924 0.2971858610 0.9211563813
0.7984658374 0.6015301714 -0.0247741678 -0.5621340294 0.7301757039 -0.3883925521 -0.2155403430 0.3240445871 0.9211609339
0.8622080550 0.5059483570 -0.0247695368 -0.4746478537 0.7898536553 -0.3883820520 -0.1769369519 0.3466229411 0.9211654855
0.9145630542 0.4036844307 -0.0247649005 -0.3808918546 0.8391000723 -0.3883715538 -0.1359993198 0.3646230233 0.9211700364
0.9548393769 0.2960889965 -0.0247602589 -0.2821042680 0.8772644247 -0.3883610576 -0.0932681415 0.3778074050 0.9211745863
0.9825050886 0.1845830724 -0.0247556121 -0.1795897973 0.9038425442 -0.3883505634 -0.0493077648 0.3860022600 0.9211791354
0.9971948035 0.0706393229 -0.0247509599 -0.0747023817 0.9184832842 -0.3883400711 -0.0046987367 0.3890996566 0.9211836837
0.9987145107 -0.0442373906 -0.0247463025 0.0311726851 0.9209931598 -0.3883295809 0.0399698627 0.3870589786 0.9211882311
0.9870441362 -0.1585298850 -0.0247416398 0.1366370516 0.9113389043 -0.3883190926 0.0841081999 0.3799074586 0.9211927777
0.9623378084 -0.2707286922 -0.0247369718 0.2402977772 0.8896479105 -0.3883086062 0.1271334764 0.3677398138 0.9211973234
0.9249218221 -0.3793519955 -0.0247322985 0.3407857296 0.8562065493 -0.3882981219 0.1684776233 0.3507169920 0.9212018682
0.8752903294 -0.4829651996 -0.0247276199 0.4367736682 0.8114563893 -0.3882876395 0.2075948025 0.3290640427 0.9212064122
0.8140988137 -0.5801998777 -0.0247229360 0.5269937740 0.7559883662 -0.3882771592 0.2439686123 0.3030671413 0.9212109553
0.7421554321 -0.6697718439 -0.0247182469 0.6102543955 0.6905349791 -0.3882666808 0.2771189048 0.2730698074 0.9212154975
0.6604103426 -0.7504981144 -0.0247135525 0.6854557881 0.6159606175 -0.3882562044 0.3066081243 0.2394683654 0.9212200389
0.5699431553 -0.8213125302 -0.0247088528 0.7516046400 0.5332501460 -0.3882457300 0.3320470822 0.2027067080 0.9212245794
0.4719486736 -0.8812798390 -0.0247041478 0.8078271928 0.4434958977 -0.3882352576 0.3531000935 0.1632704325 0.9212291191
0.3677211146 -0.9296080463 -0.0246994375 0.8533807828 0.3478832480 -0.3882247872 0.3694894065 0.1216804261 0.9212336579
0.2586370165 -0.9656588758 -0.0246947220 0.8876636509 0.2476749595 -0.3882143188 0.3809988669 0.0784859861 0.9212381958
0.1461370583 -0.9889561992 -0.0246900012 0.9102228924 0.1441945049 -0.3882038524 0.3874767689 0.0342575647 0.9212427329
0.0317070329 -0.9991923245 -0.0246852751 0.9207604396 0.0388085869 -0.3881933880 0.3888378543 -0.0104207642 0.9212472690
-0.0831417760 -0.9962320592 -0.0246805437 0.9191370006 -0.0670909116 -0.3881829256 0.3850644351 -0.0549590188 0.9212518044
-0.1968925535 -0.9801144968 -0.0246758071 0.9053739002 -0.1721053109 -0.3881724652 0.3762066230 -0.0987690996 0.9212563388
-0.3080429860 -0.9510524998 -0.0246710652 0.8796528001 -0.2748476083 -0.3881620068 0.3623816636 -0.1412725552 0.9212608724
-0.4151251024 -0.9094298885 -0.0246663180 0.8423133007 -0.3739607966 -0.3881515505 0.3437723853 -0.1819082199 0.9212654051
-0.5167246619 -0.8557963724 -0.0246615656 0.7938484578 -0.4681357876 -0.3881410961 0.3206247806 -0.2201396224 0.9212699369
-0.6114998317 -0.7908602896 -0.0246568079 0.7348982716 -0.5561287025 -0.3881306438 0.2932447548 -0.2554620688 0.9212744679
-0.6981989089 -0.7154792522 -0.0246520449 0.6662412356 -0.6367773013 -0.3881201935 0.2619940832 -0.2874093044 0.9212789980
-0.7756768517 -0.6306488195 -0.0246472766 0.5887840553 -0.7090163340 -0.3881097452 0.2272856309 -0.3155596687 0.9212835272
-0.8429104020 -0.5374893500 -0.0246425031 0.5035496745 -0.7718916112 -0.3880992989 0.1895778985 -0.3395416605 0.9212880555
-0.8990115998 -0.4372312042 -0.0246377243 0.4116637655 -0.8245726075 -0.3880888547 0.1493689647 -0.3590388405 0.9212925830
-0.9432395107 -0.3311984960 -0.0246329403 0.3143398625 -0.8663634322 -0.3880784125 0.1071899078 -0.3737940070 0.9212971095
-0.9750100111 -0.2207916041 -0.0246281510 0.2128633347 -0.8967120216 -0.3880679723 0.0635977911 -0.3836125883 0.9213016352
-0.9939035031 -0.1074686781 -0.0246233564 0.1085744101 -0.9152174319 -0.3880575342 0.0191683052 -0.3883652090 0.9213061600
-0.9996704563 0.0072736201 -0.0246185566 0.0028504750 -0.9216351363 -0.3880470981 -0.0255118339 -0.3879893941 0.9213106839
-0.9922347028 0.1219198824 -0.0246137515 -0.1029121183 -0.9158802560 -0.3880366640 -0.0698526335 -0.3824903907 0.9213152070
-0.9716944441 0.2349559688 -0.0246089412 -0.2073164930 -0.8980286827 -0.3880262320 -0.1132686143 -0.3719410944 0.9213197292
-0.9383209534 0.3448890044 -0.0246041256 -0.3089836981 -0.8683160782 -0.3880158020 -0.1551865414 -0.3564810836 0.9213242504
-0.8925549934 0.4502670963 -0.0245993047 -0.4065709208 -0.8271347629 -0.3880053740 -0.1950529932 -0.3363147721 0.9213287708
-0.8350009947 0.5496985086 -0.0245944786 -0.4987892225 -0.7750285361 -0.3879949481 -0.2323416671 -0.3117087068 0.9213332903
-0.7664190738 0.6418700433 -0.0245896472 -0.5844205631 -0.7126854946 -0.3879845243 -0.2665603283 -0.2829880443 0.9213378089
-0.6877149936 0.7255643836 -0.0245848106 -0.6623338893 -0.6409289468 -0.3879741025 -0.2972573073 -0.2505322542 0.9213423267
-0.5999282010 0.7996761712 -0.0245799687 -0.7315000737 -0.5607065392 -0.3879636828 -0.3240274616 -0.2147701053 0.9213468435
-0.5042180994 0.8632266050 -0.0245751216 -0.7910055085 -0.4730777416 -0.3879532651 -0.3465175229 -0.1761740014 0.9213513594
-0.4018487360 0.9153763681 -0.0245702692 -0.8400641733 -0.3791998554 -0.3879428494 -0.3644307591 -0.1352537408 0.9213558745
-0.2941721075 0.9554367126 -0.0245654116 -0.8780280173 -0.2803127290 -0.3879324359 -0.3775308888 -0.0925497826 0.9213603886
-0.1826103043 0.9828785562 -0.0245605487 -0.9043955206 -0.1777223828 -0.3879220244 -0.3856451985 -0.0486261087 0.9213649019
-0.0686367290 0.9973394698 -0.0245556806 -0.9188183189 -0.0727837611 -0.3879116149 -0.3886668191 -0.0040627752 0.9213694143
0.0462433631 0.9986284641 -0.0245508072 -0.9211058064 0.0331171639 -0.3879012075 -0.3865561340 0.0405517475 0.9213739257
0.1605127440 0.9867285120 -0.0245459286 -0.9112276548 0.1385816967 -0.3878908022 -0.3793412977 0.0846283460 0.9213784363
0.2726622509 0.9617967738 -0.0245410448 -0.8893142151 0.2422168921 -0.3878803990 -0.3671178608 0.1275850426 0.9213829460
0.3812107178 0.9241625212 -0.0245361557 -0.8556547980 0.3426539530 -0.3878699978 -0.3500475044 0.1688546796 0.9213874548
0.4847245379 0.8743227891 -0.0245312613 -0.8106938537 0.4385663089 -0.3878595988 -0.3283559014 0.2078924076 0.9213919627
0.5818365966 0.8129358108 -0.0245263617 -0.7550251037 0.5286871376 -0.3878492017 -0.3023297333 0.2441828783 0.9213964697
0.6712643274 0.7408123250 -0.0245214569 -0.6893837007 0.6118260972 -0.3878388068 -0.2723129009 0.2772470485 0.9214009757
0.7518266511 0.6589048684 -0.0245165469 -0.6146365196 0.6868850487 -0.3878284140 -0.2387019806 0.3066485027 0.9214054809
0.8224595740 0.5682951953 -0.0245116316 -0.5317707099 0.7528725609 -0.3878180232 -0.2019409844 0.3319992139 0.9214099852
0.8822302404 0.4701799911 -0.0245067110 -0.4418806591 0.8089170055 -0.3878076345 -0.1625154949 0.3529646643 0.9214144886
0.9303492528 0.3658550673 -0.0245017853 -0.3461535386 0.8542780708 -0.3877972479 -0.1209462504 0.3692682595 0.9214189910
0.9661810977 0.2566982481 -0.0244968543 -0.2458536257 0.8883565406 -0.3877868634 -0.0777822678 0.3806949778 0.9214234926
0.9892525387 0.1441511730 -0.0244919180 -0.1423056056 0.9107022100 -0.3877764810 -0.0335935907 0.3870942055 0.9214279932
0.9992588667 0.0297002572 -0.0244869765 -0.0368770761 0.9210198328 -0.3877661007 0.0110362381 0.3883817225 0.9214324930
0.9960679244 -0.0851429396 -0.0244820298 0.0690395145 0.9191730224 -0.3877557225 0.0555178834 0.3845408103 0.9214369918
0.9797218515 -0.1988616763 -0.0244770779 0.1740452588 0.9051860550 -0.3877453464 0.0992639992 0.3756224694 0.9214414897
0.9504365284 -0.3099540624 -0.0244721208 0.2767532659 0.8792435504 -0.3877349724 0.1416969842 0.3617447418 0.9214459867
0.9085987249 -0.4169528935 -0.0244671584 0.3758069795 0.8416880350 -0.3877246005 0.1822566085 0.3430911487 0.9214504828
0.8547609923 -0.5184450283 -0.0244621907 0.4698980951 0.7930154194 -0.3877142307 0.2204074098 0.3199082637 0.9214549780
0.7896343659 -0.6130900527 -0.0244572179 0.5577838402 0.7338684502 -0.3877038630 0.2556457624 0.2925024531 0.9214594723
0.7140789743 -0.6996379825 -0.0244522398 0.6383033887 0.6650282219 -0.3876934975 0.2875065259 0.2612358274 0.9214639657
0.6290926795 -0.7769457718 -0.0244472565 0.7103931942 0.5874038621 -0.3876831340 0.3155691847 0.2265214569 0.9214684581
0.5357978983 -0.8439924097 -0.0244422680 0.7731010372 0.5020205251 -0.3876727726 0.3394633978 0.1888179141 0.9214729496
0.4354267787 -0.8998924047 -0.0244372743 0.8255986032 0.4100058531 -0.3876624134 0.3588738869 0.1486232164 0.9214774402
0.3293049263 -0.9439074793 -0.0244322753 0.8671924241 0.3125750835 -0.3876520563 0.3735445958 0.1064682478 0.9214819299
0.2188338976 -0.9754563207 -0.0244272712 0.8973330381 0.2110149996 -0.3876417013 0.3832820684 0.0629097469 0.9214864187
0.1054726890 -0.9941222586 -0.0244222618 0.9156222488 0.1066669356 -0.3876313485 0.3879579995 0.0185229544 0.9214909065
-0.0092815318 -0.9996587674 -0.0244172471 0.9218183854 0.0009090613 -0.3876209977 0.3875109256 -0.0261059839 0.9214953935
-0.1239131990 -0.9919927229 -0.0244122273 0.9158394965 -0.1048618202 -0.3876106491 0.3819470326 -0.0703877575 0.9214998795
-0.2369083653 -0.9712253677 -0.0244072023 0.8977644337 -0.2092487204 -0.3876003026 0.3713400706 -0.1137376722 0.9215043645
-0.3467746960 -0.9376309744 -0.0244021720 0.8678318119 -0.3108729169 -0.3875899583 0.3558303759 -0.1555833711 0.9215088487
-0.4520611792 -0.8916532229 -0.0243971365 0.8264368593 -0.4083921630 -0.3875796161 0.3356230145 -0.1953723912 0.9215133319
-0.5513772886 -0.8338993412 -0.0243920959 0.7741261986 -0.5005184162 -0.3875692760 0.3109850708 -0.2325794570 0.9215178142
-0.6434113489 -0.7651320853 -0.0243870500 0.7115906291 -0.5860348506 -0.3875589381 0.2822421173 -0.2667134153 0.9215222956
-0.7269478586 -0.6862596659 -0.0243819989 0.6396560040 -0.6638119292 -0.3875486023 0.2497739126 -0.2973237185 0.9215267761
-0.8008835439 -0.5983237533 -0.0243769425 0.5592723243 -0.7328223233 -0.3875382687 0.2140093838 -0.3240063713 0.9215312556
-0.8642419293 -0.5024857203 -0.0243718810 0.4715011925 -0.7921544820 -0.3875279372 0.1754209599 -0.3464092630 0.9215357342
-0.9161862339 -0.4000113037 -0.0243668143 0.3775017923 -0.8410246729 -0.3875176078 0.1345183315 -0.3642368138 0.9215402118
-0.9560304235 -0.2922538877 -0.0243617424 0.2785155796 -0.8787873346 -0.3875072806 0.0918417187 -0.3772538744 0.9215446885
