1982
44750
-0.8770259452 -0.4799419607 -0.0219364041 0.4454137024 -0.7951189267 -0.4115732330 0.1800892143 -0.3707311787 0.9111126539
-0.9262991005 -0.3761495196 -0.0219434569 0.3512507682 -0.8409744493 -0.4115639360 0.1363556902 -0.3889389598 0.9111166837
-0.9633385435 -0.2673892778 -0.0219505050 0.2524481844 -0.8757240980 -0.4115546359 0.0908227107 -0.4020078087 0.9111207148
-0.9876550956 -0.1550976410 -0.0219575485 0.1503107404 -0.8989088498 -0.4115453329 0.0440918756 -0.4097653005 0.9111247472
-0.9989276103 -0.0407576536 -0.0219645872 0.0461872794 -0.9102224090 -0.4115360269 -0.0032194167 -0.4121091844 0.9111287809
-0.9970072148 0.0741205874 -0.0219716213 -0.0585471145 -0.9095152532 -0.4115267179 -0.0504861268 -0.4090087318 0.9111328159
-0.9819192761 0.1880198770 -0.0219786507 -0.1625092763 -0.8967966100 -0.4115174060 -0.0970838315 -0.4005051387 0.9111368522
-0.9538630657 0.2994359396 -0.0219856754 -0.2643262265 -0.8722343361 -0.4115080910 -0.1423969728 -0.3867109786 0.9111408898
-0.9132091280 0.4068972964 -0.0219926953 -0.3626533032 -0.8361527022 -0.4114987731 -0.1858269899 -0.3678087121 0.9111449287
-0.8604943864 0.5089846989 -0.0219997106 -0.4561919211 -0.7890281122 -0.4114894522 -0.2268002250 -0.3440482734 0.9111489689
-0.7964150518 0.6043498734 -0.0220067212 -0.5437067214 -0.7314828126 -0.4114801283 -0.2647755017 -0.3157437655 0.9111530103
-0.7218174281 0.6917333275 -0.0220137271 -0.6240418870 -0.6642766765 -0.4114708014 -0.2992512721 -0.2832693078 0.9111570531
-0.6376867345 0.7699809843 -0.0220207283 -0.6961364074 -0.5882971695 -0.4114614716 -0.3297722410 -0.2470540915 0.9111610971
-0.5451340938 0.8380594246 -0.0220277247 -0.7590380924 -0.5045476308 -0.4114521388 -0.3559353790 -0.2075767067 0.9111651425
-0.4453818580 0.8950695346 -0.0220347165 -0.8119161474 -0.4141340236 -0.4114428030 -0.3773952440 -0.1653588179 0.9111691891
-0.3397474639 0.9402583816 -0.0220417036 -0.8540721468 -0.3182503301 -0.4114334643 -0.3938685427 -0.1209582709 0.9111732370
-0.2296260341 0.9730291568 -0.0220486860 -0.8849492590 -0.2181627842 -0.4114241226 -0.4051378698 -0.0749617213 0.9111772862
-0.1164719513 0.9929490582 -0.0220556636 -0.9041396014 -0.1151931498 -0.4114147779 -0.4110545776 -0.0279768831 0.9111813366
-0.0017796504 0.9997550064 -0.0220626365 -0.9113896284 -0.0107012652 -0.4114054303 -0.4115407367 0.0193755003 0.9111853884
0.1129361190 0.9933571189 -0.0220696048 -0.9066034817 0.0939329150 -0.4113960797 -0.4065901622 0.0664698571 0.9111894414
0.2261602978 0.9738398969 -0.0220765683 -0.8898442571 0.1973275439 -0.4113867262 -0.3962684920 0.1126840520 0.9111934957
0.3363975270 0.9414611100 -0.0220835271 -0.8613331732 0.2981171321 -0.4113773697 -0.3807123174 0.1574076043 0.9111975513
0.4421918967 0.8966483910 -0.0220904812 -0.8214466512 0.3949705804 -0.4113680103 -0.3601273744 0.2000497525 0.9112016082
0.5421461748 0.8399935885 -0.0220974305 -0.7707113452 0.4866087600 -0.4113586479 -0.3347858235 0.2400472578 0.9112056663
0.6349402600 0.7722449500 -0.0221043752 -0.7097971883 0.5718214051 -0.4113492825 -0.3050226513 0.2768718438 0.9112097258
0.7193486167 0.6942972400 -0.0221113151 -0.6395085466 0.6494830973 -0.4113399143 -0.2712312417 0.3100371733 0.9112137865
0.7942564604 0.6071799223 -0.0221182503 -0.5607735977 0.7185681293 -0.4113305430 -0.2338581774 0.3391052720 0.9112178485
0.8586744812 0.5120435643 -0.0221251808 -0.4746320737 0.7781640513 -0.4113211689 -0.1933973371 0.3636923117 0.9112219117
0.9117519089 0.4101446408 -0.0221321066 -0.3822215311 0.8274837226 -0.4113117918 -0.1503833692 0.3834736790 0.9112259763
0.9527877499 0.3028289402 -0.0221390276 -0.2847623288 0.8658757083 -0.4113024117 -0.1053846273 0.3981882605 0.9112300421
0.9812400448 0.1915137899 -0.0221459439 -0.1835415121 0.8928328835 -0.4112930288 -0.0589956598 0.4076418900 0.9112341091
0.9967330259 0.0776693379 -0.0221528554 -0.0798958161 0.9079991320 -0.4112836428 -0.0118293547 0.4117099103 0.9112381775
0.9990620805 -0.0372008633 -0.0221597623 0.0248059876 0.9111740509 -0.4112742540 0.0354911577 0.4103388171 0.9112422471
0.9881964527 -0.1515797148 -0.0221666644 0.1291811669 0.9023155984 -0.4112648622 0.0823407376 0.4035469624 0.9112463180
0.9642796495 -0.2639566075 -0.0221735618 0.2318512905 0.8815406511 -0.4112554675 0.1281004941 0.3914243092 0.9112503902
0.9276275461 -0.3728473725 -0.0221804544 0.3314604316 0.8491234612 -0.4112460699 0.1721659608 0.3741312397 0.9112544636
0.8787242130 -0.4768138833 -0.0221873423 0.4266930757 0.8054920365 -0.4112366694 0.2139550808 0.3518964333 0.9112585383
0.8182155239 -0.5744830483 -0.0221942254 0.5162914940 0.7512224897 -0.4112272659 0.2529158946 0.3250138430 0.9112626143
0.7469006246 -0.6645649463 -0.0222011039 0.5990723540 0.6870314306 -0.4112178595 0.2885338309 0.2938388086 0.9112666915
0.6657213794 -0.7458698618 -0.0222079775 0.6739423482 0.6137665043 -0.4112084502 0.3203385027 0.2587833602 0.9112707700
0.5757499311 -0.8173239979 -0.0222148465 0.7399126334 0.5323951973 -0.4111990380 0.3479099192 0.2203107722 0.9112748497
0.4781745414 -0.8779836579 -0.0222217107 0.7961118907 0.4439920625 -0.4111896228 0.3708840323 0.1789294413 0.9112789308
0.3742838977 -0.9270477089 -0.0222285701 0.8417978342 0.3497245281 -0.4111802048 0.3889575430 0.1351861676 0.9112830130
0.2654500927 -0.9638681622 -0.0222354248 0.8763670147 0.2508374815 -0.4111707838 0.4018919057 0.0896589299 0.9112870966
0.1531105035 -0.9879587314 -0.0222422747 0.8993627905 0.1486368296 -0.4111613600 0.4095164768 0.0429492486 0.9112911814
0.0387488077 -0.9990012545 -0.0222491199 0.9104813598 0.0444722522 -0.4111519332 0.4117307656 -0.0043257618 0.9112952675
-0.0761246113 -0.9968498963 -0.0222559604 0.9095757739 -0.0602806212 -0.4111425035 0.4085057589 -0.0515415457 0.9112993548
-0.1899926122 -0.9815330739 -0.0222627961 0.8966578795 -0.1642383791 -0.4111330710 0.3998843014 -0.0980743576 0.9113034434
-0.3013513329 -0.9532530818 -0.0222696270 0.8718981636 -0.2660280974 -0.4111236355 0.3859805260 -0.1433095024 0.9113075332
-0.4087300519 -0.9123834196 -0.0222764532 0.8356235039 -0.3643054716 -0.4111141971 0.3669783432 -0.1866494550 0.9113116243
-0.5107106123 -0.8594638597 -0.0222832746 0.7883128529 -0.4577725697 -0.4111047559 0.3431290083 -0.2275217534 0.9113157166
-0.6059461517 -0.7951933181 -0.0222900913 0.7305909144 -0.5451949748 -0.4110953117 0.3147477992 -0.2653865602 0.9113198102
-0.6931788898 -0.7204206236 -0.0222969032 0.6632198943 -0.6254180871 -0.4110858646 0.2822098484 -0.2997437930 0.9113239051
-0.7712567404 -0.6361333075 -0.0223037103 0.5870894365 -0.6973823735 -0.4110764147 0.2459451849 -0.3301397284 0.9113280012
-0.8391485267 -0.5434445612 -0.0223105127 0.5032048745 -0.7601373607 -0.4110669619 0.2064330505 -0.3561729942 0.9113320986
-0.8959576006 -0.4435785337 -0.0223173103 0.4126739558 -0.8128541892 -0.4110575062 0.1641955667 -0.3774998697 0.9113361972
-0.9409336841 -0.3378541647 -0.0223241031 0.3166922134 -0.8548365602 -0.4110480476 0.1197908353 -0.3938388234 0.9113402970
-0.9734827785 -0.2276677650 -0.0223308912 0.2165271777 -0.8855299329 -0.4110385861 0.0738055636 -0.4049742297 0.9113443981
-0.9931750097 -0.1144745751 -0.0223376745 0.1135016380 -0.9045288493 -0.4110291217 0.0268473131 -0.4107592146 0.9113485005
-0.9997503050 0.0002304538 -0.0223444530 0.0089761730 -0.9115822903 -0.4110196545 -0.0204635287 -0.4111175926 0.9113526041
-0.9931218279 0.1149324043 -0.0223512268 -0.0956688167 -0.9065969920 -0.4110101844 -0.0675019437 -0.4060448702 0.9113567090
-0.9733771254 0.2281163998 -0.0223579958 -0.1990513393 -0.8896386792 -0.4110007114 -0.1136465404 -0.3956083020 0.9113608151
-0.9407769709 0.3382876120 -0.0223647600 -0.2998060622 -0.8609311990 -0.4109912356 -0.1582877633 -0.3799459991 0.9113649224
-0.8957519210 0.4439910034 -0.0223715194 -0.3966023443 -0.8208535655 -0.4109817569 -0.2008359441 -0.3592651012 0.9113690310
-0.8388966284 0.5438305433 -0.0223782741 -0.4881618088 -0.7699349566 -0.4109722753 -0.2407290912 -0.3338390373 0.9113731408
-0.7709619882 0.6364876459 -0.0223850240 -0.5732752268 -0.7088477262 -0.4109627908 -0.2774403126 -0.3040039106 0.9113772519
-0.6928452214 0.7207385850 -0.0223917691 -0.6508184876 -0.6383985264 -0.4109533035 -0.3104847748 -0.2701540553 0.9113813642
-0.6055780244 0.7954706551 -0.0223985094 -0.7197674451 -0.5595176559 -0.4109438133 -0.3394261059 -0.2327368248 0.9113854778
-0.5103129439 0.8596968677 -0.0224052449 -0.7792114440 -0.4732467749 -0.4109343203 -0.3638821579 -0.1922466795 0.9113895925
-0.4083081546 0.9125689860 -0.0224119757 -0.8283653477 -0.3807251495 -0.4109248244 -0.3835300531 -0.1492186527 0.9113937086
-0.3009108428 0.9533887279 -0.0224187016 -0.8665799080 -0.2831746072 -0.4109153257 -0.3981104466 -0.1042212806 0.9113978258
-0.1895394136 0.9816169880 -0.0224254228 -0.8933503412 -0.1818834014 -0.4109058241 -0.4074309495 -0.0578490899 0.9114019443
-0.0756647583 0.9968809575 -0.0224321392 -0.9083229953 -0.0781891987 -0.4108963196 -0.4113686675 -0.0107147429 0.9114060641
0.0392091722 0.9989790482 -0.0224388508 -0.9113000224 0.0265385862 -0.4108868123 -0.4098718213 0.0365590570 0.9114101851
0.1535652297 0.9878835545 -0.0224455576 -0.9022419931 0.1309168760 -0.4108773022 -0.4029604274 0.0833477919 0.9114143073
0.2658931063 0.9637410192 -0.0224522596 -0.8812684183 0.2335671954 -0.4108677892 -0.3907260306 0.1290333800 0.9114184307
0.3747092807 0.9268702985 -0.0224589568 -0.8486561726 0.3331338768 -0.4108582734 -0.3733304911 0.1730123404 0.9114225554
0.4785766115 0.8777583503 -0.0224656492 -0.8048358397 0.4283019635 -0.4108487547 -0.3510038435 0.2147037645 0.9114266813
0.5761233173 0.8170538032 -0.0224723368 -0.7503860265 0.5178145766 -0.4108392332 -0.3240412544 0.2535569894 0.9114308084
0.6660610942 0.7455583897 -0.0224790196 -0.6860257239 0.6004895141 -0.4108297088 -0.2927991206 0.2890588711 0.9114349368
0.7472021301 0.6642163579 -0.0224856976 -0.6126048124 0.6752348644 -0.4108201816 -0.2576903578 0.3207405614 0.9114390664
0.8184747927 0.5741020004 -0.0224923708 -0.5310928397 0.7410634279 -0.4108106516 -0.2191789435 0.3481837000 0.9114431972
0.8789377821 0.4764054663 -0.0224990392 -0.4425662171 0.7971057548 -0.4108011188 -0.1777737849 0.3710259389 0.9114473293
0.9277925629 0.3724170426 -0.0225057028 -0.3481940052 0.8426216292 -0.4107915831 -0.1340219945 0.3889657265 0.9114514625
0.9643939101 0.2635101132 -0.0225123616 -0.2492224756 0.8770098457 -0.4107820446 -0.0885016603 0.4017662887 0.9114555970
0.9882584310 0.1511230209 -0.0225190156 -0.1469586525 0.8998161507 -0.4107725033 -0.0418142077 0.4092587538 0.9114597328
0.9990709493 0.0367400704 -0.0225256648 -0.0427530524 0.9107392425 -0.4107629592 0.0054235468 0.4113443804 0.9114638697
0.9966886671 -0.0781280742 -0.0225323091 0.0620181513 0.9096347527 -0.4107534122 0.0525875445 0.4079958587 0.9114680079
0.9811430514 -0.1919643415 -0.0225389487 0.1659713025 0.8965171533 -0.4107438624 0.0990547292 0.3992576678 0.9114721473
0.9526394183 -0.3032652887 -0.0225455834 0.2677335354 0.8715595681 -0.4107343098 0.1442112780 0.3852454852 0.9114762879
0.9115542210 -0.4105609575 -0.0225522133 0.3659609056 0.8350914870 -0.4107247544 0.1874607098 0.3661446551 0.9114804297
0.8584300783 -0.5124342879 -0.0225588385 0.4593561389 0.7875944167 -0.4107151962 0.2282317643 0.3422077371 0.9114845728
0.7939686080 -0.6075398337 -0.0225654587 0.5466857646 0.7296955228 -0.4107056351 0.2659859475 0.3137511664 0.9114887171
0.7190211604 -0.6946215318 -0.0225720742 0.6267964055 0.6621593487 -0.4106960713 0.3002246441 0.2811510708 0.9114928626
0.6345775746 -0.7725292906 -0.0225786849 0.6986300111 0.5858777197 -0.4106865046 0.3304957025 0.2448382992 0.9114970093
0.5417531057 -0.8402341799 -0.0225852907 0.7612378314 0.5018579669 -0.4106769352 0.3563994059 0.2052927274 0.9115011572
0.4417736950 -0.8968420200 -0.0225918917 0.8137929478 0.4112096243 -0.4106673629 0.3775937506 0.1630369162 0.9115053063
0.3359597795 -0.9416051906 -0.0225984879 0.8556011950 0.3151297771 -0.4106577879 0.3937989611 0.1186292067 0.9115094567
0.2257088525 -0.9739325050 -0.0226050792 0.8861103294 0.2148872533 -0.4106482100 0.4048011833 0.0726563421 0.9115136082
0.1124770065 -0.9933970181 -0.0226116657 0.9049173245 0.1118058673 -0.4106386294 0.4104553068 0.0257257157 0.9115177610
-0.0022402969 -0.9997416646 -0.0226182474 0.9117736937 0.0072469377 -0.4106290459 0.4106868790 -0.0215426540 0.9115219150
-0.1169279783 -0.9928826543 -0.0226248243 0.9065887746 -0.0974086908 -0.4106194597 0.4054930846 -0.0685243150 0.9115260702
-0.2300713498 -0.9729105786 -0.0226313963 0.8894309272 -0.2007788831 -0.4106098707 0.3949427804 -0.1145986310 0.9115302266
-0.3401761199 -0.9400892139 -0.0226379635 0.8605266326 -0.3014984670 -0.4106002789 0.3791755821 -0.1591569802 0.9115343842
-0.4457881284 -0.8948520381 -0.0226445258 0.8202575039 -0.3982372626 -0.4105906843 0.3584000167 -0.2016107949 0.9115385430
-0.5455125518 -0.8377965053 -0.0226510834 0.7691552475 -0.4897176496 -0.4105810869 0.3328907644 -0.2413993361 0.9115427031
-0.6380323249 -0.7696761552 -0.0226576361 0.7078946429 -0.5747314406 -0.4105714868 0.3029850276 -0.2779970994 0.9115468643
-0.7221255350 -0.6913906613 -0.0226641839 0.6372846324 -0.6521558379 -0.4105618838 0.2690780725 -0.3109207561 0.9115510267
-0.7966815600 -0.6039739482 -0.0226707269 0.5582576389 -0.7209682625 -0.4105522781 0.2316180058 -0.3397355358 0.9115551904
-0.8607157365 -0.5085805370 -0.0226772651 0.4718572535 -0.7802598598 -0.4105426696 0.1910998517 -0.3640609682 0.9115593552
-0.9133823639 -0.4064702973 -0.0226837984 0.3792244540 -0.8292475032 -0.4105330583 0.1480590111 -0.3835759064 0.9115635213
-0.9539858741 -0.2989918077 -0.0226903269 0.2815825377 -0.8672841381 -0.4105234443 0.1030641862 -0.3980227667 0.9115676885
-0.9819900174 -0.1875645455 -0.0226968505 0.1802209666 -0.8938673283 -0.4105138275 0.0567098664 -0.4072109289 0.9115718570
-0.9970249450 -0.0736601389 -0.0227033693 0.0764783386 -0.9086458931 -0.4105042079 0.0096084738 -0.4110192513 0.9115760266
-0.9988920935 0.0412170681 -0.0227098832 -0.0282752899 -0.9114245461 -0.4104945856 -0.0376177283 -0.4093976675 0.9115801975
-0.9875668073 0.1555498844 -0.0227163923 -0.1326564975 -0.9021664762 -0.4104849605 -0.0843448557 -0.4023678449 0.9115843695
-0.9631986642 0.2678283092 -0.0227228965 -0.2352867682 -0.8809938354 -0.4104753326 -0.1299556460 -0.3900228952 0.9115885427
-0.9261094998 0.3765694744 -0.0227293959 -0.3348106962 -0.8481861265 -0.4104657020 -0.1738476119 -0.3725261411 0.9115927172
-0.8767891568 0.4803372293 -0.0227358904 -0.4299138869 -0.8041765139 -0.4104560687 -0.2154409998 -0.3501089553 0.9115968928
-0.8158890160 0.5777611079 -0.0227423801 -0.5193403155 -0.7495461045 -0.4104464325 -0.2541864480 -0.3230677011 0.9116010696
-0.7442133930 0.6675544284 -0.0227488649 -0.6019089155 -0.6850162742 -0.4104367936 -0.2895722418 -0.2917598142 0.9116052477
-0.6627089157 0.7485312868 -0.0227553448 -0.6765291769 -0.6114391431 -0.4104271520 -0.3211310728 -0.2565990782 0.9116094269
-0.5724520221 0.8196222190 -0.0227618199 -0.7422155493 -0.5297863227 -0.4104175076 -0.3484462092 -0.2180501555 0.9116136073
-0.4746347435 0.8798883254 -0.0227682901 -0.7981004586 -0.4411360857 -0.4104078605 -0.3711569995 -0.1766224468 0.9116177889
-0.3705489615 0.9285336707 -0.0227747555 -0.8434457651 -0.3466591265 -0.4103982106 -0.3889636338 -0.1328633597 0.9116219717
-0.2615693456 0.9649157961 -0.0227812160 -0.8776525140 -0.2476031018 -0.4103885580 -0.4016311019 -0.0873510751 0.9116261556
-0.1491351983 0.9885542042 -0.0227876716 -0.9002688462 -0.1452761538 -0.4103789027 -0.4089922948 -0.0406869082 0.9116303408
-0.0347314459 0.9991367047 -0.0227941224 -0.9109959672 -0.0410296346 -0.4103692446 -0.4109502093 0.0065126363 0.9116345271
0.0801309733 0.9965235377 -0.0228005683 -0.9096920950 0.0637597396 -0.4103595838 -0.4074792259 0.0536240096 0.9116387147
0.1939350635 0.9807492195 -0.0228070093 -0.8963743337 0.1677080702 -0.4103499202 -0.3986254444 0.1000248556 0.9116429034
0.3051778070 0.9520220863 -0.0228134454 -0.8712184496 0.2694425524 -0.4103402539 -0.3845060717 0.1451022334 0.9116470933
0.4123900143 0.9107215432 -0.0228198767 -0.8345565509 0.3676196056 -0.4103305849 -0.3653078694 0.1882607134 0.9116512844
0.5141557279 0.8573930530 -0.0228263031 -0.7868727035 0.4609426175 -0.4103209131 -0.3412846845 0.2289302426 0.9116554767
0.6091309230 0.7927409320 -0.0228327247 -0.7287965399 0.5481790683 -0.4103112387 -0.3127540920 0.2665736743 0.9116596701
0.6960612580 0.7176190484 -0.0228391413 -0.6610949447 0.6281768085 -0.4103015615 -0.2800931972 0.3006938619 0.9116638647
0.7737986407 0.6330195450 -0.0228455531 -0.5846619288 0.6998792759 -0.4102918816 -0.2437336510 0.3308402254 0.9116680606
0.8413163910 0.5400597358 -0.0228519600 -0.5005068234 0.7623394500 -0.4102821989 -0.2041559453 0.3566147008 0.9116722575
0.8977228006 0.4399673495 -0.0228583620 -0.4097409513 0.8147323594 -0.4102725136 -0.1618830631 0.3776769969 0.9116764557
0.9422729097 0.3340643149 -0.0228647592 -0.3135629515 0.8563659787 -0.4102628255 -0.1174735679 0.3937490877 0.9116806551
0.9743783455 0.2237493022 -0.0228711514 -0.2132429500 0.8866903686 -0.4102531347 -0.0715142229 0.4046188824 0.9116848556
0.9936150932 0.1104792501 -0.0228775388 -0.1101057863 0.9053049402 -0.4102434412 -0.0246122389 0.4101430245 0.9116890573
0.9997290957 -0.0042498754 -0.0228839213 -0.0055135180 0.9119637469 -0.4102337450 0.0226127489 0.4102487818 0.9116932602
0.9926396086 -0.1189228389 -0.0228902988 0.0991525674 0.9065787337 -0.4102240461 0.0695368663 0.4049350047 0.9116974642
0.9724402673 -0.2320251471 -0.0228966716 0.2025101943 0.8892209021 -0.4102143445 0.1155402425 0.3942721374 0.9117016694
0.9393978497 -0.3420630508 -0.0229030394 0.3031943538 0.8601193737 -0.4102046402 0.1600151985 0.3784012847 0.9117058758
0.8939487529 -0.4475832732 -0.0229094023 0.3998753310 0.8196583657 -0.4101949331 0.2023742740 0.3575323441 0.9117100834
0.8366932298 -0.5471922031 -0.0229157603 0.4912762664 0.7683721185 -0.4101852234 0.2420579874 0.3319412302 0.9117142921
0.7683874612 -0.6395743007 -0.0229221134 0.5761900193 0.7069378416 -0.4101755110 0.2785422250 0.3019662266 0.9117185020
0.6899335693 -0.7235094717 -0.0229284617 0.6534951102 0.6361667713 -0.4101657959 0.3113451637 0.2680035140 0.9117227131
0.6023677025 -0.7978891813 -0.0229348050 0.7221705331 0.5569934584 -0.4101560781 0.3400336337 0.2305019341 0.9117269253
0.5068463518 -0.8617310947 -0.0229411435 0.7813092402 0.4704634275 -0.4101463576 0.3642288387 0.1899570577 0.9117311387
0.4046310761 -0.9141920507 -0.0229474770 0.8301301216 0.3777193699 -0.4101366344 0.3836113574 0.1469046359 0.9117353533
0.2970718412 -0.9545791973 -0.0229538056 0.8679883228 0.2799860539 -0.4101269085 0.3979253606 0.1019135206 0.9117395690
0.1855891906 -0.9823591425 -0.0229601294 0.8943837622 0.1785541503 -0.4101171800 0.4069819876 0.0555781486 0.9117437859
0.0716554839 -0.9971649983 -0.0229664482 0.9089677366 0.0747631883 -0.4101074488 0.4106618384 0.0085106872 0.9117480040
-0.0432245482 -0.9988012268 -0.0229727621 0.9115475281 -0.0300161353 -0.4100977148 0.4089165472 -0.0386670530 0.9117522232
-0.1575336774 -0.9872462220 -0.0229790712 0.9020889505 -0.1344000574 -0.4100879783 0.4017694187 -0.0853318335 0.9117564436
-0.2697622158 -0.9626525954 -0.0229853753 0.8807168028 -0.2370100233 -0.4100782390 0.3893151168 -0.1308672206 0.9117606651
-0.3784279544 -0.9253451606 -0.0229916745 0.8477132220 -0.3364908927 -0.4100684971 0.3717184102 -0.1746717290 0.9117648878
-0.4820957389 -0.8758166429 -0.0229979688 0.8035139590 -0.4315288370 -0.4100587524 0.3492119932 -0.2161667662 0.9117691117
-0.5793964234 -0.8147211723 -0.0230042582 0.7487026251 -0.5208686903 -0.4100490052 0.3220934084 -0.2548042755 0.9117733367
-0.6690449535 -0.7428656441 -0.0230105426 0.6840029860 -0.6033305266 -0.4100392552 0.2907211126 -0.2900739743 0.9117775628
-0.7498573374 -0.6611990619 -0.0230168222 0.6102694050 -0.6778252432 -0.4100295026 0.2555097394 -0.3215100934 0.9117817902
-0.8207662833 -0.5708000045 -0.0230230968 0.5284755605 -0.7433689452 -0.4100197473 0.2169246184 -0.3486975281 0.9117860187
-0.8808352952 -0.4728623807 -0.0230293665 0.4397015890 -0.7990959400 -0.4100099894 0.1754756264 -0.3712773191 0.9117902483
-0.9292710407 -0.3686796611 -0.0230356313 0.3451198204 -0.8442701712 -0.4100002288 0.1317104490 -0.3889513923 0.9117944791
-0.9654338294 -0.2596277956 -0.0230418912 0.2459792975 -0.8782949410 -0.4099904655 0.0862073443 -0.4014864934 0.9117987110
-0.9888460605 -0.1471470405 -0.0230481462 0.1435892801 -0.9007207917 -0.4099806996 0.0395675022 -0.4087172664 0.9118029441
-0.9991985309 -0.0327229376 -0.0230543962 0.0393019556 -0.9112514428 -0.4099709311 -0.0075928986 -0.4105484349 0.9118071784
-0.9963545186 0.0821333063 -0.0230606413 -0.0655054184 -0.9097477055 -0.4099611598 -0.0546508310 -0.4069560571 0.9118114138
-0.9803515886 0.1959047770 -0.0230668815 -0.1694487033 -0.8962293223 -0.4099513860 -0.1009846504 -0.3979878393 0.9118156503
-0.9514010964 0.3070888877 -0.0230731168 -0.2711551582 -0.8708747080 -0.4099416095 -0.1459823067 -0.3837625021 0.9118198880
-0.9098853969 0.4142172236 -0.0230793471 -0.3692815699 -0.8340185949 -0.4099318303 -0.1890494293 -0.3644682086 0.9118241268
-0.8563527941 0.5158749349 -0.0230855725 -0.4625319922 -0.7861476136 -0.4099220485 -0.2296171778 -0.3403600758 0.9118283668
-0.7915103001 0.6107194233 -0.0230917930 -0.5496748609 -0.7278938680 -0.4099122641 -0.2671497560 -0.3117568011 0.9118326079
-0.7162142972 0.6974980735 -0.0230980085 -0.6295592601 -0.6600265884 -0.4099024770 -0.3011514878 -0.2790364493 0.9118368502
-0.6314592276 0.7750647966 -0.0231042191 -0.7011301214 -0.5834419746 -0.4098926873 -0.3311733635 -0.2426314558 0.9118410936
-0.5383644597 0.8423951667 -0.0231104248 -0.7634421599 -0.4991513607 -0.4098828949 -0.3568189696 -0.2030229107 0.9118453381
-0.4381595045 0.8985999501 -0.0231166255 -0.8156723582 -0.4082678607 -0.4098731000 -0.3777497224 -0.1607342019 0.9118495838
-0.3321677773 0.9429368499 -0.0231228213 -0.8571308373 -0.3119916684 -0.4098633024 -0.3936893388 -0.1163240990 0.9118538307
-0.2217891194 0.9748203092 -0.0231290122 -0.8872699689 -0.2115942085 -0.4098535021 -0.4044274827 -0.0703793694 0.9118580786
-0.1084813101 0.9938292449 -0.0231351981 -0.9056916089 -0.1084013456 -0.4098436993 -0.4098225408 -0.0235070267 0.9118623278
0.0062591863 0.9997126083 -0.0231413791 -0.9121523569 -0.0037758751 -0.4098338938 -0.4098034899 0.0236736901 0.9118665780
0.1209169842 0.9923927013 -0.0231475551 -0.9065667725 0.1009004746 -0.4098240857 -0.4043708322 0.0705394968 0.9118708294
0.2339777909 0.9719662023 -0.0231537262 -0.8890085048 0.2042452897 -0.4098142750 -0.3935965850 0.1164712982 0.9118750819
0.3439484054 0.9387028890 -0.0231598923 -0.8597093218 0.3048937278 -0.4098044616 -0.3776233261 0.1608623664 0.9118793356
0.4493764396 0.8930420760 -0.0231660535 -0.8190560506 0.4015165431 -0.4097946457 -0.3566623074 0.2031263552 0.9118835903
0.5488695002 0.8355868120 -0.0231722098 -0.7675854706 0.4928376414 -0.4097848271 -0.3309906601 0.2427050448 0.9118878463
0.6411135776 0.7670959159 -0.0231783611 -0.7059772259 0.5776509336 -0.4097750059 -0.3009477316 0.2790757151 0.9118921033
0.7248904005 0.6884739544 -0.0231845074 -0.6350448508 0.6548362642 -0.4097651821 -0.2669305991 0.3117580490 0.9118963615
0.7990935254 0.6007592958 -0.0231906488 -0.5557250275 0.7233742063 -0.4097553557 -0.2293888218 0.3403204757 0.9119006208
0.8627429497 0.5051103958 -0.0231967853 -0.4690652163 0.7823595249 -0.4097455267 -0.1888184993 0.3643858694 0.9119048813
0.9149980544 0.4027904978 -0.0232029168 -0.3762098241 0.8310131337 -0.4097356951 -0.1457557161 0.3836365291 0.9119091428
0.9551687063 0.2951509492 -0.0232090433 -0.2783850910 0.8686923851 -0.4097258609 -0.1007694576 0.3978183721 0.9119134055
0.9827243726 0.1836133538 -0.0232151649 -0.1768828974 0.8948995587 -0.4097160241 -0.0544540925 0.4067442884 0.9119176694
0.9973011273 0.0696507969 -0.0232212815 -0.0730437025 0.9092884359 -0.4097061847 -0.0074215196 0.4102966083 0.9119219343
0.9987064582 -0.0452316099 -0.0232273931 0.0317611573 0.9116688739 -0.4096963427 0.0397069165 0.4084286545 0.9119262004
0.9869218087 -0.1595166073 -0.0232334998 0.1361475791 0.9020093181 -0.4096864981 0.0863086336 0.4011653550 0.9119304676
0.9621028232 -0.2716948261 -0.0232396016 0.2387369727 0.8804372207 -0.4096766510 0.1317680366 0.3886029104 0.9119347359
0.9245772914 -0.3802847220 -0.0232456983 0.3381744668 0.8472373587 -0.4096668012 0.1754846497 0.3709075198 0.9119390054
0.8748408190 -0.4838521424 -0.0232517901 0.4331468028 0.8028480750 -0.4096569489 0.2168810473 0.3483131821 0.9119432759
0.8135502822 -0.5810292673 -0.0232578770 0.5223996785 0.7478554903 -0.4096470939 0.2554104818 0.3211186014 0.9119475476
0.7415151525 -0.6705326740 -0.0232639588 0.6047543138 0.6829857645 -0.4096372364 0.2905641042 0.2896832383 0.9119518204
0.6596868053 -0.7511802875 -0.0232700357 0.6791230191 0.6090955077 -0.4096273763 0.3218776845 0.2544225583 0.9119560943
0.5691459558 -0.8219069922 -0.0232761077 0.7445235610 0.5271604685 -0.4096175137 0.3489377424 0.2158025407 0.9119603694
0.4710883851 -0.8817786989 -0.0232821746 0.8000921351 0.4382626493 -0.4096076484 0.3713870068 0.1743335208 0.9119646455
0.3668091479 -0.9300046812 -0.0232882366 0.8450947749 0.3435760172 -0.4095977806 0.3889291329 0.1305634458 0.9119689228
0.2576854686 -0.9659480189 -0.0232942936 0.8789370466 0.2443510014 -0.4095879102 0.4013326144 0.0850706349 0.9119732012
0.1451585518 -0.9891340095 -0.0233003457 0.9011719007 0.1418979800 -0.4095780372 0.4084338382 0.0384561379 0.9119774807
0.0307145486 -0.9992564378 -0.0233063927 0.9115055776 0.0375699744 -0.4095681617 0.4101392429 -0.0086642057 0.9119817613
-0.0841350711 -0.9961816201 -0.0233124348 0.9098014882 -0.0672552181 -0.4095582836 0.4064265516 -0.0556679032 0.9119860430
-0.1978734811 -0.9799501693 -0.0233184719 0.8960820201 -0.1711932209 -0.4095484030 0.3973450625 -0.1019340316 0.9119903259
-0.3089985314 -0.9507764591 -0.0233245040 0.8705282428 -0.2728713603 -0.4095385198 0.3830149945 -0.1468514407 0.9119946098
-0.4160425870 -0.9090457921 -0.0233305312 0.8334775184 -0.3709467943 -0.4095286340 0.3636258957 -0.1898268256 0.9119988949
-0.5175919116 -0.8553093115 -0.0233365533 0.7854190475 -0.4641242471 -0.4095187457 0.3394341361 -0.2302925639 0.9120031810
-0.6123053384 -0.7902767218 -0.0233425705 0.7269874102 -0.5511731156 -0.4095088548 0.3107595180 -0.2677142128 0.9120074683
-0.6989319831 -0.7148069157 -0.0233485827 0.6589541866 -0.6309437222 -0.4094989614 0.2779810479 -0.3015975674 0.9120117567
-0.7763277644 -0.6298966307 -0.0233545899 0.5822177688 -0.7023824991 -0.4094890654 0.2415319274 -0.3314951879 0.9120160462
-0.8434705140 -0.5366672850 -0.0233605921 0.4977914969 -0.7645459029 -0.4094791668 0.2018938277 -0.3570123074 0.9120203368
-0.8994734763 -0.4363501667 -0.0233665893 0.4067902776 -0.8166128767 -0.4094692658 0.1595905247 -0.3778120453 0.9120246284
-0.9435970197 -0.3302701725 -0.0233725816 0.3104158613 -0.8578956952 -0.4094593621 0.1151809771 -0.3936198538 0.9120289212
-0.9752584053 -0.2198283091 -0.0233785688 0.2099409716 -0.8878490477 -0.4094494560 0.0692519415 -0.4042271429 0.9120332151
-0.9940394826 -0.1064831903 -0.0233845510 0.1066924978 -0.9060772418 -0.4094395473 0.0224102197 -0.4094940319 0.9120375101
-0.9996922124 0.0082682268 -0.0233905283 0.0020339722 -0.9123394303 -0.4094296360 -0.0247253584 -0.4093511944 0.9120418062
-0.9921419426 0.1229104127 -0.0233965005 -0.1026524381 -0.9065527938 -0.4094197223 -0.0715321100 -0.4038007708 0.9120461034
-0.9714883936 0.2359292809 -0.0234024678 -0.2059841835 -0.8887936357 -0.4094098060 -0.1173917256 -0.3929163365 0.9120504017
-0.9380043420 0.3458321845 -0.0234084301 -0.3065965918 -0.8592963763 -0.4093998871 -0.1616984364 -0.3768419269 0.9120547011
-0.8921320173 0.4511676299 -0.0234143873 -0.4031608901 -0.8184504583 -0.4093899658 -0.2038670166 -0.3557901308 0.9120590016
-0.8344772617 0.5505444464 -0.0234203396 -0.4944017543 -0.7667952052 -0.4093800419 -0.2433405126 -0.3300392794 0.9120633032
-0.7658015285 0.6426501599 -0.0234262868 -0.5791141520 -0.7050127002 -0.4093701155 -0.2795975999 -0.2999297659 0.9120676059
-0.6870118256 0.7262683266 -0.0234322291 -0.6561792577 -0.6339187798 -0.4093601865 -0.3121594677 -0.2658595464 0.9120719096
-0.5991487362 0.8002945984 -0.0234381663 -0.7245792294 -0.5544522603 -0.4093502551 -0.3405961423 -0.2282788795 0.9120762145
-0.5033726765 0.8637513084 -0.0234440986 -0.7834106519 -0.4676625407 -0.4093403211 -0.3645321646 -0.1876843765 0.9120805204
-0.4009485689 0.9158003830 -0.0234500258 -0.8318964689 -0.3746957450 -0.4093303846 -0.3836515479 -0.1446124383 0.9120848275
-0.2932291369 0.9557544098 -0.0234559480 -0.8693962465 -0.2767795863 -0.4093204456 -0.3977019485 -0.0996321678 0.9120891356
-0.1816370394 0.9830857169 -0.0234618652 -0.8954146327 -0.1752071542 -0.4093105041 -0.4064979970 -0.0533378507 0.9120934448
-0.0676460812 0.9974333417 -0.0234677774 -0.9096079003 -0.0713198380 -0.4093005601 -0.4099237435 -0.0063411032 0.9120977552
0.0472382512 0.9986077978 -0.0234736846 -0.9117884884 0.0335103881 -0.4092906135 -0.4079341859 0.0407372082 0.9121020666
0.1614986732 0.9865935777 -0.0234795868 -0.9019274806 0.1378990839 -0.4092806645 -0.4005558615 0.0872751688 0.9121063790
0.2736261402 0.9615493578 -0.0234854839 -0.8801549888 0.2404676262 -0.4092707129 -0.3878864926 0.1326580313 0.9121106926
0.3821397784 0.9238059022 -0.0234913761 -0.8467584359 0.3398614167 -0.4092607589 -0.3700936923 0.1762863366 0.9121150073
0.4856064426 0.8738616948 -0.0234972632 -0.8021787620 0.4347677709 -0.4092508024 -0.3474127470 0.2175838318 0.9121193230
0.5826596432 0.8123763551 -0.0235031453 -0.7470046025 0.5239332552 -0.4092408433 -0.3201435052 0.2560050815 0.9121236398
0.6720175946 0.7401619271 -0.0235090224 -0.6819645157 0.6061802412 -0.4092308818 -0.2886464132 0.2910426719 0.9121279577
0.7525001428 0.6581721544 -0.0235148945 -0.6079173620 0.6804224580 -0.4092209178 -0.2533377507 0.3222339117 0.9121322767
0.8230443523 0.5674898835 -0.0235207615 -0.5258409635 0.7456793403 -0.4092109512 -0.2146841291 0.3491669422 0.9121365968
0.8827185440 0.4693127635 -0.0235266235 -0.4368191903 0.8010889783 -0.4092009822 -0.1731963250 0.3714861759 0.9121409179
0.9307346003 0.3649374277 -0.0235324805 -0.3420276485 0.8459195023 -0.4091910107 -0.1294225307 0.3888969908 0.9121452401
0.9664583733 0.2557423694 -0.0235383325 -0.2427181545 0.8795787495 -0.4091810368 -0.0839411108 0.4011696198 0.9121495634
0.9894180605 0.1431697359 -0.0235441794 -0.1402022040 0.9016220857 -0.4091710603 -0.0373529605 0.4081421827 0.9121538878
0.9993104352 0.0287062818 -0.0235500213 -0.0358336519 0.9117582788 -0.4091610814 0.0097264336 0.4097228216 0.9121582132
0.9960048520 -0.0861362662 -0.0235558582 0.0690091666 0.9098533466 -0.4091511000 0.0566751245 0.4058909106 0.9121625398
0.9795449716 -0.1998411755 -0.0235616901 0.1729416396 0.8959323280 -0.4091411161 0.1028729214 0.3966973256 0.9121668674
0.9501481842 -0.3109067386 -0.0235675169 0.2745911638 0.8701789537 -0.4091311297 0.1477095824 0.3822637681 0.9121711960
0.9082027388 -0.4178661064 -0.0235733387 0.3726152723 0.8329332212 -0.4091211409 0.1905928751 0.3627811546 0.9121755258
0.8542626149 -0.5193066611 -0.0235791554 0.4657193643 0.7846869063 -0.4091111496 0.2309563996 0.3385070911 0.9121798566
0.7890402063 -0.6138886725 -0.0235849671 0.5526738029 0.7260770702 -0.4091011558 0.2682670693 0.3097624669 0.9121841884
0.7133969126 -0.7003629919 -0.0235907738 0.6323301548 0.6578776470 -0.4090911596 0.3020321512 0.2769272126 0.9121885214
0.6283317624 -0.7775875500 -0.0235965754 0.7036363584 0.5809892245 -0.4090811609 0.3318057737 0.2404352784 0.9121928554
0.5349682190 -0.8445424399 -0.0236023720 0.7656506186 0.4964271512 -0.4090711597 0.3571948136 0.2007688990 0.9121971905
0.4345393427 -0.9003433869 -0.0236081636 0.8175538460 0.4053081290 -0.4090611561 0.3778640873 0.1584522210 0.9122015266
0.3283715059 -0.9442534276 -0.0236139501 0.8586604753 0.3088354655 -0.4090511500 0.3935407757 0.1140443765 0.9122058638
0.2178668755 -0.9756926426 -0.0236197316 0.8884275209 0.2082831838 -0.4090411415 0.4040180252 0.0681320959 0.9122102021
0.1044848940 -0.9942458158 -0.0236255080 0.9064617490 0.1049791976 -0.4090311305 0.4091576769 0.0213219550 0.9122145415
-0.0102769949 -0.9996679179 -0.0236312794 0.9125248725 0.0002877744 -0.4090211171 0.4088920890 -0.0257676381 0.9122188819
-0.1249031234 -0.9918873423 -0.0236370457 0.9065366998 -0.1044084815 -0.4090111012 0.4032250261 -0.0725146134 0.9122232233
-0.2378796173 -0.9710068513 -0.0236428070 0.8885761949 -0.2077268881 -0.4090010829 0.3922316070 -0.1183014565 0.9122275658
-0.3477143895 -0.9373022185 -0.0236485632 0.8588804366 -0.3083029464 -0.4089910621 0.3760573082 -0.1625233657 0.9122319094
-0.4529568462 -0.8912185865 -0.0236543144 0.8178414887 -0.4048083610 -0.4089810389 0.3549160392 -0.2045962412 0.9122362541
-0.5522170450 -0.8333645881 -0.0236600605 0.7660012241 -0.4959685826 -0.4089710133 0.3290873134 -0.2439643997 0.9122405998
-0.6441840521 -0.7645043079 -0.0236658016 0.7040441698 -0.5805796410 -0.4089609852 0.2989125524 -0.2801079142 0.9122449465
-0.7276432556 -0.6855471909 -0.0236715376 0.6327884679 -0.6575240464 -0.4089509547 0.2647905730 -0.3125494800 0.9122492943
-0.8014924068 -0.5975360313 -0.0236772685 0.5531750723 -0.7257855482 -0.4089409217 0.2271723161 -0.3408607184 0.9122536432
-0.8647561783 -0.5016332005 -0.0236829944 0.4662553230 -0.7844625574 -0.4089308864 0.1865548869 -0.3646678327 0.9122579931
-0.9165990444 -0.3991052951 -0.0236887153 0.3731770627 -0.8327800547 -0.4089208485 0.1434749863 -0.3836565442 0.9122623441
-0.9563363162 -0.2913064094 -0.0236944311 0.2751694785 -0.8700998270 -0.4089108083 0.0985018190 -0.3975762403 0.9122666961
-0.9834431846 -0.1796602514 -0.0237001418 0.1735268694 -0.8959288975 -0.4089007657 0.0522295724 -0.4062432826 0.9122710492
-0.9975616509 -0.0656413396 -0.0237058475 0.0695915536 -0.9099260378 -0.4088907206 0.0052695668 -0.4095434290 0.9122754033
-0.9985052552 0.0492444703 -0.0237115480 -0.0352638583 -0.9119062756 -0.4088806731 -0.0417578216 -0.4074333401 0.9122797584
-0.9862615389 0.1634798744 -0.0237172436 -0.1396545908 -0.9018433394 -0.4088706232 -0.0882313563 -0.3999411480 0.9122841147
-0.9609922090 0.2755561587 -0.0237229340 -0.2422019915 -0.8798700068 -0.4088605708 -0.1335371465 -0.3871660813 0.9122884719
-0.9230310029 0.3839931254 -0.0237286194 -0.3415517382 -0.8462763530 -0.4088505161 -0.1770767570 -0.3692771507 0.9122928302
-0.8728792798 0.4873586420 -0.0237342998 -0.4363917256 -0.8015059208 -0.4088404589 -0.2182751127 -0.3465109133 0.9122971896
-0.8111994000 0.5842875551 -0.0237399750 -0.5254693936 -0.7461498649 -0.4088303994 -0.2565880937 -0.3191683444 0.9123015500
-0.7388059766 0.6734997203 -0.0237456452 -0.6076082708 -0.6809391463 -0.4088203374 -0.2915097223 -0.2876108582 0.9123059115
-0.6566551169 0.7538169093 -0.0237513103 -0.6817235116 -0.6067348798 -0.4088102730 -0.3225788449 -0.2522555309 0.9123102739
-0.5658317950 0.8241783703 -0.0237569704 -0.7468362248 -0.5245169633 -0.4088002062 -0.3493852217 -0.2135695884 0.9123146375
-0.4675355224 0.8836548381 -0.0237626254 -0.8020864022 -0.4353711374 -0.4087901370 -0.3715749436 -0.1720642316 0.9123190020
-0.3630645060 0.9314608063 -0.0237682753 -0.8467442779 -0.3404746479 -0.4087800655 -0.3888551045 -0.1282878815 0.9123233677
-0.2537985026 0.9669649015 -0.0237739201 -0.8802199671 -0.2410806993 -0.4087699915 -0.4009976679 -0.0828189326 0.9123277343
-0.1411805963 0.9896982226 -0.0237795598 -0.9020712578 -0.1385019047 -0.4087599151 -0.4078424758 -0.0362581111 0.9123321020
-0.0266981395 0.9993605325 -0.0237851945 -0.9120094528 -0.0340929513 -0.4087498364 -0.4092993616 0.0107794620 0.9123364707
0.0881368904 0.9958242241 -0.0237908241 -0.9099031834 0.0707672899 -0.4087397552 -0.4053493374 0.0576723976 0.9123408405
0.2018078601 0.9791360052 -0.0237964486 -0.8957801465 0.1746939741 -0.4087296717 -0.3960448417 0.1038012466 0.9123452113
0.3128135105 0.9495162817 -0.0238020680 -0.8698267400 0.2763145718 -0.4087195857 -0.3815090431 0.1485566836 0.9123495831
0.4196877840 0.9073562466 -0.0238076823 -0.8323856029 0.3742869953 -0.4087094974 -0.3619342097 0.1913475553 0.9123539560
0.5210191866 0.8532127134 -0.0238132916 -0.7839510915 0.4673173238 -0.4086994068 -0.3375791661 0.2316086884 0.9123583299
0.6154694297 0.7878007624 -0.0238188957 -0.7251627526 0.5541768915 -0.4086893137 -0.3087658713 0.2688083548 0.9123627048
0.7017911053 0.7119842962 -0.0238244948 -0.6567968784 0.6337185157 -0.4086792182 -0.2758751621 0.3024552941 0.9123670807
0.7788441598 0.6267646302 -0.0238300888 -0.5797562557 0.7048916470 -0.4086691204 -0.2393417196 0.3321052008 0.9123714577
0.8456109513 0.5332672684 -0.0238356777 -0.4950582445 0.7667562453 -0.4086590202 -0.1996483247 0.3573665916 0.9123758357
0.9012096896 0.4327270382 -0.0238412615 -0.4038213432 0.8184951954 -0.4086489177 -0.1573194779 0.3779059745 0.9123802148
0.9449060818 0.3264717826 -0.0238468402 -0.3072504181 0.8594250993 -0.4086388128 -0.1129144687 0.3934522510 0.9123845949
0.9761230301 0.2159048227 -0.0238524138 -0.2066207918 0.8890053034 -0.4086287055 -0.0670199858 0.4038002948 0.9123889759
0.9944482538 0.1024864241 -0.0238579823 -0.1032614017 0.9068450397 -0.4086185958 -0.0202423658 0.4088136578 0.9123933581
0.9996397341 -0.0122854886 -0.0238635457 0.0014627507 0.9127085884 -0.4086084838 0.0268004180 0.4084263697 0.9123977412
0.9916289102 -0.1268951155 -0.0238691041 0.1061686262 0.9065183922 -0.4085983694 0.0734869191 0.4026438058 0.9124021254
0.9705215851 -0.2398288004 -0.0238746573 0.2094734132 0.8883560823 -0.4085882527 0.1192004275 0.3915426127 0.9124065106
0.9365965282 -0.3495950217 -0.0238802054 0.3100127899 0.8584614021 -0.4085781336 0.1633371161 0.3752696923 0.9124108968
0.8903017930 -0.4547440911 -0.0238857484 0.4064589425 0.8172290423 -0.4085680121 0.2053140167 0.3540402577 0.9124152840
0.8322488003 -0.5538872998 -0.0238912864 0.4975381016 0.7652034301 -0.4085578883 0.2445767198 0.3281349872 0.9124196723
0.7632042626 -0.6457152589 -0.0238968192 0.5820473647 0.7030715406 -0.4085477622 0.2806066975 0.2978963130 0.9124240615
0.6840800583 -0.7290151930 -0.0239023469 0.6588705839 0.6316538257 -0.4085376337 0.3129281508 0.2637238950 0.9124284518
0.5959211882 -0.8026869572 -0.0239078695 0.7269931062 0.5518933800 -0.4085275029 0.3411142931 0.2260693386 0.9124328431
0.4998919742 -0.8657575666 -0.0239133870 0.7855151758 0.4648434868 -0.4085173697 0.3647929861 0.1854302260 0.9124372354
0.3972606821 -0.9173940466 -0.0239188994 0.8336638172 0.3716537091 -0.4085072342 0.3836516523 0.1423435415 0.9124416287
0.2893827712 -0.9569144342 -0.0239244067 0.8708030453 0.2735547085 -0.4084970963 0.3974414019 0.0973785755 0.9124460231
0.1776829932 -0.9837967846 -0.0239299089 0.8964422658 0.1718419935 -0.4084869561 0.4059803173 0.0511294033 0.9124504184
0.0636365746 -0.9976860642 -0.0239354060 0.9102427559 0.0678588103 -0.4084768136 0.4091558527 0.0042070353 0.9124548148
-0.0512502659 -0.9983988400 -0.0239408979 0.9120221390 -0.0370215958 -0.4084666688 0.4069263180 -0.0427686543 0.9124592122
-0.1654602107 -0.9859257017 -0.0239463848 0.9017567951 -0.1414141168 -0.4084565216 0.3993214258 -0.0891771173 0.9124636106
-0.2774848824 -0.9604313865 -0.0239518665 0.8795821744 -0.2439400738 -0.4084463721 0.3864418953 -0.1344053284 0.9124680100
-0.3858447650 -0.9222526026 -0.0239573431 0.8457910097 -0.3432454252 -0.4084362202 0.3684581187 -0.1778558828 0.9124724104
-0.4891087439 -0.8718935831 -0.0239628146 0.8008294523 -0.4380186490 -0.4084260661 0.3456079065 -0.2189548878 0.9124768118
-0.5859130069 -0.8100194256 -0.0239682810 0.7452911812 -0.5270080645 -0.4084159096 0.3181933431 -0.2571595421 0.9124812142
