1983
45115
0.1854557348 0.9823151418 -0.0257513629 -0.9006957658 0.1594521507 -0.4041313514 -0.3928782356 0.0981426203 0.9143384046
0.2969340899 0.9545505977 -0.0257546645 -0.8764586301 0.2617383091 -0.4041204366 -0.3790124220 0.1425700320 0.9143431358
0.4044908021 0.9141792595 -0.0257579605 -0.8406459617 0.3605688041 -0.4041095205 -0.3601410252 0.1851119096 0.9143478676
0.5067053652 0.8617343157 -0.0257612511 -0.7937306112 0.4546383573 -0.4040986029 -0.3365135802 0.2252064238 0.9143526000
0.6022278271 0.7979084114 -0.0257645361 -0.7363320658 0.5427045537 -0.4040876840 -0.3084424309 0.2623241020 0.9143573330
0.6897966189 0.7235445005 -0.0257678157 -0.6692082694 0.6236042506 -0.4040767636 -0.2762986007 0.2959748207 0.9143620666
0.7682552165 0.6396247129 -0.0257710898 -0.5932456143 0.6962689398 -0.4040658419 -0.2405068887 0.3257142768 0.9143668008
0.8365674146 0.5472573830 -0.0257743583 -0.5094472358 0.7597388608 -0.4040549187 -0.2015402558 0.3511498543 0.9143715356
0.8938310124 0.4476624124 -0.0257776213 -0.4189197655 0.8131756765 -0.4040439942 -0.1599135745 0.3719458075 0.9143762710
0.9392897285 0.3421551582 -0.0257808789 -0.3228587169 0.8558735471 -0.4040330683 -0.1161768262 0.3878276925 0.9143810070
0.9723431892 0.2321290610 -0.0257841309 -0.2225326974 0.8872684532 -0.4040221410 -0.0709078343 0.3985859893 0.9143857436
0.9925548580 0.1190372420 -0.0257873774 -0.1192666551 0.9069456462 -0.4040112124 -0.0247046308 0.4040788658 0.9143904808
0.9996578005 0.0043733109 -0.0257906184 -0.0144243807 0.9146451274 -0.4040002823 0.0218224446 0.4042340474 0.9143952186
0.9935582100 -0.1103483594 -0.0257938539 0.0906095036 0.9102650835 -0.4039893509 0.0680588067 0.3990497681 0.9143999570
0.9743366463 -0.2236126340 -0.0257970839 0.1944478302 0.8938632328 -0.4039784182 0.1133937430 0.3885947901 0.9144046960
0.9422469718 -0.3339236262 -0.0258003084 0.2957192063 0.8656560650 -0.4039674840 0.1572284806 0.3730074918 0.9144094356
0.8977129987 -0.4398244536 -0.0258035274 0.3930861257 0.8260159833 -0.4039565485 0.1989840943 0.3524940359 0.9144141758
0.8413228914 -0.5399164792 -0.0258067408 0.4852626339 0.7754663881 -0.4039456116 0.2381091525 0.3273256429 0.9144189166
0.7738213991 -0.6328777835 -0.0258099488 0.5710313116 0.7146747658 -0.4039346734 0.2740869999 0.2978350052 0.9144236579
0.6961000191 -0.7174806232 -0.0258131512 0.6492593541 0.6444438753 -0.4039237338 0.3064425794 0.2644118889 0.9144283999
0.6091852235 -0.7926076455 -0.0258163481 0.7189135328 0.5657011474 -0.4039127928 0.3347487054 0.2274979829 0.9144331424
0.5142249019 -0.8572666456 -0.0258195395 0.7790738421 0.4794864374 -0.4039018505 0.3586317036 0.1875810616 0.9144378856
0.4124732014 -0.9106036706 -0.0258227254 0.8289456510 0.3869382936 -0.4038909068 0.3777763436 0.1451885394 0.9144426293
0.3052739631 -0.9519142976 -0.0258259058 0.8678701990 0.2892789210 -0.4038799618 0.3919300003 0.1008805026 0.9144473736
0.1940429736 -0.9806529371 -0.0258290806 0.8953332977 0.1877980413 -0.4038690154 0.4009059869 0.0552423088 0.9144521185
0.0802492670 -0.9964400383 -0.0258322500 0.9109721234 0.0838358601 -0.4038580677 0.4045860174 0.0088768543 0.9144568639
-0.0346042771 -0.9990671026 -0.0258354138 0.9145800102 -0.0212346324 -0.4038471187 0.4029217652 -0.0376033906 0.9144616100
-0.1490007819 -0.9884994361 -0.0258385721 0.9061091813 -0.1260257942 -0.4038361683 0.3959354981 -0.0835844722 0.9144663566
-0.2614294070 -0.9648766089 -0.0258417249 0.8856713814 -0.2291536574 -0.4038252165 0.3837197798 -0.1284590631 0.9144711038
-0.3704053022 -0.9285106110 -0.0258448721 0.8535364030 -0.3292562063 -0.4038142635 0.3664362439 -0.1716344835 0.9144758516
-0.4744892179 -0.8798817320 -0.0258480139 0.8101285247 -0.4250113657 -0.4038033091 0.3443134553 -0.2125405297 0.9144806000
-0.5723065134 -0.8196322180 -0.0258511501 0.7560209097 -0.5151544618 -0.4037923533 0.3176438869 -0.2506370039 0.9144853489
-0.6625653116 -0.7485577894 -0.0258542808 0.6919280373 -0.5984949250 -0.4037813963 0.2867800535 -0.2854208484 0.9144900985
-0.7440735613 -0.6675971314 -0.0258574060 0.6186962687 -0.6739320148 -0.4037704379 0.2521298524 -0.3164327882 0.9144948486
-0.8157547804 -0.5778194973 -0.0258605256 0.5372926705 -0.7404693579 -0.4037594781 0.2141511719 -0.3432633953 0.9144995992
-0.8766622730 -0.4804105862 -0.0258636397 0.4487922443 -0.7972281081 -0.4037485171 0.1733458412 -0.3655584936 0.9145043505
-0.9259916324 -0.3766568838 -0.0258667483 0.3543637298 -0.8434585549 -0.4037375547 0.1302529991 -0.3830238348 0.9145091023
-0.9630913652 -0.2679286714 -0.0258698514 0.2552541711 -0.8785500258 -0.4037265911 0.0854419705 -0.3954289813 0.9145138547
-0.9874714955 -0.1556619291 -0.0258729490 0.1527724476 -0.9020389529 -0.4037156261 0.0395047454 -0.4026103468 0.9145186077
-0.9988100355 -0.0413393697 -0.0258760410 0.0482719884 -0.9136149970 -0.4037046598 -0.0069518429 -0.4044733535 0.9145233612
-0.9969572388 0.0735291424 -0.0258791275 -0.0568671015 -0.9131251479 -0.4036936921 -0.0533141331 -0.4009936777 0.9145281153
-0.9819375775 0.1874265330 -0.0258822084 -0.1612562683 -0.9005757463 -0.4036827232 -0.0989697424 -0.3922175669 0.9145328700
-0.9539494190 0.2988485536 -0.0258852839 -0.2635168473 -0.8761324027 -0.4036717530 -0.1433156555 -0.3782612258 0.9145376252
-0.9133624067 0.4063236484 -0.0258883538 -0.3622982712 -0.8401178109 -0.4036607814 -0.1857661885 -0.3593092770 0.9145423810
-0.8607125771 0.5084323890 -0.0258914181 -0.4562959070 -0.7930074888 -0.4036498086 -0.2257607250 -0.3356123189 0.9145471374
-0.7966952811 0.6038262209 -0.0258944770 -0.5442682868 -0.7354234992 -0.4036388345 -0.2627711189 -0.3074836121 0.9145518943
-0.7221560004 0.6912452741 -0.0258975303 -0.6250535045 -0.6681262366 -0.4036278590 -0.2963086695 -0.2752949383 0.9145566518
-0.6380791806 0.7695350021 -0.0259005781 -0.6975845613 -0.5920043852 -0.4036168823 -0.3259305742 -0.2394716861 0.9145614098
-0.5455752299 0.8376614298 -0.0259036203 -0.7609034592 -0.5080631848 -0.4036059043 -0.3512457747 -0.2004872297 0.9145661685
-0.4458658542 0.8947248097 -0.0259066571 -0.8141738539 -0.4174111549 -0.4035949250 -0.3719201201 -0.1588566732 0.9145709276
-0.3402679213 0.9399715048 -0.0259096882 -0.8566921015 -0.3212454561 -0.4035839444 -0.3876807771 -0.1151300446 0.9145756873
-0.2301760694 0.9728039414 -0.0259127139 -0.8878965534 -0.2208360803 -0.4035729625 -0.3983198307 -0.0698850289 0.9145804476
-0.1170442877 0.9927885019 -0.0259157340 -0.9073749750 -0.1175090791 -0.4035619793 -0.4036970269 -0.0237193359 0.9145852085
-0.0023667140 0.9996612512 -0.0259187486 -0.9148699916 -0.0126290505 -0.4035509949 -0.4037416217 0.0227571955 0.9145899699
0.1123420990 0.9933314227 -0.0259217576 -0.9102824898 0.0924188817 -0.4035400092 -0.3984533116 0.0689306537 0.9145947318
0.2255671862 0.9738826168 -0.0259247611 -0.8936729275 0.1962473617 -0.4035290222 -0.3879022341 0.1141911632 0.9145994943
0.3358131786 0.9415716969 -0.0259277591 -0.8652605373 0.2974851239 -0.4035180339 -0.3722280373 0.1579409403 0.9146042574
0.4416240520 0.8968253971 -0.0259307515 -0.8254204331 0.3947951035 -0.4035070444 -0.3516380316 0.1996021881 0.9146090210
0.5416023578 0.8402346858 -0.0259337384 -0.7746786576 0.4868920950 -0.4034960536 -0.3264044476 0.2386247276 0.9146137851
0.6344276784 0.7725469613 -0.0259367197 -0.7137052363 0.5725597268 -0.4034850615 -0.2968608370 0.2744932635 0.9146185499
0.7188740661 0.6946561806 -0.0259396955 -0.6433053303 0.6506665263 -0.4034740681 -0.2633976636 0.3067341883 0.9146233151
0.7938262346 0.6075910527 -0.0259426658 -0.5644086038 0.7201808636 -0.4034630735 -0.2264571421 0.3349218362 0.9146280809
0.8582942883 0.5125014526 -0.0259456305 -0.4780569480 0.7801845778 -0.4034520777 -0.1865273951 0.3586841028 0.9146328473
0.9114267961 0.4106432345 -0.0259485897 -0.3853907215 0.8298851043 -0.4034410806 -0.1441360022 0.3777073572 0.9146376141
0.9525220360 0.3033616462 -0.0259515433 -0.2876336913 0.8686259428 -0.4034300822 -0.0998430301 0.3917405815 0.9146423816
0.9810372629 0.1920735619 -0.0259544914 -0.1860768710 0.8958953298 -0.4034190826 -0.0542336325 0.4005986831 0.9146471496
0.9965958768 0.0782487694 -0.0259574340 -0.0820614717 0.9113329987 -0.4034080817 -0.0079103198 0.4041649361 0.9146519181
0.9989923964 -0.0366094410 -0.0259603710 0.0230388110 0.9147349394 -0.4033970796 0.0385150000 0.4023925191 0.9146566871
0.9881951726 -0.1509841312 -0.0259633024 0.1278359387 0.9060560944 -0.4033860762 0.0844291047 0.3953051300 0.9146614567
0.9643468069 -0.2633647488 -0.0259662283 0.2309458621 0.8854109556 -0.4033750716 0.1292255575 0.3829966693 0.9146662269
0.9277622681 -0.3722670778 -0.0259691487 0.3310067997 0.8530720538 -0.4033640658 0.1723127171 0.3656299957 0.9146709976
0.8789247318 -0.4762528402 -0.0259720635 0.4266972230 0.8094663612 -0.4033530587 0.2131215515 0.3434347715 0.9146757688
0.8184791997 -0.5739486915 -0.0259749728 0.5167533105 0.7551696541 -0.4033420503 0.2511131532 0.3167044254 0.9146805405
0.7472239808 -0.6640643587 -0.0259778765 0.5999856393 0.6908989102 -0.4033310408 0.2857858555 0.2857922730 0.9146853128
0.6661001479 -0.7454096809 -0.0259807747 0.6752948944 0.6175028413 -0.4033200300 0.3166818570 0.2511068471 0.9146900856
0.5761791091 -0.8169103275 -0.0259836673 0.7416863885 0.5359506853 -0.4033090180 0.3433932663 0.2131064983 0.9146948590
0.4786484574 -0.8776219876 -0.0259865544 0.7982831997 0.4473194076 -0.4032980048 0.3655674867 0.1722933381 0.9146996329
0.3747962862 -0.9267428409 -0.0259894359 0.8443377542 0.3527794783 -0.4032869903 0.3829118707 0.1292066043 0.9147044073
0.2659941771 -0.9636241474 -0.0259923119 0.8792417009 0.2535794150 -0.4032759746 0.3951975824 0.0844155365 0.9147091822
0.1536790859 -0.9877788159 -0.0259951823 0.9025339473 0.1510292949 -0.4032649577 0.4022626164 0.0385118556 0.9147139577
0.0393343641 -0.9988878362 -0.0259980471 0.9139067506 0.0464834531 -0.4032539396 0.4040139342 -0.0078980535 0.9147187337
-0.0755298315 -0.9968044931 -0.0260009064 0.9132097840 -0.0586774037 -0.4032429202 0.4004286890 -0.0542011520 0.9147235102
-0.1893964837 -0.9815563032 -0.0260037602 0.9004521233 -0.1630644311 -0.4032318997 0.3915545245 -0.0997858450 0.9147282873
-0.3007617500 -0.9533446523 -0.0260066084 0.8758021291 -0.2652989902 -0.4032208779 0.3775089407 -0.1440500599 0.9147330648
-0.4081548243 -0.9125421349 -0.0260094510 0.8395852249 -0.3640308543 -0.4032098550 0.3584777392 -0.1864091983 0.9147378429
-0.5101573613 -0.8596876337 -0.0260122881 0.7922796009 -0.4579560425 -0.4031988308 0.3347125642 -0.2263038569 0.9147426216
-0.6054222094 -0.7954792027 -0.0260151197 0.7345099001 -0.5458340408 -0.4031878054 0.3065275761 -0.2632072149 0.9147474007
-0.6926912020 -0.7207648474 -0.0260179456 0.6670389707 -0.6265041872 -0.4031767789 0.2742952976 -0.2966319912 0.9147521804
-0.7708117742 -0.6365313257 -0.0260207661 0.5907577922 -0.6989010002 -0.4031657511 0.2384416906 -0.3261368782 0.9147569605
-0.8387521851 -0.5438911152 -0.0260235809 0.5066737099 -0.7620682526 -0.4031547221 0.1994405266 -0.3513323684 0.9147617412
-0.8956151439 -0.4440677212 -0.0260263902 0.4158971325 -0.8151716008 -0.4031436920 0.1578071264 -0.3718858968 0.9147665225
-0.9406496603 -0.3383795171 -0.0260291939 0.3196268676 -0.8575096054 -0.4031326606 0.1140915512 -0.3875262300 0.9147713042
-0.9732609629 -0.2282223334 -0.0260319921 0.2191342905 -0.8885229967 -0.4031216281 0.0688713349 -0.3980470461 0.9147760865
-0.9930183545 -0.1150510219 -0.0260347847 0.1157465539 -0.9078020621 -0.4031105944 0.0227438545 -0.4033096557 0.9147808692
-0.9996609000 -0.0003602423 -0.0260375718 0.0108290608 -0.9150920591 -0.4030995595 -0.0236815617 -0.4032448309 0.9147856525
-0.9931008731 0.1143352782 -0.0260403533 -0.0942325678 -0.9102965811 -0.4030885234 -0.0697916830 -0.3978537152 0.9147904363
-0.9734249142 0.2275207504 -0.0260431292 -0.1980507922 -0.8934788324 -0.4030774861 -0.1149774768 -0.3872078050 0.9147952206
-0.9408928866 0.3377013282 -0.0260458996 -0.2992544795 -0.8648607953 -0.4030664477 -0.1586421522 -0.3714480013 0.9148000054
-0.8959344443 0.4434218517 -0.0260486644 -0.3965070123 -0.8248203000 -0.4030554081 -0.2002090426 -0.3507827449 0.9148047907
-0.8391433575 0.5432860654 -0.0260514236 -0.4885239411 -0.7738860362 -0.4030443673 -0.2391292214 -0.3254852594 0.9148095765
-0.7712696707 0.6359750584 -0.0260541773 -0.5740899490 -0.7127305726 -0.4030333253 -0.2748887513 -0.2958899388 0.9148143629
-0.6932097965 0.7202646838 -0.0260569254 -0.6520749029 -0.6421614758 -0.4030222822 -0.3070154703 -0.2623879271 0.9148191497
-0.6059946771 0.7950417253 -0.0260596680 -0.7214487801 -0.5631106461 -0.4030112379 -0.3350852264 -0.2254219493 0.9148239371
-0.5107761683 0.8593186003 -0.0260624049 -0.7812952726 -0.4766220116 -0.4030001924 -0.3587274772 -0.1854804604 0.9148287249
-0.4088118268 0.9122464025 -0.0260651363 -0.8308238900 -0.3838377420 -0.4029891458 -0.3776301816 -0.1430911909 0.9148335133
-0.3014483017 0.9531261134 -0.0260678622 -0.8693804010 -0.2859831654 -0.4029780981 -0.3915439181 -0.0988141748 0.9148383021
-0.1901035491 0.9814178342 -0.0260705824 -0.8964554750 -0.1843505862 -0.4029670491 -0.4002851758 -0.0532343498 0.9148430915
-0.0762481052 0.9967479168 -0.0260732972 -0.9116914106 -0.0802822186 -0.4029559991 -0.4037387748 -0.0069538304 0.9148478813
0.0386143349 0.9989138977 -0.0260760063 -0.9148868612 0.0248475397 -0.4029449478 -0.4018593838 0.0394160467 0.9148526717
0.1529667774 0.9878871727 -0.0260787098 -0.9059994958 0.1296502582 -0.4029338954 -0.3946721153 0.0852627974 0.9148574626
0.2652989638 0.9638133740 -0.0260814078 -0.8851465601 0.2327418111 -0.4029228419 -0.3822721897 0.1299808809 0.9148622539
0.3741273176 0.9270104476 -0.0260841003 -0.8526033293 0.3327606565 -0.4029117873 -0.3648236739 0.1729796969 0.9148670458
0.4780145381 0.8779644531 -0.0260867871 -0.8087994747 0.4283858194 -0.4029007314 -0.3425573107 0.2136913867 0.9148718381
0.5755885821 0.8173231453 -0.0260894684 -0.7543133905 0.5183543374 -0.4028896745 -0.3157674669 0.2515783318 0.9148766309
0.6655607853 0.7458874185 -0.0260921441 -0.6898645565 0.6014779415 -0.4028786164 -0.2848082421 0.2861402537 0.9148814243
0.7467428815 0.6646007295 -0.0260948142 -0.6163040378 0.6766587503 -0.4028675572 -0.2500887880 0.3169208199 0.9148862181
0.8180626959 0.5745366369 -0.0260974788 -0.5346032461 0.7429037705 -0.4028564969 -0.2120679015 0.3435136688 0.9148910124
0.8785783057 0.4768846229 -0.0261001377 -0.4458411113 0.7993380128 -0.4028454354 -0.1712479613 0.3655677745 0.9148958072
0.9274904796 0.3729343836 -0.0261027911 -0.3511898340 0.8452160485 -0.4028343728 -0.1281682905 0.3827920805 0.9149006025
0.9641532339 0.2640587958 -0.0261054390 -0.2518994047 0.8799318562 -0.4028233090 -0.0833980305 0.3949593406 0.9149053983
0.9880823633 0.1516957855 -0.0261080812 -0.1492810965 0.9030268269 -0.4028122442 -0.0375286220 0.4019091172 0.9149101945
0.9989618366 0.0373293369 -0.0261107179 -0.0446901475 0.9141958223 -0.4028011782 0.0088340083 0.4035498966 0.9149149913
0.9966479698 -0.0775301062 -0.0261133490 0.0604921370 0.9132912064 -0.4027901111 0.0550774521 0.3998602942 0.9149197885
0.9811713240 -0.1913655896 -0.0261159745 0.1648766270 0.9003247972 -0.4027790429 0.1005909085 0.3908893330 0.9149245862
0.9527363019 -0.3026736824 -0.0261185944 0.2670847142 0.8754677121 -0.4027679736 0.1447732519 0.3767557924 0.9149293844
0.9117184481 -0.4099843336 -0.0261212088 0.3657665189 0.8390481098 -0.4027569032 0.1870409714 0.3576466351 0.9149341831
0.8586594891 -0.5118802867 -0.0261238176 0.4596187185 0.7915468582 -0.4027458316 0.2268358775 0.3338145345 0.9149389823
0.7942601789 -0.6070157974 -0.0261264208 0.5474017605 0.7335911848 -0.4027347590 0.2636324729 0.3055745330 0.9149437819
0.7193710439 -0.6941344074 -0.0261290184 0.6279562343 0.6659463951 -0.4027236853 0.2969448922 0.2732998779 0.9149485820
0.6349811501 -0.7720855380 -0.0261316104 0.7002181838 0.5895057663 -0.4027126104 0.3263333175 0.2374170877 0.9149533826
0.5422050401 -0.8398396860 -0.0261341969 0.7632331608 0.5052787512 -0.4027015345 0.3514097846 0.1984003160 0.9149581837
0.4422680139 -0.8965020205 -0.0261367778 0.8161688307 0.4143776481 -0.4026904574 0.3718433052 0.1567650855 0.9149629852
0.3364899457 -0.9413242006 -0.0261393531 0.8583259671 0.3180029115 -0.4026793793 0.3873642352 0.1130614770 0.9149677873
0.2262678524 -0.9737142594 -0.0261419228 0.8891476873 0.2174272988 -0.4026683001 0.3977678332 0.0678668613 0.9149725897
0.1130574432 -0.9932444213 -0.0261444869 0.9082268091 0.1139790618 -0.4026572198 0.4029169613 0.0217782718 0.9149773927
-0.0016461061 -0.9996567523 -0.0261470454 0.9153112298 0.0090244051 -0.4026461384 0.4027438925 -0.0245954825 0.9149821962
-0.1163278997 -0.9928665662 -0.0261495984 0.9103072571 -0.0960505566 -0.4026350559 0.3972512019 -0.0706418595 0.9149870001
-0.2294733296 -0.9729635431 -0.0261521457 0.8932808488 -0.1998581049 -0.4026239723 0.3865117284 -0.1157526744 0.9149918044
-0.3395880788 -0.9402105451 -0.0261546875 0.8644567429 -0.3010272452 -0.4026128877 0.3706676090 -0.1593321330 0.9149966093
-0.4452178567 -0.8950401442 -0.0261572237 0.8242154915 -0.3982218133 -0.4026018019 0.3499283978 -0.2008047003 0.9150014146
-0.5449676063 -0.8380489099 -0.0261597543 0.7730884365 -0.4901581229 -0.4025907151 0.3245682939 -0.2396227019 0.9150062204
-0.6375199285 -0.7699895297 -0.0261622793 0.7117506937 -0.5756219191 -0.4025796273 0.2949225165 -0.2752735556 0.9150110266
-0.7216524813 -0.6917608688 -0.0261647987 0.6410122383 -0.6534844162 -0.4025685383 0.2613828736 -0.3072865407 0.9150158333
-0.7962541229 -0.6043960983 -0.0261673126 0.5618072090 -0.7227172066 -0.4025574483 0.2243925840 -0.3352390127 0.9150206405
-0.8603395871 -0.5090490501 -0.0261698208 0.4751815720 -0.7824058435 -0.4025463572 0.1844404201 -0.3587619833 0.9150254481
-0.9130624954 -0.4069789786 -0.0261723235 0.3822793087 -0.8317619194 -0.4025352651 0.1420542490 -0.3775449914 0.9150302562
-0.9537265353 -0.2995339290 -0.0261748205 0.2843273076 -0.8701334801 -0.4025241719 0.0977940590 -0.3913402001 0.9150350648
-0.9817946565 -0.1881329341 -0.0261773120 0.1826191623 -0.8970136364 -0.4025130776 0.0522445605 -0.3999656676 0.9150398738
-0.9968961634 -0.0742472728 -0.0261797979 0.0784980875 -0.9120472600 -0.4025019823 0.0060074616 -0.4033077460 0.9150446833
-0.9988316116 0.0406189610 -0.0261822782 -0.0266608203 -0.9150356755 -0.4024908860 -0.0403064802 -0.4013225793 0.9150494932
-0.9875754411 0.1549487232 -0.0261847529 -0.1314687429 -0.9059392857 -0.4024797885 -0.0860855256 -0.3940366782 0.9150543036
-0.9632763145 0.2672320551 -0.0261872220 -0.2345414830 -0.8848780968 -0.4024686901 -0.1307250343 -0.3815465666 0.9150591144
-0.9262551533 0.3759860254 -0.0261896855 -0.3345177446 -0.8521301346 -0.4024575906 -0.1736354501 -0.3640175027 0.9150639257
-0.8770008994 0.4797743158 -0.0261921434 -0.4300771120 -0.8081277748 -0.4024464900 -0.2142500879 -0.3416812923 0.9150687375
-0.8161640577 0.5772261896 -0.0261945957 -0.5199574893 -0.7534520339 -0.4024353884 -0.2520326172 -0.3148332234 0.9150735497
-0.7445481050 0.6670545962 -0.0261970424 -0.6029717691 -0.6888248979 -0.4024242858 -0.2864841445 -0.2838281624 0.9150783623
-0.6630988779 0.7480731683 -0.0261994835 -0.6780235113 -0.6150997878 -0.4024131821 -0.3171498009 -0.2490758637 0.9150831754
-0.5728920818 0.8192118908 -0.0262019191 -0.7441214252 -0.5332502909 -0.4024020774 -0.3436247477 -0.2110355545 0.9150879890
-0.4751190833 0.8795312324 -0.0262043490 -0.8003924620 -0.4443573029 -0.4023909717 -0.3655595211 -0.1702098662 0.9150928030
-0.3710711761 0.9282345540 -0.0262067733 -0.8460933470 -0.3495947548 -0.4023798649 -0.3826646449 -0.1271381931 0.9150976174
-0.2621225269 0.9646786300 -0.0262091921 -0.8806203967 -0.2502141088 -0.4023687571 -0.3947144510 -0.0823895663 0.9151024323
-0.1497120265 0.9883821431 -0.0262116052 -0.9035174938 -0.1475278321 -0.4023576483 -0.4015500560 -0.0365551351 0.9151072476
-0.0353242863 0.9990320417 -0.0262140127 -0.9144821124 -0.0428920629 -0.4023465384 -0.4030814568 0.0097596415 0.9151120634
0.0795299691 0.9964876736 -0.0262164147 -0.9133693151 0.0623112986 -0.4023354276 -0.3992887154 0.0559429928 0.9151168796
0.1933338537 0.9807826441 -0.0262188110 -0.9001936689 0.1666928416 -0.4023243157 -0.3902222180 0.1013849181 0.9151216963
0.3045843543 0.9521243720 -0.0262212018 -0.8751290547 0.2688739937 -0.4023132028 -0.3760020063 0.1454852426 0.9151265134
0.4118121803 0.9108913501 -0.0262235869 -0.8385063723 0.3675052284 -0.4023020889 -0.3568161876 0.1876615451 0.9151313309
0.5136011692 0.8576281465 -0.0262259664 -0.7908091723 0.4612838880 -0.4022909739 -0.3329184466 0.2273568494 0.9151361489
0.6086069894 0.7930382126 -0.0262283404 -0.7326672710 0.5489713889 -0.4022798580 -0.3046246911 0.2640469798 0.9151409673
0.6955748954 0.7179745920 -0.0262307087 -0.6648484346 0.6294095797 -0.4022687411 -0.2723088759 0.2972474831 0.9151457861
0.7733562987 0.6334286552 -0.0262330714 -0.5882482404 0.7015360378 -0.4022576231 -0.2363980603 0.3265200246 0.9151506054
0.8409239377 0.5405170055 -0.0262354285 -0.5038782505 0.7643981021 -0.4022465042 -0.1973667642 0.3514781761 0.9151554251
0.8973854446 0.4404667327 -0.0262377800 -0.4128526534 0.8171654558 -0.4022353842 -0.1557306980 0.3717925163 0.9151602453
0.9419951310 0.3345992066 -0.0262401260 -0.3163735500 0.8591410937 -0.4022242633 -0.1120399489 0.3871949794 0.9151650659
0.9741638358 0.2243126254 -0.0262424663 -0.2157150783 0.8897705288 -0.4022131414 -0.0668717126 0.3974823923 0.9151698869
0.9934667072 0.1110635499 -0.0262448010 -0.1122065870 0.9086491172 -0.4022020185 -0.0208226687 0.4025191544 0.9151747083
0.9996488126 -0.0036523334 -0.0262471300 -0.0072150793 0.9155274037 -0.4021908945 0.0254989020 0.4022390253 0.9151795302
0.9926285065 -0.1183199660 -0.0262494535 0.0978728409 0.9103144182 -0.4021797696 0.0714811527 0.3966459955 0.9151843525
0.9724985078 -0.2314249271 -0.0262517714 0.2016692811 0.8930788784 -0.4021686438 0.1165167516 0.3858142301 0.9151891752
0.9395246761 -0.3414734339 -0.0262540837 0.3028033908 0.8640482846 -0.4021575169 0.1600109042 0.3698870852 0.9151939984
0.8941425000 -0.4470120710 -0.0262563903 0.3999394658 0.8236059164 -0.4021463890 0.2013892087 0.3490752109 0.9151988220
0.8369513456 -0.5466469849 -0.0262586914 0.4917945894 0.7722857725 -0.4021352602 0.2401052413 0.3236537648 0.9152036460
0.7687065408 -0.6390622933 -0.0262609868 0.5771555764 0.7107655199 -0.4021241304 0.2756477729 0.2939587743 0.9152084704
0.6903093993 -0.7230374635 -0.0262632767 0.6548949968 0.6398575456 -0.4021129997 0.3075475191 0.2603826947 0.9152132953
0.6027953172 -0.7974634323 -0.0262655609 0.7239860658 0.5604982287 -0.4021018679 0.3353833361 0.2233692229 0.9152181205
0.5073200984 -0.8613572536 -0.0262678395 0.7835162064 0.4737355750 -0.4020907352 0.3587877814 0.1834074334 0.9152229462
0.4051446897 -0.9138750799 -0.0262701125 0.8326991026 0.3807153773 -0.4020796015 0.3774519638 0.1410253163 0.9152277723
0.2976185275 -0.9543233069 -0.0262723799 0.8708850858 0.2826660843 -0.4020684669 0.3911296197 0.0967828012 0.9152325988
0.1861617157 -0.9821677346 -0.0262746417 0.8975697164 0.1808825768 -0.4020573313 0.3996403631 0.0512643599 0.9152374258
0.0722462703 -0.9970406216 -0.0262768979 0.9124004473 0.0767090673 -0.4020461947 0.4028720642 0.0050712847 0.9152422531
-0.0426233216 -0.9987455426 -0.0262791484 0.9151812821 -0.0284786524 -0.4020350572 0.4007823266 -0.0411862543 0.9152470809
-0.1569299715 -0.9872599822 -0.0262813933 0.9058753648 -0.1332913810 -0.4020239188 0.3933990436 -0.0868972689 0.9152519091
-0.2691640261 -0.9627356323 -0.0262836327 0.8846054685 -0.2363448548 -0.4020127793 0.3808200260 -0.1314580234 0.9152567377
-0.3778432050 -0.9254963888 -0.0262858664 0.8516523758 -0.3362780294 -0.4020016390 0.3632117058 -0.1742800082 0.9152615667
-0.4815321774 -0.8760340737 -0.0262880945 0.8074511720 -0.4317710557 -0.4019904977 0.3408069349 -0.2147977123 0.9152663961
-0.5788615187 -0.8150019395 -0.0262903169 0.7525855008 -0.5215627113 -0.4019793554 0.3139019053 -0.2524760915 0.9152712260
-0.6685457962 -0.7432060422 -0.0262925338 0.6877798575 -0.6044670578 -0.4019682122 0.2828522335 -0.2868176336 0.9152760562
-0.7494005462 -0.6615945947 -0.0262947450 0.6138900224 -0.6793891049 -0.4019570681 0.2480682602 -0.3173689280 0.9152808868
-0.8203579172 -0.5712454447 -0.0262969507 0.5318917597 -0.7453392724 -0.4019459230 0.2100096274 -0.3437266516 0.9152857179
-0.8804807729 -0.4733518387 -0.0262991507 0.4428679321 -0.8014464609 -0.4019347770 0.1691792045 -0.3655428936 0.9152905494
-0.9289750691 -0.3692066633 -0.0263013451 0.3479942005 -0.8469695579 -0.4019236300 0.1261164437 -0.3825297475 0.9152953812
-0.9652003407 -0.2601853695 -0.0263035339 0.2485234980 -0.8813072266 -0.4019124822 0.0813902532 -0.3944631109 0.9153002135
-0.9886781601 -0.1477278074 -0.0263057170 0.1457694835 -0.9040058495 -0.4019013334 0.0355914807 -0.4011856416 0.9153050461
-0.9990984561 -0.0333192100 -0.0263078945 0.0410891928 -0.9147655211 -0.4018901836 -0.0106748914 -0.4026088321 0.9153098792
-0.9963236089 0.0815294227 -0.0263100665 -0.0641348837 -0.9134440101 -0.4018790330 -0.0567977382 -0.3987141754 0.9153147127
-0.9803902676 0.1953012792 -0.0263122328 -0.1685130585 -0.9000586398 -0.4018678814 -0.1021678637 -0.3895534050 0.9153195465
-0.9515088660 0.3064937692 -0.0263143934 -0.2706668011 -0.8747860608 -0.4018567289 -0.1461860481 -0.3752478078 0.9153243808
-0.9100608438 0.4136383684 -0.0263165485 -0.3692469441 -0.8379599201 -0.4018455755 -0.1882709611 -0.3559866185 0.9153292155
-0.8565936085 0.5153200132 -0.0263186979 -0.4629515021 -0.7900664558 -0.4018344212 -0.2278668396 -0.3320245162 0.9153340505
-0.7918133057 0.6101957900 -0.0263208417 -0.5505428674 -0.7317380775 -0.4018232660 -0.2644508274 -0.3036782569 0.9153388860
-0.7165754934 0.6970126706 -0.0263229799 -0.6308641557 -0.6637450153 -0.4018121099 -0.2975398785 -0.2713224864 0.9153437218
-0.6318738421 0.7746240611 -0.0263251125 -0.7028544864 -0.5869851491 -0.4018009528 -0.3266971359 -0.2353847884 0.9153485581
-0.5388270119 0.8420049452 -0.0263272394 -0.7655629939 -0.5024721516 -0.4017897949 -0.3515376988 -0.1963400343 0.9153533947
-0.4386638775 0.8982654214 -0.0263293607 -0.8181613875 -0.4113221020 -0.4017786360 -0.3717337038 -0.1547041081 0.9153582317
-0.3327072991 0.9426624563 -0.0263314764 -0.8599548919 -0.3147387470 -0.4017674763 -0.3870186519 -0.1110270900 0.9153630691
-0.2223566512 0.9746096972 -0.0263335865 -0.8903914242 -0.2139976040 -0.4017563156 -0.3971909256 -0.0658859894 0.9153679069
-0.1090693404 0.9936852169 -0.0263356909 -0.9090688871 -0.1104291160 -0.4017451541 -0.4021164477 -0.0198771217 0.9153727451
0.0056584418 0.9996370856 -0.0263377897 -0.9157404808 -0.0054010813 -0.4017339917 -0.4017304492 0.0263917687 0.9153775837
0.1203114800 0.9923866980 -0.0263398829 -0.9103179646 0.0996994111 -0.4017228284 -0.3960383203 0.0723095367 0.9153824227
0.2333755460 0.9720298119 -0.0263419705 -0.8928728233 0.2034843000 -0.4017116642 -0.3851155359 0.1172697085 0.9153872620
0.3433573973 0.9388352830 -0.0263440524 -0.8636353255 0.3045828845 -0.4017004991 -0.3691066543 0.1606784921 0.9153921017
0.4488044987 0.8932415146 -0.0263461287 -0.8229914840 0.4016599269 -0.4016893331 -0.3482234042 0.2019626193 0.9153969419
0.5483242056 0.8358506672 -0.0263481994 -0.7714779591 0.4934332876 -0.4016781663 -0.3227418846 0.2405769166 0.9154017824
0.6406021573 0.7674207057 -0.0263502645 -0.7097749729 0.5786908588 -0.4016669985 -0.2929989143 0.2760115040 0.9154066232
0.7244196352 0.6888553892 -0.0263523239 -0.6386973272 0.6563065736 -0.4016558299 -0.2593875797 0.3077985286 0.9154114645
0.7986696586 0.6011923347 -0.0263543777 -0.5591836433 0.7252552790 -0.4016446605 -0.2223520396 0.3355183408 0.9154163061
0.8623716050 0.5055893133 -0.0263564258 -0.4722839680 0.7846262761 -0.4016334901 -0.1823816562 0.3588050349 0.9154211481
0.9146841609 0.4033089597 -0.0263584684 -0.3791459057 0.8336353490 -0.4016223189 -0.1400045287 0.3773512791 0.9154259905
0.9549164330 0.2957020962 -0.0263605053 -0.2809994640 0.8716351232 -0.4016111468 -0.0957805157 0.3909123717 0.9154308333
0.9825370732 0.1841898923 -0.0263625365 -0.1791408091 0.8981236170 -0.4015999739 -0.0502938393 0.3993094691 0.9154356764
0.9971812957 0.0702450956 -0.0263645622 -0.0749151489 0.9127508730 -0.4015888001 -0.0041453665 0.4024319451 0.9154405199
0.9986556948 -0.0446274193 -0.0263665822 0.0303010336 0.9153235811 -0.4015776254 0.0420553275 0.4002388479 0.9154453638
0.9869407997 -0.1589105254 -0.0263685966 0.1351181584 0.9058076339 -0.4015664499 0.0876980116 0.3927594370 0.9154502080
0.9621913308 -0.2710948803 -0.0263706053 0.2381519009 0.8843285783 -0.4015552736 0.1321798587 0.3800927933 0.9154550527
0.9247341570 -0.3796988601 -0.0263726084 0.3380414748 0.8511699595 -0.4015440963 0.1749134077 0.3624065060 0.9154598977
0.8750639784 -0.4832881272 -0.0263746059 0.4334676038 0.8067695780 -0.4015329183 0.2153343217 0.3399344557 0.9154647430
0.8138367927 -0.5804945735 -0.0263765977 0.5231699466 0.7517137087 -0.4015217394 0.2529088410 0.3129737214 0.9154695887
0.7418612316 -0.6700343897 -0.0263785839 0.6059637418 0.6867293602 -0.4015105596 0.2871408308 0.2818806528 0.9154744348
0.6600878807 -0.7507250199 -0.0263805645 0.6807554569 0.6126746744 -0.4014993790 0.3175783331 0.2470661610 0.9154792813
0.5695967259 -0.8215007799 -0.0263825394 0.7465572308 0.5305275944 -0.4014881976 0.3438195326 0.2089902873 0.9154841281
0.4715828890 -0.8814269320 -0.0263845087 0.8024999220 0.4413729504 -0.4014770153 0.3655180623 0.1681561246 0.9154889753
0.3673408443 -0.9297120297 -0.0263864724 0.8478445889 0.3463881331 -0.4014658322 0.3823875746 0.1251031699 0.9154938228
0.2582473222 -0.9657183706 -0.0263884304 0.8819922496 0.2468275451 -0.4014546483 0.3942055203 0.0804001968 0.9154986707
0.1457431265 -0.9889704186 -0.0263903828 0.9044917951 0.1440060350 -0.4014434635 0.4008160845 0.0346377407 0.9155035190
0.0313141058 -0.9991610840 -0.0263923296 0.9150459483 0.0392815326 -0.4014322779 0.4021322411 -0.0115797014 0.9155083676
-0.0835284699 -0.9961557796 -0.0263942707 0.9135151915 -0.0659628851 -0.4014210915 0.3981368981 -0.0576416568 0.9155132166
-0.1972678693 -0.9799941980 -0.0263962061 0.8999196114 -0.1703372591 -0.4014099042 0.3888831197 -0.1029397401 0.9155180660
-0.3084019307 -0.9508897873 -0.0263981360 0.8744386349 -0.2724631065 -0.4013987162 0.3744934217 -0.1468756890 0.9155229157
-0.4154629016 -0.9092269322 -0.0264000602 0.8374086617 -0.3709916255 -0.4013875273 0.3551581488 -0.1888692658 0.9155277657
-0.5170368229 -0.8555558773 -0.0264019787 0.7893186228 -0.4646215098 -0.4013763376 0.3311329574 -0.2283659199 0.9155326161
-0.6117822037 -0.7905854601 -0.0264038916 0.7308035247 -0.5521161354 -0.4013651471 0.3027354349 -0.2648441112 0.9155374669
-0.6984477377 -0.7151737492 -0.0264057989 0.6626360651 -0.6323198933 -0.4013539558 0.2703409013 -0.2978221971 0.9155423180
-0.7758888300 -0.6303167116 -0.0264077006 0.5857164287 -0.7041734526 -0.4013427636 0.2343774493 -0.3268647913 0.9155471694
-0.8430827132 -0.5371350593 -0.0264095966 0.5010604000 -0.7667277522 -0.4013315707 0.1953202864 -0.3515885125 0.9155520212
-0.8991419556 -0.4368594477 -0.0264114869 0.4097859494 -0.8191565362 -0.4013203770 0.1536854561 -0.3716670448 0.9155568734
-0.9433261812 -0.3308142224 -0.0264133716 0.3130984688 -0.8607672676 -0.4013091824 0.1100230194 -0.3868354447 0.9155617259
-0.9750518479 -0.2203999283 -0.0264152507 0.2122748532 -0.8910102762 -0.4012979871 0.0649097878 -0.3968936373 0.9155665787
-0.9938999548 -0.1070748126 -0.0264171241 0.1086466375 -0.9094860194 -0.4012867910 0.0189417029 -0.4017090551 0.9155714319
-0.9996215751 0.0076644340 -0.0264189919 0.0035824113 -0.9159503611 -0.4012755940 -0.0272740355 -0.4012183850 0.9155762855
-0.9921411444 0.1223024446 -0.0264208540 -0.1015302555 -0.9103177970 -0.4012643963 -0.0731269903 -0.3954284013 0.9155811393
-0.9715574586 0.2353251897 -0.0264227105 -0.2053031383 -0.8926625861 -0.4012531978 -0.1180115500 -0.3844158717 0.9155859936
-0.9381423687 0.3452399726 -0.0264245614 -0.3063656920 -0.8632177717 -0.4012419985 -0.1613349275 -0.3683265399 0.9155908481
-0.8923371905 0.4505951436 -0.0264264066 -0.4033831520 -0.8223721050 -0.4012307984 -0.2025249889 -0.3473731962 0.9155957030
-0.8347468765 0.5499992727 -0.0264282461 -0.4950741629 -0.7706649127 -0.4012195976 -0.2410378088 -0.3218328640 0.9156005583
-0.7661320260 0.6421395251 -0.0264300801 -0.5802277021 -0.7087789759 -0.4012083959 -0.2763648539 -0.2920431366 0.9156054139
-0.6873988395 0.7257990009 -0.0264319083 -0.6577190743 -0.6375315139 -0.4011971935 -0.3080396967 -0.2583977150 0.9156102698
-0.5995871511 0.7998728062 -0.0264337309 -0.7265247664 -0.5578633927 -0.4011859903 -0.3356441747 -0.2213412048 0.9156151260
-0.5038566948 0.8633826457 -0.0264355479 -0.7857359664 -0.4708267004 -0.4011747864 -0.3588139103 -0.1813632411 0.9156199826
-0.4014717881 0.9154897429 -0.0264373592 -0.8345705671 -0.3775708534 -0.4011635817 -0.3772431205 -0.1389920185 0.9156248395
-0.2937846339 0.9555059180 -0.0264391649 -0.8723834966 -0.2793274170 -0.4011523762 -0.3906886531 -0.0947873128 0.9156296968
-0.1822174623 0.9829026767 -0.0264409650 -0.8986752400 -0.1773938412 -0.4011411699 -0.3989731939 -0.0493330855 0.9156345544
-0.0682437466 0.9973181897 -0.0264427593 -0.9130984371 -0.0731163256 -0.4011299629 -0.4019876058 -0.0032297693 0.9156394123
0.0466312567 0.9985620721 -0.0264445481 -0.9154624725 0.0321279591 -0.4011187551 -0.3996923659 0.0429136630 0.9156442706
0.1608903879 0.9866178970 -0.0264463312 -0.9057359943 0.1369490589 -0.4011075465 -0.3921180839 0.0884877428 0.9156491291
0.2730246212 0.9616434130 -0.0264481086 -0.8840473300 0.2399625940 -0.4010963372 -0.3793650939 0.1328905553 0.9156539880
0.3815529946 0.9239684606 -0.0264498804 -0.8506827935 0.3398080422 -0.4010851272 -0.3616021255 0.1755356895 0.9156588473
0.4850421690 0.8740906158 -0.0264516465 -0.8060829053 0.4351667075 -0.4010739164 -0.3390640706 0.2158599824 0.9156637068
0.5821253585 0.8126686189 -0.0264534070 -0.7508365764 0.5247791367 -0.4010627048 -0.3120488784 0.2533309564 0.9156685667
0.6715203814 0.7405136743 -0.0264551618 -0.6856733319 0.6074617537 -0.4010514925 -0.2809136153 0.2874538502 0.9156734269
0.7520465940 0.6585787367 -0.0264569110 -0.6114536780 0.6821224918 -0.4010402795 -0.2460697466 0.3177781518 0.9156782874
0.8226404835 0.5679459256 -0.0264586546 -0.5291577384 0.7477752178 -0.4010290657 -0.2079776978 0.3439035464 0.9156831483
0.8823697142 0.4698122339 -0.0264603924 -0.4398723111 0.8035527568 -0.4010178512 -0.1671407712 0.3654852007 0.9156880094
0.9304454402 0.3654737184 -0.0264621247 -0.3447765164 0.8487183465 -0.4010066360 -0.1240984957 0.3822383151 0.9156928709
0.9662327241 0.2563083836 -0.0264638512 -0.2451262251 0.8826753689 -0.4009954200 -0.0794194983 0.3939418809 0.9156977327
0.9892589227 0.1437579816 -0.0264655722 -0.1422374728 0.9049752317 -0.4009842033 -0.0336939924 0.4004415970 0.9157025949
0.9992199292 0.0293089714 -0.0264672874 -0.0374690801 0.9153232941 -0.4009729858 0.0124740189 0.4016519034 0.9157074573
0.9959841892 -0.0855271134 -0.0264689970 0.0677952935 0.9135827598 -0.4009617676 0.0584747219 0.3975571076 0.9157123200
0.9795944385 -0.1992336270 -0.0264707010 0.1721654229 0.8997764859 -0.4009505487 0.1037005464 0.3882115882 0.9157171831
0.9502671385 -0.3103088424 -0.0264723993 0.2742628782 0.8740866822 -0.4009393291 0.1475541907 0.3737390726 0.9157220465
0.9083896174 -0.4172857839 -0.0264740919 0.3727392301 0.8368525067 -0.4009281088 0.1894565104 0.3543309987 0.9157269102
0.8545149549 -0.5187516024 -0.0264757789 0.4662938586 0.7885655880 -0.4009168877 0.2288541661 0.3302439831 0.9157317742
0.7893546772 -0.6133662346 -0.0264774603 0.5536911309 0.7298635342 -0.4009056660 0.2652269315 0.3017964276 0.9157366385
0.7137693602 -0.6998801010 -0.0264791360 0.6337767215 0.6615215132 -0.4008944435 0.2980945617 0.2693643105 0.9157415031
0.6287572638 -0.7771506097 -0.0264808060 0.7054928579 0.5844420169 -0.4008832203 0.3270231347 0.2333762172 0.9157463681
0.5354411476 -0.8441572461 -0.0264824703 0.7678922920 0.4996429430 -0.4008719964 0.3516307799 0.1943076769 0.9157512333
0.4350534428 -0.9000150515 -0.0264841291 0.8201508112 0.4082441531 -0.4008607718 0.3715927190 0.1526748789 0.9157560988
0.3289199751 -0.9439863099 -0.0264857821 0.8615781259 0.3114526835 -0.4008495465 0.3866455521 0.1090278523 0.9157609647
0.2184424549 -0.9754902921 -0.0264874295 0.8916269868 0.2105468053 -0.4008383205 0.3965907340 0.0639431998 0.9157658308
0.1050799644 -0.9941109245 -0.0264890712 0.9099004147 0.1068591421 -0.4008270938 0.4012971922 0.0180164798 0.9157706973
-0.0096703124 -0.9996022847 -0.0264907073 0.9161569445 0.0017590716 -0.4008158664 0.4007030548 -0.0281456601 0.9157755640
-0.1242928629 -0.9918918491 -0.0264923377 0.9103138163 -0.1033653605 -0.4008046383 0.3948164637 -0.0739334970 0.9157804311
-0.2372738617 -0.9710814510 -0.0264939625 0.8924480701 -0.2071257711 -0.4007934095 0.3837154632 -0.1187422857 0.9157852985
-0.3471211634 -0.9374459355 -0.0264955816 0.8627955299 -0.3081517773 -0.4007821800 0.3675469651 -0.1619802460 0.9157901661
-0.4523840099 -0.8914295296 -0.0264971950 0.8217476908 -0.4051090944 -0.4007709498 0.3465248046 -0.2030763782 0.9157950341
-0.5516721901 -0.8336399751 -0.0264988028 0.7698465508 -0.4967171588 -0.4007597190 0.3209269121 -0.2414880038 0.9157999023
-0.6436744008 -0.7648405025 -0.0265004049 0.7077774534 -0.5817660408 -0.4007484875 0.2910916389 -0.2767079317 0.9158047709
-0.7271755650 -0.6859397507 -0.0265020014 0.6363600385 -0.6591324250 -0.4007372553 0.2574132845 -0.3082711547 0.9158096397
-0.8010728797 -0.5979797664 -0.0265035922 0.5565374184 -0.7277944469 -0.4007260224 0.2203368861 -0.3357609895 0.9158145088
-0.8643903802 -0.5021222422 -0.0265051773 0.4693637237 -0.7868451899 -0.4007147889 0.1803523370 -0.3588145774 0.9158193782
-0.9162918304 -0.3996331736 -0.0265067568 0.3759901822 -0.8355046644 -0.4007035546 0.1379879143 -0.3771276738 0.9158242480
-0.9560917661 -0.2918661392 -0.0265083306 0.2776499162 -0.8731301100 -0.4006923197 0.0938032988 -0.3904586634 0.9158291180
-0.9832645488 -0.1802444237 -0.0265098988 0.1756416567 -0.8992244865 -0.4006810842 0.0483821810 -0.3986317480 0.9158339883
-0.9974513074 -0.0662422208 -0.0265114612 0.0713125926 -0.9134430399 -0.4006698480 0.0023245508 -0.4015392647 0.9158388588
-0.9984646777 0.0486348368 -0.0265130181 -0.0339594220 -0.9155978566 -0.4006586111 -0.0437612286 -0.3991431042 0.9158437297
-0.9862912771 0.1628695622 -0.0265145692 -0.1387840641 -0.9056603478 -0.4006473735 -0.0892664563 -0.3914752101 0.9158486009
-0.9610918815 0.2749532522 -0.0265161147 -0.2417769045 -0.8837616282 -0.4006361353 -0.1335901331 -0.3786371530 0.9158534723
-0.9231993016 0.3834056122 -0.0265176545 -0.3415776915 -0.8501907862 -0.4006248965 -0.1761468992 -0.3607987854 0.9158583440
-0.8731139876 0.4867943070 -0.0265191887 -0.4368683162 -0.8053910678 -0.4006136570 -0.2163747652 -0.3381959942 0.9158632160
-0.8114974194 0.5837538778 -0.0265207172 -0.5263902215 -0.7499540241 -0.4006024168 -0.2537425329 -0.3111275813 0.9158680883
-0.7391633711 0.6730037754 -0.0265222400 -0.6089610245 -0.6846117004 -0.4005911760 -0.2877568097 -0.2799513136 0.9158729609
-0.6570671627 0.7533652727 -0.0265237572 -0.6834901329 -0.6102269695 -0.4005799346 -0.3179685236 -0.2450791947 0.9158778337
-0.5662930435 0.8237770323 -0.0265252687 -0.7489931498 -0.5277821370 -0.4005686925 -0.3439788517 -0.2069720194 0.9158827069
-0.4680398724 0.8833091238 -0.0265267745 -0.8046048758 -0.4383659696 -0.4005574498 -0.3654444852 -0.1661332855 0.9158875803
-0.3636052841 0.9311753046 -0.0265282747 -0.8495907368 -0.3431593165 -0.4005462064 -0.3820821604 -0.1231025407 0.9158924539
-0.2543685519 0.9667434050 -0.0265297692 -0.8833564873 -0.2434195148 -0.4005349624 -0.3936723969 -0.0784482546 0.9158973279
