1995
49498
0.2952635302 -0.9551759556 0.0214089124 0.8730324423 0.2606331454 -0.4121707391 0.3881157074 0.1403896626 0.9108550600
0.1837243787 -0.9827447920 0.0214015541 0.8971658032 0.1587491911 -0.4121798344 0.4016701062 0.0949282265 0.9108511171
0.0697587300 -0.9973344515 0.0213941912 0.9094506980 0.0547696681 -0.4121889267 0.4099184644 0.0482107382 0.9108471756
-0.0451282638 -0.9987522433 0.0213868238 0.9097249965 -0.0499322192 -0.4121980158 0.4127515846 0.0008543474 0.9108432354
-0.1594192814 -0.9869794384 0.0213794517 0.8979851852 -0.1539737393 -0.4122071018 0.4101318079 -0.0465153290 0.9108392966
-0.2716048726 -0.9621715167 0.0213720751 0.8743864127 -0.2559808945 -0.4122161846 0.4020935145 -0.0932724722 0.9108353592
-0.3802033930 -0.9246561143 0.0213646939 0.8392404393 -0.3546065657 -0.4122252644 0.3887426719 -0.1387993291 0.9108314231
-0.4837805725 -0.8749286960 0.0213573081 0.7930115181 -0.4485483032 -0.4122343410 0.3702554387 -0.1824943742 0.9108274883
-0.5809684578 -0.8136460115 0.0213499177 0.7363102626 -0.5365655267 -0.4122434144 0.3468758398 -0.2237802572 0.9108235550
-0.6704834789 -0.7416174224 0.0213425228 0.6698855819 -0.6174959077 -0.4122524848 0.3189125456 -0.2621114318 0.9108196229
-0.7511434017 -0.6597942123 0.0213351233 0.5946147882 -0.6902707196 -0.4122615520 0.2867347969 -0.2969813647 0.9108156923
-0.8218829415 -0.5692570235 0.0213277192 0.5114920106 -0.7539289504 -0.4122706160 0.2507675287 -0.3279292286 0.9108117630
-0.8817678328 -0.4712015847 0.0213203106 0.4216150646 -0.8076299928 -0.4122796769 0.2114857594 -0.3545459931 0.9108078350
-0.9300071675 -0.3669229194 0.0213128974 0.3261709531 -0.8506647452 -0.4122887347 0.1694083166 -0.3764798303 0.9108039085
-0.9659638415 -0.2577982417 0.0213054796 0.2264201900 -0.8824649741 -0.4122977893 0.1250909847 -0.3934407656 0.9107999833
-0.9891629682 -0.1452687681 0.0212980573 0.1236801527 -0.9026108181 -0.4123068407 0.0791191638 -0.4052045114 0.9107960594
-0.9992981510 -0.0308206831 0.0212906304 0.0193076838 -0.9108363305 -0.4123158891 0.0321001370 -0.4116154328 0.9107921369
-0.9962355294 0.0840344895 0.0212831990 -0.0853188281 -0.9070329907 -0.4123249342 -0.0153449517 -0.4125886067 0.9107882158
-0.9800155475 0.1977798486 0.0212757629 -0.1888176519 -0.8912511354 -0.4123339762 -0.0625893035 -0.4081109471 0.9107842961
-0.9508524197 0.3089131501 0.0212683224 -0.2898219616 -0.8636992929 -0.4123430151 -0.1090087447 -0.3982413806 0.9107803777
-0.9091313015 0.4159666473 0.0212608773 -0.3869978870 -0.8247414272 -0.4123520508 -0.1539899738 -0.3831100712 0.9107764607
-0.8554032029 0.5175264749 0.0212534276 -0.4790621286 -0.7748921305 -0.4123610833 -0.1969386641 -0.3629167037 0.9107725450
-0.7903777112 0.6122513228 0.0212459734 -0.5647989050 -0.7148098258 -0.4123701127 -0.2372873165 -0.3379278483 0.9107686308
-0.7149136193 0.6988901505 0.0212385146 -0.6430760084 -0.6452880700 -0.4123791389 -0.2745027583 -0.3084734419 0.9107647179
-0.6300075841 0.7762987095 0.0212310513 -0.7128597555 -0.5672450731 -0.4123881619 -0.3080931887 -0.2749424316 0.9107608063
-0.5367809631 0.8434546562 0.0212235834 -0.7732286383 -0.4817115706 -0.4123971818 -0.3376146775 -0.2377776389 0.9107568962
-0.4364650048 0.8994710536 0.0212161110 -0.8233854927 -0.3898172108 -0.4124061985 -0.3626770327 -0.1974699114 0.9107529874
-0.3303845875 0.9436080851 0.0212086340 -0.8626680245 -0.2927756348 -0.4124152120 -0.3829489572 -0.1545516401 0.9107490800
-0.2199407215 0.9752828257 0.0212011525 -0.8905575553 -0.1918684483 -0.4124242224 -0.3981624288 -0.1095897276 0.9107451740
-0.1065920463 0.9940769408 0.0211936664 -0.9066858704 -0.0884282960 -0.4124332296 -0.4081162433 -0.0631780998 0.9107412693
0.0081644345 0.9997422108 0.0211861759 -0.9108400806 0.0161787386 -0.4124422336 -0.4126786760 -0.0159298605 0.9107373660
0.1228131235 0.9922038098 0.0211786807 -0.9029654319 0.1205711740 -0.4124512344 -0.4117892245 0.0315308078 0.9107334641
0.2358398467 0.9715612939 0.0211711811 -0.8831660276 0.2233703753 -0.4124602321 -0.4054594114 0.0785768900 0.9107295636
0.3457518509 0.9380872861 0.0211636769 -0.8517034518 0.3232187610 -0.4124692265 -0.3937726347 0.1245868218 0.9107256645
0.4510975186 0.8922238762 0.0211561682 -0.8089933131 0.4187977307 -0.4124782178 -0.3768830696 0.1689527020 0.9107217667
0.5504855401 0.8345767817 0.0211486549 -0.7555997552 0.5088450795 -0.4124872059 -0.3550136338 0.2110883238 0.9107178703
0.6426032880 0.7659073485 0.0211411371 -0.6922280048 0.5921716659 -0.4124961908 -0.3284530462 0.2504369213 0.9107139753
0.7262341539 0.6871224956 0.0211336148 -0.6197150574 0.6676771153 -0.4125051725 -0.2975520146 0.2864785256 0.9107100817
0.8002736157 0.5992627374 0.0211260880 -0.5390186217 0.7343643514 -0.4125141510 -0.2627186053 0.3187368363 0.9107061895
0.8637438253 0.5034884416 0.0211185566 -0.4512044716 0.7913527627 -0.4125231264 -0.2244128541 0.3467855160 0.9107022987
0.9158065234 0.4010645043 0.0211110207 -0.3574323698 0.8378898309 -0.4125320985 -0.1831406912 0.3702538247 0.9106984092
0.9557741101 0.2933436440 0.0211034803 -0.2589407511 0.8733610680 -0.4125410674 -0.1394472581 0.3888315206 0.9106945211
0.9831187267 0.1817485371 0.0210959354 -0.1570303661 0.8972981301 -0.4125500331 -0.0939097084 0.4022729608 0.9106906344
0.9974792265 0.0677530273 0.0210883859 -0.0530471032 0.9093850009 -0.4125589957 -0.0471295828 0.4104003501 0.9106867491
0.9986659451 -0.0471373384 0.0210808320 0.0516357865 0.9094621642 -0.4125679550 0.0002751362 0.4131060920 0.9106828652
0.9866632051 -0.1614051944 0.0210732735 0.1556358248 0.8975287084 -0.4125769111 0.0476781886 0.4103542138 0.9106789827
0.9616295235 -0.2735413960 0.0210657105 0.2575795638 0.8737423379 -0.4125858640 0.0944533100 0.4021808444 0.9106751016
0.9238955178 -0.3820649509 0.0210581430 0.3561207240 0.8384172885 -0.4125948137 0.1399825061 0.3886937402 0.9106712218
0.8739595399 -0.4855425790 0.0210505710 0.4499579736 0.7920201759 -0.4126037602 0.1836642169 0.3700708647 0.9106673435
0.8124810942 -0.5826076415 0.0210429945 0.5378521134 0.7351638328 -0.4126127035 0.2249212656 0.3465580398 0.9106634666
0.7402721275 -0.6719781906 0.0210354134 0.6186424419 0.6685992136 -0.4126216435 0.2632084845 0.3184657015 0.9106595910
0.6582863059 -0.7524738998 0.0210278279 0.6912620828 0.5932054762 -0.4126305804 0.2980199193 0.2861648006 0.9106557168
0.5676064194 -0.8230316533 0.0210202379 0.7547520739 0.5099783706 -0.4126395140 0.3288955147 0.2500819052 0.9106518441
0.4694300815 -0.8827195860 0.0210126433 0.8082740302 0.4200170871 -0.4126484444 0.3554271947 0.2106935668 0.9106479727
0.3650539122 -0.9307493912 0.0210050443 0.8511212149 0.3245097399 -0.4126573716 0.3772642559 0.1685200267 0.9106441027
0.2558564140 -0.9664867319 0.0209974408 0.8827278714 0.2247176753 -0.4126662955 0.3941180032 0.1241183447 0.9106402341
0.1432797650 -0.9894596181 0.0209898327 0.9026766939 0.1219588133 -0.4126752162 0.4057655668 0.0780750408 0.9106363670
0.0288107728 -0.9993646411 0.0209822202 0.9107043368 0.0175902425 -0.4126841337 0.4120528488 0.0309983477 0.9106325012
-0.0860387623 -0.9960709801 0.0209746032 0.9067048913 -0.0870097024 -0.4126930480 0.4128965628 -0.0164898238 0.9106286368
-0.1997520135 -0.9796221306 0.0209669817 0.8907312823 -0.1904596433 -0.4127019590 0.4082853363 -0.0637621009 0.9106247738
-0.3108271608 -0.9502353295 0.0209593556 0.8629945687 -0.2913934020 -0.4127108668 0.3982798645 -0.1101939369 0.9106209122
-0.4177972251 -0.9082986865 0.0209517251 0.8238611541 -0.3884780419 -0.4127197714 0.3830121114 -0.1551718628 0.9106170521
-0.5192494429 -0.8543660580 0.0209440902 0.7738479467 -0.4804314707 -0.4127286727 0.3626835692 -0.1981015922 0.9106131933
-0.6138439253 -0.7891497326 0.0209364507 0.7136155317 -0.5660393719 -0.4127375708 0.3375625990 -0.2384158742 0.9106093359
-0.7003313531 -0.7135110237 0.0209288067 0.6439594460 -0.6441712404 -0.4127464656 0.3079808886 -0.2755819880 0.9106054800
-0.7775694775 -0.6284488943 0.0209211583 0.5657996709 -0.7137953121 -0.4127553572 0.2743290726 -0.3091087830 0.9106016254
-0.8445382055 -0.5350867637 0.0209135054 0.4801684815 -0.7739921879 -0.4127642456 0.2370515741 -0.3385531691 0.9105977723
-0.9003530726 -0.4346576700 0.0209058480 0.3881968131 -0.8239669756 -0.4127731307 0.1966407356 -0.3635259729 0.9105939205
-0.9442769238 -0.3284879860 0.0208981861 0.2910993253 -0.8630597853 -0.4127820125 0.1536303160 -0.3836970811 0.9105900702
-0.9757296495 -0.2179799012 0.0208905198 0.1901583594 -0.8907544435 -0.4127908911 0.1085884410 -0.3987998045 0.9105862213
-0.9942958469 -0.1045929031 0.0208828490 0.0867070034 -0.9066853083 -0.4127997665 0.0621100983 -0.4086344041 0.9105823738
-0.9997303068 0.0101754982 0.0208751737 -0.0178885135 -0.9106420971 -0.4128086385 0.0148092783 -0.4130707327 0.9105785277
-0.9919612515 0.1248095479 0.0208674939 -0.1222468645 -0.9025726617 -0.4128175074 -0.0326891370 -0.4120499569 0.9105746830
-0.9710912832 0.2377952650 0.0208598097 -0.2249898671 -0.8825836762 -0.4128263729 -0.0797576292 -0.4055853380 0.9105708397
-0.9373960290 0.3476404376 0.0208521210 -0.3247606837 -0.8509392263 -0.4128352353 -0.1257743342 -0.3937620592 0.9105669979
-0.8913205006 0.4528943309 0.0208444278 -0.4202417404 -0.8080573206 -0.4128440943 -0.1701312574 -0.3767361034 0.9105631574
-0.8334732172 0.5521668470 0.0208367301 -0.5101721268 -0.7545043689 -0.4128529501 -0.2122423078 -0.3547321955 0.9105593184
-0.7646181685 0.6441468838 0.0208290281 -0.5933642473 -0.6909877003 -0.4128618026 -0.2515510414 -0.3280408359 0.9105554808
-0.6856647251 0.7276196516 0.0208213215 -0.6687195041 -0.6183462216 -0.4128706518 -0.2875380144 -0.2970144658 0.9105516446
-0.5976556279 0.8014827160 0.0208136105 -0.7352428049 -0.5375393363 -0.4128794978 -0.3197276469 -0.2620628129 0.9105478098
-0.5017532172 0.8647605586 0.0208058950 -0.7920557037 -0.4496342742 -0.4128883405 -0.3476945085 -0.2236474810 0.9105439764
-0.3992240812 0.9166174605 0.0207981751 -0.8384080000 -0.3557919958 -0.4128971799 -0.3710689403 -0.1822758537 0.9105401445
-0.2914223280 0.9563685398 0.0207904507 -0.8736876458 -0.2572518598 -0.4129060161 -0.3895419416 -0.1384943924 0.9105363140
-0.1797717023 0.9834887968 0.0207827218 -0.8974288267 -0.1553152552 -0.4129148490 -0.4028692543 -0.0928814190 0.9105324849
-0.0657467814 0.9976200482 0.0207749886 -0.9093181125 -0.0513284137 -0.4129236786 -0.4108745929 -0.0460394762 0.9105286572
0.0491464992 0.9985756571 0.0207672508 -0.9091985948 0.0533353688 -0.4129325049 -0.4134519764 0.0014126318 0.9105248309
0.1633907352 0.9863429984 0.0207595086 -0.8970719585 0.1572938685 -0.4129413279 -0.4105671309 0.0488480141 0.9105210061
0.2754770937 0.9610836255 0.0207517620 -0.8730984570 0.2591741884 -0.4129501476 -0.4022579461 0.0956399751 0.9105171827
0.3839252406 0.9231311367 0.0207440109 -0.8375947956 0.3576308886 -0.4129589641 -0.3886339770 0.1411702941 0.9105133607
0.4873028914 0.8729867695 0.0207362554 -0.7910299467 0.4513637540 -0.4129677772 -0.3698749998 0.1848373929 0.9105095401
0.5842447276 0.8113127805 0.0207284954 -0.7340189556 0.5391349657 -0.4129765871 -0.3462286398 0.2260642851 0.9105057210
0.6734704286 0.7389236991 0.0207207310 -0.6673148168 0.6197854467 -0.4129853937 -0.3180071023 0.2643061993 0.9105019033
0.7538015810 0.6567755703 0.0207129622 -0.5917985279 0.6922501684 -0.4129941970 -0.2855830508 0.2990577781 0.9104980870
0.8241772418 0.5659533278 0.0207051889 -0.5084674547 0.7555722150 -0.4130029969 -0.2493846859 0.3298597562 0.9104942722
0.8836679511 0.4676564652 0.0206974112 -0.4184221578 0.8089154197 -0.4130117936 -0.2098900906 0.3563050300 0.9104904588
0.9314880066 0.3631831947 0.0206896291 -0.3228518582 0.8515754062 -0.4130205870 -0.1676209155 0.3780440381 0.9104866468
0.9670058412 0.2539133010 0.0206818425 -0.2230187306 0.8829888898 -0.4130293771 -0.1231354897 0.3947893820 0.9104828362
0.9897523642 0.1412899187 0.0206740515 -0.1202412349 0.9027411150 -0.4130381639 -0.0770214449 0.4063196257 0.9104790271
0.9994271562 0.0268004728 0.0206662561 -0.0158767031 0.9105713314 -0.4130469473 -0.0298879538 0.4124822239 0.9104752194
0.9959024371 -0.0880429662 0.0206584562 0.0886965858 0.9063762363 -0.4130557275 0.0176423177 0.4131955402 0.9104714132
0.9792247540 -0.2017236519 0.0206506519 0.1920976082 0.8902113368 -0.4130645043 0.0649414358 0.4084499285 0.9104676083
0.9496143660 -0.3127401940 0.0206428432 0.2929608338 0.8622902162 -0.4130732779 0.1113844953 0.3983078634 0.9104638049
0.9074623356 -0.4196263874 0.0206350301 0.3899542593 0.8229817113 -0.4130820481 0.1563578752 0.3829031180 0.9104600030
0.8533253640 -0.5209705761 0.0206272125 0.4817969986 0.7728050405 -0.4130908150 0.1992673461 0.3624389992 0.9104562025
0.7879184386 -0.6154342977 0.0206193906 0.5672761984 0.7124229452 -0.4130995786 0.2395459221 0.3371856645 0.9104524034
0.7121053902 -0.7017699599 0.0206115642 0.6452630544 0.6426329365 -0.4131083389 0.2766613524 0.3074765557 0.9104486058
0.6268874844 -0.7788373181 0.0206037334 0.7147277180 0.5643567615 -0.4131170958 0.3101231547 0.2737039963 0.9104448096
0.5333901977 -0.8456185345 0.0205958982 0.7747528961 0.4786282300 -0.4131258494 0.3394890971 0.2363140103 0.9104410148
0.4328483537 -0.9012316209 0.0205880586 0.8245459637 0.3865795601 -0.4131345997 0.3643710424 0.1958004320 0.9104372215
0.3265898142 -0.9449420871 0.0205802145 0.8634494307 0.2894264253 -0.4131433467 0.3844400784 0.1526983834 0.9104334297
0.2160179424 -0.9761726417 0.0205723661 0.8909496236 0.1884518993 -0.4131520904 0.3994308660 0.1075772063 0.9104296392
0.1025930684 -0.9945108160 0.0205645133 0.9066834680 0.0849895107 -0.4131608307 0.4091451469 0.0610329416 0.9104258502
-0.0121867972 -0.9997144122 0.0205566560 0.9104432817 -0.0195943683 -0.4131695676 0.4134543661 0.0136804556 0.9104220627
-0.1268057481 -0.9917147016 0.0205487944 0.9021795166 -0.1239185668 -0.4131783013 0.4123013729 -0.0338546822 0.9104182766
-0.2397500025 -0.9706173327 0.0205409283 0.8820014114 -0.2266053556 -0.4131870316 0.4057011789 -0.0809444641 0.9104144920
-0.3495278961 -0.9367009359 0.0205330579 0.8501755476 -0.3262986415 -0.4131957586 0.3937407627 -0.1269667405 0.9104107088
-0.4546895823 -0.8904134436 0.0205251830 0.8071223273 -0.4216818762 -0.4132044822 0.3765779236 -0.1713134399 0.9104069270
-0.5538461808 -0.8323661744 0.0205173038 0.7534104204 -0.5114954425 -0.4132132025 0.3544391999 -0.2133986036 0.9104031467
-0.6456881204 -0.7633257593 0.0205094201 0.6897492530 -0.5945532889 -0.4132219194 0.3276168786 -0.2526661273 0.9103993679
-0.7290024350 -0.6842040171 0.0205015321 0.6169796372 -0.6697585917 -0.4132306330 0.2964651364 -0.2885971098 0.9103955905
-0.8026887828 -0.5960459116 0.0204936397 0.5360626663 -0.7361182398 -0.4132393433 0.2613953630 -0.3207167103 0.9103918145
-0.8657739791 -0.5000157512 0.0204857429 0.4480670210 -0.7927559484 -0.4132480502 0.2228707287 -0.3486004230 0.9103880400
-0.9174248493 -0.3973818112 0.0204778417 0.3541548555 -0.8389238308 -0.4132567537 0.1814000667 -0.3718796879 0.9103842670
-0.9569592324 -0.2894995842 0.0204699361 0.2555664486 -0.8740122739 -0.4132654539 0.1375311525 -0.3902467627 0.9103804954
-0.9838549906 -0.1777938779 0.0204620261 0.1536038240 -0.8975579879 -0.4132741507 0.0918434689 -0.4034587902 0.9103767252
-0.9977569053 -0.0637399971 0.0204541118 0.0496135546 -0.9092501228 -0.4132828442 0.0449405509 -0.4113410105 0.9103729565
-0.9984813686 0.0511557401 0.0204461930 -0.0550310209 -0.9089343730 -0.4132915343 -0.0025579867 -0.4137890717 0.9103691893
-0.9860188081 0.1653758967 0.0204382699 -0.1589479348 -0.8966150129 -0.4133002211 -0.0500246350 -0.4107704122 0.9103654235
-0.9605338135 0.2774119576 0.0204303424 -0.2607648412 -0.8724548395 -0.4133089045 -0.0968322812 -0.4023246932 0.9103616592
-0.9223629630 0.3857842528 0.0204224106 -0.3591371396 -0.8367730214 -0.4133175845 -0.1423624933 -0.3885632780 0.9103578964
-0.8720103778 0.4890614995 0.0204144743 -0.4527657314 -0.7900408814 -0.4133262612 -0.1860136918 -0.3696677636 0.9103541350
-0.8101410646 0.5858797051 0.0204065337 -0.5404141758 -0.7328756719 -0.4133349345 -0.2272090974 -0.3458875840 0.9103503750
-0.7375721328 0.6749601815 0.0203985887 -0.6209250184 -0.6660324213 -0.4133436044 -0.2654043528 -0.3175367180 0.9103466165
-0.6552620024 0.7551264331 0.0203906394 -0.6932350755 -0.5903939619 -0.4133522710 -0.3000947157 -0.2849895432 0.9103428595
-0.5642977469 0.8253196950 0.0203826856 -0.7563894742 -0.5069592700 -0.4133609342 -0.3308217287 -0.2486758927 0.9103391040
-0.4658807357 0.8846129157 0.0203747276 -0.8095542620 -0.4168302721 -0.4133695940 -0.3571792785 -0.2090753781 0.9103353499
-0.3613107679 0.9322230012 0.0203667651 -0.8520274186 -0.3211972916 -0.4133782504 -0.3788189634 -0.1667110554 0.9103315973
-0.2519689053 0.9675211574 0.0203587983 -0.8832481261 -0.2213233284 -0.4133869035 -0.3954546983 -0.1221425160 0.9103278461
-0.1392992334 0.9900411948 0.0203508271 -0.9028041743 -0.1185273790 -0.4133955531 -0.4068664971 -0.0759584953 0.9103240964
-0.0247897884 0.9994856851 0.0203428516 -0.9104374023 -0.0141670166 -0.4134041994 -0.4129033820 -0.0287690956 0.9103203482
0.0900470946 0.9957298900 0.0203348717 -0.9060471075 0.0903795373 -0.4134128423 -0.4134853803 0.0188022736 0.9103166014
0.2036947558 0.9788234080 0.0203268875 -0.8896913734 0.1937316143 -0.4134214818 -0.4086045845 0.0661271314 0.9103128561
0.3146522409 0.9489895203 0.0203188989 -0.8615863015 0.2945243327 -0.4134301180 -0.3983252594 0.1125802281 0.9103091123
0.4214541244 0.9066222411 0.0203109059 -0.8221031559 0.3914266220 -0.4134387507 -0.3827829960 0.1575478068 0.9103053699
0.5226898639 0.8522811145 0.0203029086 -0.7717634590 0.4831588013 -0.4134473800 -0.3621829228 0.2004357118 0.9103016290
0.6170224288 0.7866838241 0.0202949070 -0.7112321027 0.5685094786 -0.4134560060 -0.3367969989 0.2406772397 0.9102978896
0.7032059591 0.7106967150 0.0202869010 -0.6413085667 0.6463515477 -0.4134646285 -0.3069604231 0.2777406273 0.9102941517
0.7801022192 0.6253233517 0.0202788906 -0.5629163590 0.7156570731 -0.4134732477 -0.2730672086 0.3111360788 0.9102904152
0.8466956308 0.5316912641 0.0202708760 -0.4770908188 0.7755108634 -0.4134818634 -0.2355649792 0.3404222384 0.9102866802
0.9021066860 0.4310370561 0.0202628569 -0.3849654426 0.8251225572 -0.4134904758 -0.1949490578 0.3652120231 0.9102829467
0.9456035627 0.3246900737 0.0202548336 -0.2877569143 0.8638370594 -0.4134990847 -0.1517559242 0.3851777393 0.9102792147
0.9766117902 0.2140548483 0.0202468059 -0.1867490364 0.8911431914 -0.4135076903 -0.1065561291 0.4000554142 0.9102754841
0.9947218363 0.1005925469 0.0202387738 -0.0832757752 0.9066804405 -0.4135162924 -0.0599467574 0.4096482861 0.9102717550
0.9996945157 -0.0141983255 0.0202307374 0.0212963559 0.9102437199 -0.4135248912 -0.0125435407 0.4138294068 0.9102680274
0.9914641497 -0.1288017170 0.0202226967 0.1255863434 0.9017860755 -0.4135334865 0.0350272768 0.4125433211 0.9102643012
0.9701394330 -0.2417040512 0.0202146517 0.2282169122 0.8814193045 -0.4135420784 0.0821372114 0.4058068028 0.9102605766
0.9360019985 -0.3514142171 0.0202066023 0.3278327133 0.8494124781 -0.4135506669 0.1281638436 0.3937086360 0.9102568534
0.8895026980 -0.4564832625 0.0201985486 0.4231182235 0.8061883862 -0.4135592519 0.1724990412 0.3764084444 0.9102531317
0.8312556473 -0.5555235305 0.0201904906 0.5128151177 0.7523179528 -0.4135678336 0.2145569944 0.3541345860 0.9102494115
0.7620301162 -0.6472269861 0.0201824283 0.5957388862 0.6885126949 -0.4135764118 0.2537819565 0.3271811385 0.9102456927
0.6827403684 -0.7303824919 0.0201743616 0.6707944769 0.6156153251 -0.4135849866 0.2896555870 0.2959040165 0.9102419755
0.5944335866 -0.8038918035 0.0201662906 0.7369907564 0.5345886211 -0.4135935580 0.3217038018 0.2607162719 0.9102382597
0.4982760429 -0.8667840743 0.0201582153 0.7934535975 0.4465027100 -0.4136021260 0.3495030381 0.2220826391 0.9102345454
0.3955376952 -0.9182286772 0.0201501357 0.8394374229 0.3525209352 -0.4136106905 0.3726858526 0.1805133972 0.9102308326
0.2875754151 -0.9575461756 0.0201420517 0.8743350498 0.2538844922 -0.4136192516 0.3909457780 0.1365576298 0.9102271213
0.1758150676 -0.9842172959 0.0201339635 0.8976857075 0.1518960363 -0.4136278093 0.4040413748 0.0907959725 0.9102234115
0.0617326795 -0.9978897863 0.0201258709 0.9091811212 0.0479024791 -0.4136363636 0.4117994233 0.0438329429 0.9102197032
-0.0531650546 -0.9983830688 0.0201177740 0.9086695818 -0.0567227997 -0.4136449144 0.4141172155 -0.0037110452 0.9102159963
-0.1673606710 -0.9856906243 0.0201096728 0.8961579477 -0.1605980896 -0.4136534618 0.4109639140 -0.0512078778 0.9102122910
-0.2793459786 -0.9599800786 0.0201015673 0.8718115535 -0.2623515965 -0.4136620057 0.4023809630 -0.0980300392 0.9102085871
-0.3876419776 -0.9215909885 0.0200934575 0.8359520248 -0.3606395589 -0.4136705462 0.3884815432 -0.1435589021 0.9102048847
-0.4908183926 -0.8710303580 0.0200853434 0.7890530293 -0.4541639936 -0.4136790832 0.3694490797 -0.1871929016 0.9102011838
-0.5875125624 -0.8089659412 0.0200772250 0.7317340203 -0.5416898368 -0.4136876169 0.3455348211 -0.2283554833 0.9101974845
-0.6764474372 -0.7362174243 0.0200691023 0.6647520548 -0.6220612539 -0.4136961470 0.3170545227 -0.2665027214 0.9101937866
-0.7564484440 -0.6537455995 0.0200609753 0.5889917944 -0.6942169034 -0.4137046737 0.2843842781 -0.3011305069 0.9101900901
-0.8264590001 -0.5626396756 0.0200528440 0.5054538213 -0.7572039521 -0.4137131970 0.2479555516 -0.3317812085 0.9101863952
-0.8855544671 -0.4641028933 0.0200447084 0.4152414231 -0.8101906576 -0.4137217168 0.2082494812 -0.3580497212 0.9101827018
-0.9329543625 -0.3594366335 0.0200365685 0.3195460218 -0.8524773511 -0.4137302332 0.1657905230 -0.3795888202 0.9101790099
-0.9680326682 -0.2500232301 0.0200284243 0.2196314391 -0.8835056768 -0.4137387461 0.1211395243 -0.3961137507 0.9101753195
-0.9903260980 -0.1373077134 0.0200202758 0.1168172051 -0.9028659641 -0.4137472555 0.0748863152 -0.4074059925 0.9101716306
-0.9995402166 -0.0227787255 0.0200121231 0.0124611321 -0.9103026365 -0.4137557615 0.0276419173 -0.4133161498 0.9101679431
-0.9955533280 0.0920511405 0.0200039660 -0.0920586174 -0.9057175855 -0.4137642641 -0.0199695286 -0.4137659276 0.9101642572
-0.9784180830 0.2056653171 0.0199958047 -0.1953617313 -0.8891714651 -0.4137727631 -0.0673190076 -0.4087491687 0.9101605728
-0.9483607839 0.3165632921 0.0199876391 -0.2960839764 -0.8608828892 -0.4137812588 -0.1137809410 -0.3983319386 0.9101568899
-0.9057783956 0.4232804259 0.0199794692 -0.3928952146 -0.8212255429 -0.4137897509 -0.1587414516 -0.3826516545 0.9101532085
-0.8512333031 0.5244072951 0.0199712950 -0.4845169691 -0.7707232471 -0.4137982396 -0.2016064742 -0.3619152736 0.9101495285
-0.7854458840 0.6186083069 0.0199631165 -0.5697393071 -0.7100430385 -0.4138067248 -0.2418096055 -0.3363965609 0.9101458501
-0.7092849945 0.7046393384 0.0199549338 -0.6474368186 -0.6399863599 -0.4138152065 -0.2788195879 -0.3064324753 0.9101421732
-0.6237564943 0.7813641681 0.0199467468 -0.7165834774 -0.5614784749 -0.4138236848 -0.3121473302 -0.2724187200 0.9101384978
-0.5299899623 0.8477694816 0.0199385555 -0.7762661907 -0.4755562478 -0.4138321596 -0.3413523707 -0.2348045172 0.9101348239
-0.4292237781 0.9029782550 0.0199303600 -0.8256968563 -0.3833544491 -0.4138406309 -0.3660486986 -0.1940866747 0.9101311515
-0.3227887669 0.9462613379 0.0199221602 -0.8642227695 -0.2860907692 -0.4138490987 -0.3859098557 -0.1508030247 0.9101274806
-0.2120906226 0.9770470829 0.0199139561 -0.8913352414 -0.1850497363 -0.4138575631 -0.4006732524 -0.1055253191 0.9101238113
-0.0985913436 0.9949288960 0.0199057477 -0.9066763162 -0.0815657520 -0.4138660239 -0.4101436390 -0.0588516774 0.9101201434
0.0162100768 0.9996706065 0.0198975351 -0.9100434963 0.0229945312 -0.4138744813 -0.4141956883 -0.0113986853 0.9101164771
0.1307974470 0.9912095857 0.0198893182 -0.9013924160 0.1272502587 -0.4138829352 -0.4127756537 0.0362067507 0.9101128122
0.2436574021 0.9696575748 0.0198810971 -0.8808374253 0.2298246096 -0.4138913856 -0.4059020826 0.0833356854 0.9101091489
0.3532993907 0.9352992085 0.0198728717 -0.8486500789 0.3293629795 -0.4138998326 -0.3936655740 0.1293654445 0.9101054871
0.4582753608 0.8885882565 0.0198646420 -0.8052555485 0.4245508693 -0.4139082760 -0.3762275844 0.1736878513 0.9101018268
0.5571988846 0.8301416301 0.0198564081 -0.7512270067 0.5141312446 -0.4139167159 -0.3538182971 0.2157172624 0.9100981680
0.6487634689 0.7607312348 0.0198481700 -0.6872780560 0.5969211355 -0.4139251524 -0.3267335845 0.2548983060 0.9100945107
0.7317598100 0.6812737759 0.0198399276 -0.6142533039 0.6718272587 -0.4139335853 -0.2953311008 0.2907132207 0.9100908549
0.8050917656 0.5928186514 0.0198316809 -0.5331172077 0.7378604551 -0.4139420148 -0.2600255601 0.3226886972 0.9100872007
0.8677908312 0.4965340924 0.0198234300 -0.4449413364 0.7941487517 -0.4139504407 -0.2212832586 0.3504021336 0.9100835479
0.9190289315 0.3936917347 0.0198151749 -0.3508902186 0.8399488759 -0.4139588632 -0.1796159168 0.3734872207 0.9100798967
0.9581293568 0.2856498235 0.0198069155 -0.2522059630 0.8746560704 -0.4139672821 -0.1355739199 0.3916387836 0.9100762470
0.9845757006 0.1738352757 0.0197986518 -0.1501918537 0.8978120788 -0.4139756976 -0.0897390483 0.4046168163 0.9100725989
0.9980186796 0.0597248342 0.0197903839 -0.0461951383 0.9091111958 -0.4139841095 -0.0427167919 0.4122496548 0.9100689522
0.9982807469 -0.0551744357 0.0197821118 0.0584107640 0.9084043030 -0.4139925179 0.0048716481 0.4144362483 0.9100653071
0.9853584370 -0.1693450500 0.0197738355 0.1622444009 0.8957008375 -0.4140009229 0.0523975660 0.4111474964 0.9100616635
0.9594224116 -0.2812791476 0.0197655549 0.2639345303 0.8711686651 -0.4140093243 0.0992330578 0.4024266368 0.9100580214
0.9208152056 -0.3894984048 0.0197572700 0.3621382296 0.8351318629 -0.4140177222 0.1447593166 0.3883886768 0.9100543808
0.8700467034 -0.4925735596 0.0197489810 0.4555586299 0.7880664373 -0.4140261165 0.1883748089 0.3692188765 0.9100507418
0.8077874049 -0.5891432880 0.0197406877 0.5429620424 0.7305940372 -0.4140345074 0.2295032223 0.3451703044 0.9100471042
0.7348595699 -0.6779321834 0.0197323902 0.6231942507 0.6634737427 -0.4140428947 0.2676010809 0.3165604956 0.9100434683
0.6522263590 -0.7577676009 0.0197240884 0.6951957521 0.5875920396 -0.4140512785 0.3021649266 0.2837672603 0.9100398338
0.5609791127 -0.8275951444 0.0197157825 0.7580157496 0.5039511110 -0.4140596588 0.3327379726 0.2472236937 0.9100362009
0.4623229382 -0.8864925924 0.0197074723 0.8108247069 0.4136556015 -0.4140680356 0.3589161400 0.2074124563 0.9100325694
0.3575607934 -0.9336820777 0.0196991579 0.8529253024 0.3178980280 -0.4140764088 0.3803533983 0.1648593995 0.9100289396
0.2480762787 -0.9685403609 0.0196908392 0.8837616373 0.2179430305 -0.4140847785 0.3967663397 0.1201266193 0.9100253112
0.1353153638 -0.9906070618 0.0196825164 0.9029265757 0.1151106703 -0.4140931447 0.4079379257 0.0738050316 0.9100216844
0.0207672903 -0.9995907392 0.0196741893 0.9101671196 0.0107589966 -0.4141015073 0.4137203573 0.0265065664 0.9100180591
-0.0940550962 -0.9953727407 0.0196658581 0.9053877493 -0.0937338888 -0.4141098665 0.4140370301 -0.0211439164 0.9100144353
-0.2076353270 -0.9780087693 0.0196575226 0.8886516832 -0.1969880304 -0.4141182220 0.4088835493 -0.0685168819 0.9100108131
-0.3184733379 -0.9477281481 0.0196491829 0.8601800417 -0.2976398437 -0.4141265741 0.3983277908 -0.1149864374 0.9100071924
-0.4251052812 -0.9049307915 0.0196408390 0.8203489255 -0.3943601227 -0.4141349226 0.3825090069 -0.1599386016 0.9100035733
-0.5261228583 -0.8501819236 0.0196324908 0.7696844478 -0.4858715929 -0.4141432675 0.3616359895 -0.2027794168 0.9099999556
-0.6201919198 -0.7842046135 0.0196241385 0.7088557846 -0.5709657795 -0.4141516089 0.3359843140 -0.2429427973 0.9099963396
-0.7060700853 -0.7078702252 0.0196157820 0.6386663369 -0.6485189655 -0.4141599468 0.3058927015 -0.2798980093 0.9099927250
-0.7826231519 -0.6221869101 0.0196074213 0.5600431188 -0.7175070313 -0.4141682811 0.2717585457 -0.3131566843 0.9099891120
-0.8488400739 -0.5282862917 0.0195990563 0.4740245148 -0.7770189788 -0.4141766119 0.2340326652 -0.3422792727 0.9099855005
-0.9038463151 -0.4274085208 0.0195906872 0.3817465657 -0.8262689609 -0.4141849391 0.1932133489 -0.3668808534 0.9099818906
-0.9469153999 -0.3208858962 0.0195823139 0.2844279648 -0.8646066585 -0.4141932628 0.1498397753 -0.3866362214 0.9099782822
-0.9774785073 -0.2101252694 0.0195739364 0.1833539627 -0.8915258679 -0.4142015829 0.1044848898 -0.4012841862 0.9099746753
-0.9951319835 -0.0965894640 0.0195655547 0.0798593941 -0.9066711842 -0.4142098995 0.0577478368 -0.4106310255 0.9099710700
-0.9996426733 0.0182220441 0.0195571688 -0.0246889512 -0.9098426942 -0.4142182125 0.0102460446 -0.4145530473 0.9099674662
-0.9909509993 0.1327929300 0.0195487787 -0.1289103786 -0.9009986142 -0.4142265219 -0.0373929310 -0.4129982263 0.9099638640
-0.9691717488 0.2456100461 0.0195403844 -0.2314285222 -0.8802558415 -0.4142348278 -0.0845396977 -0.4059868948 0.9099602633
-0.9345925578 0.3551834068 0.0195319859 -0.3308895218 -0.8478884086 -0.4142431302 -0.1305713417 -0.3936114760 0.9099566642
-0.8876701124 0.4600658663 0.0195235833 -0.4259799017 -0.8043238633 -0.4142514289 -0.1748796585 -0.3760352665 0.9099530666
-0.8290241172 0.5588722314 0.0195151765 -0.5154439163 -0.7501376208 -0.4142597241 -0.2168791884 -0.3534902810 0.9099494705
-0.7594291108 0.6502975563 0.0195067655 -0.5981001336 -0.6860453639 -0.4142680157 -0.2560149523 -0.3262741899 0.9099458760
-0.6798042370 0.7331343763 0.0194983503 -0.6728570365 -0.6128935899 -0.4142763038 -0.2917697857 -0.2947463888 0.9099422830
-0.5912011046 0.8062886558 0.0194899309 -0.7387274368 -0.5316484308 -0.4142845883 -0.3236711726 -0.2593232529 0.9099386916
-0.4947899000 0.8687942367 0.0194815074 -0.7948415115 -0.4433828933 -0.4142928692 -0.3512974900 -0.2204726381 0.9099351018
-0.3918439313 0.9198255991 0.0194730797 -0.8404582888 -0.3492626875 -0.4143011465 -0.3742835801 -0.1787077012 0.9099315134
-0.2837228126 0.9587087634 0.0194646478 -0.8749754321 -0.2505308314 -0.4143094203 -0.3923255776 -0.1345801226 0.9099279267
-0.1718545070 0.9849301926 0.0194562117 -0.8979371940 -0.1484912354 -0.4143176905 -0.4051849257 -0.0886728186 0.9099243415
-0.0577164674 0.9981435736 0.0194477715 -0.9090404333 -0.0444914812 -0.4143259571 -0.4126915313 -0.0415922413 0.9099207578
0.0571838761 0.9981743920 0.0194393271 -0.9081386172 0.0600949745 -0.4143342201 -0.4147460141 0.0060396330 0.9099171757
0.1713290252 0.9850222363 0.0194308786 -0.8952437552 0.1638869381 -0.4143424795 -0.4113210230 0.0535935204 0.9099135951
0.2832114550 0.9588608038 0.0194224259 -0.8705262388 0.2655137201 -0.4143507354 -0.4024615997 0.1004411433 0.9099100161
0.3913535238 0.9200356065 0.0194139690 -0.8343125907 0.3636332361 -0.4143589876 -0.3882845869 0.1459635311 0.9099064387
0.4943269890 0.8690594077 0.0194055080 -0.7870811505 0.4569497303 -0.4143672363 -0.3689770866 0.1895591987 0.9099028628
0.5907718696 0.8066054505 0.0193970428 -0.7294557570 0.5442308876 -0.4143754814 -0.3447939917 0.2306520933 0.9098992885
0.6794144075 0.7334985658 0.0193885735 -0.6621975082 0.6243241068 -0.4143837229 -0.3160546202 0.2686992065 0.9098957157
0.7590838907 0.6507042789 0.0193801000 -0.5861947090 0.6961717216 -0.4143919608 -0.2831384996 0.3031977498 0.9098921445
0.8287281145 0.5593160578 0.0193716223 -0.5024511392 0.7588249674 -0.4144001951 -0.2464803541 0.3336917986 0.9098885748
0.8874272784 0.4605408716 0.0193631405 -0.4120727959 0.8114565100 -0.4144084258 -0.2065643640 0.3597783180 0.9098850067
0.9344061338 0.3556832502 0.0193546546 -0.3162532873 0.8533713706 -0.4144166529 -0.1639177701 0.3811124892 0.9098814402
0.9690442231 0.2461280551 0.0193461645 -0.2162580687 0.8840161026 -0.4144248764 -0.1191039098 0.3974122682 0.9098778752
0.9908840741 0.1333221897 0.0193376703 -0.1134077299 0.9029860993 -0.4144330963 -0.0727147753 0.4084621136 0.9098743118
0.9996372416 0.0187554894 0.0193291719 -0.0090605550 0.9100309362 -0.4144413125 -0.0253631941 0.4141158374 0.9098707499
0.9951881174 -0.0960589540 0.0193206694 0.0954054156 0.9050576765 -0.4144495252 0.0223252677 0.4142985393 0.9098671896
0.9775954573 -0.2096047765 0.0193121627 0.1986105843 0.8881320973 -0.4144577343 0.0697205691 0.4090075982 0.9098636309
0.9470916044 -0.3203823682 0.0193036520 0.2991920151 0.8594778199 -0.4144659398 0.1161965186 0.3983127104 0.9098600737
0.9040794216 -0.4269286791 0.0192951370 0.3958214331 0.8194733547 -0.4144741416 0.1611390471 0.3823549710 0.9098565181
0.8491269703 -0.5278365416 0.0192866180 0.4872227652 0.7686471017 -0.4144823399 0.2039543218 0.3613450128 0.9098529641
0.7829600082 -0.6217732550 0.0192780948 0.5721889921 0.7076703711 -0.4144905345 0.2440765923 0.3355602259 0.9098494117
0.7064524043 -0.7074981867 0.0192695675 0.6495980875 0.6373485163 -0.4144987255 0.2809756665 0.3053410954 0.9098458608
0.6206145977 -0.7838791576 0.0192610360 0.7184278354 0.5586102975 -0.4145069129 0.3141639166 0.2710867054 0.9098423114
0.5265802525 -0.8499073943 0.0192525005 0.7777693284 0.4724956153 -0.4145150966 0.3432027236 0.2332494686 0.9098387637
0.4255912857 -0.9047108530 0.0192439608 0.8268389703 0.3801417763 -0.4145232768 0.3677082739 0.1923291510 0.9098352175
0.3189814648 -0.9475657359 0.0192354170 0.8649888234 0.2827684734 -0.4145314533 0.3873566321 0.1488662709 0.9098316729
0.2081587932 -0.9779060509 0.0192268690 0.8917151638 0.1816616772 -0.4145396262 0.4018880235 0.1034349590 0.9098281298
0.0945869140 -0.9953310866 0.0192183170 0.9066651327 0.0781566526 -0.4145477955 0.4111102684 0.0566353746 0.9098245883
-0.0202342203 -0.9996107049 0.0192097608 0.9096413952 -0.0263796747 -0.4145559611 0.4149013238 0.0090857770 0.9098210484
-0.1347881574 -0.9906883801 0.0192012005 0.9006047447 -0.1305667711 -0.4145641231 0.4132108983 -0.0385856420 0.9098175101
-0.2475619736 -0.9686819457 0.0191926361 0.8796746195 -0.2330287262 -0.4145722815 0.4060611198 -0.0857490573 0.9098139734
-0.3570662547 -0.9338820382 0.0191840676 0.8471275244 -0.3324124234 -0.4145804362 0.3935462452 -0.1317813319 0.9098104382
-0.4618547672 -0.8867482588 0.0191754950 0.8033933776 -0.4274054096 -0.4145885873 0.3758314182 -0.1760742498 0.9098069046
-0.5605435586 -0.8279031031 0.0191669182 0.7490498316 -0.5167532267 -0.4145967348 0.3531504901 -0.2180425522 0.9098033726
-0.6518292356 -0.7581237404 0.0191583374 0.6848146440 -0.5992759782 -0.4146048786 0.3258029327 -0.2571316711 0.9097998421
-0.7345061778 -0.6783317490 0.0191497525 0.6115361971 -0.6738839101 -0.4146130188 0.2941498843 -0.2928250569 0.9097963133
-0.8074824609 -0.5895809454 0.0191411634 0.5301822930 -0.7395918021 -0.4146211553 0.2586093803 -0.3246510049 0.9097927860
-0.8697942776 -0.4930434661 0.0191325703 0.4418273716 -0.7955319774 -0.4146292882 0.2196508329 -0.3521888890 0.9097892603
-0.9206186667 -0.3899942873 0.0191239731 0.3476383209 -0.8409657602 -0.4146374175 0.1777888307 -0.3750747206 0.9097857361
-0.9592843825 -0.2817943862 0.0191153717 0.2488590654 -0.8752932304 -0.4146455431 0.1335763418 -0.3930059602 0.9097822136
-0.9852807593 -0.1698727665 0.0191067663 0.1467941387 -0.8980611443 -0.4146536650 0.0875974096 -0.4057455166 0.9097786926
-0.9982644566 -0.0557075856 0.0190981568 0.0427914546 -0.9089689196 -0.4146617833 0.0404594377 -0.4131248819 0.9097751733
-0.9980639932 0.0591933679 0.0190895432 -0.0617754937 -0.9078726035 -0.4146698979 -0.0072148346 -0.4150463602 0.9097716555
-0.9846820123 0.1733125875 0.0190809255 -0.1655257726 -0.8947867721 -0.4146780089 -0.0547955590 -0.4114843612 0.9097681392
-0.9582952464 0.2851428904 0.0190723037 -0.2670892449 -0.8698843373 -0.4146861163 -0.1016540995 -0.4024857412 0.9097646246
-0.9192521836 0.3932073234 0.0190636778 -0.3651246639 -0.8334942614 -0.4146942199 -0.1471713382 -0.3881691861 0.9097611116
-0.8680684646 0.4960786690 0.0190550479 -0.4583373861 -0.7860972117 -0.4147023199 -0.1907458549 -0.3687236470 0.9097576001
-0.8054200734 0.5923982946 0.0190464138 -0.5454964679 -0.7283192117 -0.4147104163 -0.2318018743 -0.3444058454 0.9097540903
-0.7321344088 0.6808940965 0.0190377757 -0.6254509210 -0.6609233721 -0.4147185090 -0.2697968735 -0.3155368847 0.9097505820
-0.6491793573 0.7603973002 0.0190291335 -0.6971449123 -0.5847998121 -0.4147265980 -0.3042287517 -0.2824980099 0.9097470753
-0.5576505104 0.8298578971 0.0190204872 -0.7596317062 -0.5009539035 -0.4147346833 -0.3346424648 -0.2457255730 0.9097435702
-0.4587566945 0.8883585117 0.0190118369 -0.8120861667 -0.4104929923 -0.4147427650 -0.3606360396 -0.2057052697 0.9097400667
-0.3538040065 0.9351265177 0.0190031825 -0.8538156532 -0.3146117744 -0.4147508430 -0.3818658866 -0.1629657246 0.9097365648
-0.2441785636 0.9695442420 0.0189945240 -0.8842691665 -0.2145765172 -0.4147589173 -0.3980513413 -0.1180715086 0.9097330644
-0.1313281969 0.9911571226 0.0189858614 -0.9030446241 -0.1117083368 -0.4147669880 -0.4089783754 -0.0716156808 0.9097295657
-0.0167433301 0.9996797122 0.0189771948 -0.9098941694 -0.0073657506 -0.4147750550 -0.4145024263 -0.0242119545 0.9097260686
0.0980627053 0.9949994477 0.0189685241 -0.9047274430 0.0970732641 -0.4147831183 -0.4145503102 0.0235134104 0.9097225730
0.2115736559 0.9771781374 0.0189598494 -0.8876127754 0.2002294675 -0.4147911779 -0.4091211912 0.0709298814 0.9097190791
0.3222903723 0.9464511446 0.0189511705 -0.8587762827 0.3007405723 -0.4147992338 -0.3982865955 0.1174109837 0.9097155867
0.4287506083 0.9032242789 0.0189424877 -0.8185988797 0.3972792338 -0.4148072861 -0.3821894689 0.1623425771 0.9097120960
0.5295483329 0.8480684373 0.0189338007 -0.7676112477 0.4885705789 -0.4148153347 -0.3610422906 0.2051309705 0.9097086068
0.6233522998 0.7817120637 0.0189251097 -0.7064868255 0.5734090418 -0.4148233796 -0.3351242692 0.2452107670 0.9097051192
0.7089236296 0.7050315289 0.0189164147 -0.6360329144 0.6506742842 -0.4148314208 -0.3047776554 0.2820523341 0.9097016333
0.7851321715 0.6190395558 0.0189077156 -0.5571800159 0.7193459903 -0.4148394583 -0.2704032234 0.3151688034 0.9096981489
0.8509714295 0.5248718449 0.0188990125 -0.4709695422 0.7785173399 -0.4148474921 -0.2324549774 0.3441225041 0.9096946662
0.9055718553 0.4237720746 0.0188903053 -0.3785400624 0.8274069838 -0.4148555222 -0.1914341558 0.3685307476 0.9096911850
0.9482123327 0.3170754762 0.0188815940 -0.2811122655 0.8653693606 -0.4148635486 -0.1478826102 0.3880708855 0.9096877054
0.9783297010 0.2061911990 0.0188728787 -0.1799728390 0.8919032215 -0.4148715714 -0.1023756481 0.4024845748 0.9096842275
0.9955261935 0.0925837000 0.0188641594 -0.0764574765 0.9066582486 -0.4148795904 -0.0555144333 0.4115811934 0.9096807511
0.9995746903 -0.0222465976 0.0188554361 0.0280667624 0.9094396799 -0.4148876057 -0.0079180441 0.4152403610 0.9096772764
0.9904217180 -0.1367831204 0.0188467087 0.1322195058 0.9002108803 -0.4148956174 0.0397847050 0.4134135327 0.9096738032
0.9681881565 -0.2495131744 0.0188379772 0.2346252989 0.8790938237 -0.4149036253 0.0869635712 0.4061246421 0.9096703317
0.9331676420 -0.3589479233 0.0188292417 0.3339317687 0.8463674814 -0.4149116295 0.1329952099 0.3934697889 0.9096668617
0.8858226891 -0.4636420518 0.0188205022 0.4288274834 0.8024641363 -0.4149196300 0.1772714105 0.3756159710 0.9096633934
0.8267785828 -0.5622128537 0.0188117587 0.5180592707 0.7479636733 -0.4149276268 0.2192071330 0.3527988812 0.9096599267
0.7568151197 -0.6533584937 0.0188030111 0.6004487673 0.6835859194 -0.4149356199 0.2582482380 0.3253197957 0.9096564616
0.6768563100 -0.7358752010 0.0187942595 0.6749079797 0.6101811371 -0.4149436093 0.2938788093 0.2935415960 0.9096529981
0.5879581732 -0.8086731672 0.0187855039 0.7404536519 0.5287187940 -0.4149515950 0.3256279716 0.2578839767 0.9096495362
0.4912947919 -0.8707909401 0.0187767442 0.7962202494 0.4402747597 -0.4149595769 0.3530761135 0.2188179029 0.9096460759
