1976
42558
0.3642700763 -0.9310016855 0.0233060755 0.8530338574 0.3235132466 -0.4094782257 0.3736850941 0.1690415360 0.9120221541
0.2550488483 -0.9666473977 0.0233000740 0.8845133380 0.2235075634 -0.4094881245 0.3906228871 0.1250487008 0.9120178630
0.1424591423 -0.9895265429 0.0232940676 0.9043112295 0.1205511145 -0.4094980207 0.4024010349 0.0794018237 0.9120135731
0.0279879372 -0.9993369511 0.0232880561 0.9121661868 0.0160036178 -0.4095079144 0.4088636974 0.0327038591 0.9120092842
-0.0868529387 -0.9959490517 0.0232820396 0.9079745906 -0.0887542100 -0.4095178055 0.4099252491 -0.0144283245 0.9120049965
-0.2005467743 -0.9794075854 0.0232760182 0.8917919152 -0.1923388881 -0.4095276940 0.4055714134 -0.0613720932 0.9120007099
-0.3115920072 -0.9499310125 0.0232699918 0.8638319934 -0.2933824427 -0.4095375800 0.3958594551 -0.1075072732 0.9119964244
-0.4185220548 -0.9079086285 0.0232639603 0.8244641919 -0.3905504723 -0.4095474635 0.3809174266 -0.1522243437 0.9119921399
-0.5199246837 -0.8538954223 0.0232579240 0.7742085310 -0.4825597706 -0.4095573444 0.3609424800 -0.1949324896 0.9119878566
-0.6144606608 -0.7886047466 0.0232518826 0.7137288158 -0.5681952724 -0.4095672227 0.3361982656 -0.2350674077 0.9119835744
-0.7008814413 -0.7128988963 0.0232458362 0.6438238684 -0.6463260995 -0.4095770984 0.3070114521 -0.2720987628 0.9119792934
-0.7780456577 -0.6277777210 0.0232397849 0.5654169768 -0.7159204949 -0.4095869716 0.2737674139 -0.3055371958 0.9119750134
-0.8449341945 -0.5343654188 0.0232337286 0.4795437001 -0.7760594478 -0.4095968423 0.2369051428 -0.3349407898 0.9119707345
-0.9006636473 -0.4338956901 0.0232276673 0.3873381919 -0.8259488289 -0.4096067103 0.1969114509 -0.3599209110 0.9119664568
-0.9444979903 -0.3276954433 0.0232216011 0.2900182209 -0.8649298771 -0.4096165758 0.1543145420 -0.3801473452 0.9119621802
-0.9758582970 -0.2171672706 0.0232155299 0.1888690875 -0.8924878982 -0.4096264387 0.1096770351 -0.3953526629 0.9119579047
-0.9943303861 -0.1037709238 0.0232094537 0.0852266492 -0.9082590604 -0.4096362990 0.0635885338 -0.4053357554 0.9119536303
-0.9996702918 0.0109959648 0.0232033725 -0.0195403219 -0.9120351978 -0.4096461568 0.0166578377 -0.4099644944 0.9119493570
-0.9918074859 0.1256176615 0.0231972864 -0.1240482162 -0.9037665583 -0.4096560119 -0.0304950985 -0.4091774813 0.9119450848
-0.9708458092 0.2385803497 0.0231911953 -0.2269168589 -0.8835624588 -0.4096658645 -0.0772473557 -0.4029848609 0.9119408138
-0.9370621002 0.3483921232 0.0231850993 -0.3267877376 -0.8516898399 -0.4096757145 -0.1229812785 -0.3914681916 0.9119365439
-0.8909025390 0.4536026895 0.0231789982 -0.4223419430 -0.8085697394 -0.4096855619 -0.1670926362 -0.3747793705 0.9119322751
-0.8329767546 0.5528225243 0.0231728922 -0.5123175865 -0.7547717299 -0.4096954068 -0.2089986050 -0.3531386305 0.9119280074
-0.7640497732 0.6447412228 0.0231667813 -0.5955264648 -0.6910063956 -0.4097052490 -0.2481454692 -0.3268316339 0.9119237409
-0.6850319150 0.7281448063 0.0231606654 -0.6708697510 -0.6181159465 -0.4097150886 -0.2840159372 -0.2962057016 0.9119194755
-0.5969667714 0.8019317558 0.0231545445 -0.7373525056 -0.5370630948 -0.4097249257 -0.3161359777 -0.2616652275 0.9119152112
-0.5010174220 0.8651275591 0.0231484187 -0.7940968147 -0.4489183393 -0.4097347601 -0.3440810832 -0.2236663388 0.9119109480
-0.3984510741 0.9168975821 0.0231422879 -0.8403533831 -0.3548458270 -0.4097445919 -0.3674818813 -0.1827108727 0.9119066859
-0.2906223266 0.9565580911 0.0231361522 -0.8755114286 -0.2560879783 -0.4097544212 -0.3860290165 -0.1393397489 0.9119024250
-0.1789552795 0.9835852838 0.0231300115 -0.8991067471 -0.1539490779 -0.4097642478 -0.3994772400 -0.0941258249 0.9118981652
-0.0649247260 0.9976222064 0.0231238659 -0.9108278409 -0.0497780493 -0.4097740718 -0.4076486528 -0.0476663302 0.9118939066
0.0499633253 0.9984834687 0.0231177153 -0.9105200321 0.0550493600 -0.4097838933 -0.4104350586 -0.0005749769 0.9118896491
0.1641915405 0.9861576922 0.0231115597 -0.8981875025 0.1591487475 -0.4097937121 -0.4077993972 0.0465261467 0.9118853927
0.2762512994 0.9608076603 0.0231053993 -0.8739932381 0.2611453387 -0.4098035283 -0.3997762365 0.0930147945 0.9118811374
0.3846626207 0.9227681690 0.0230992338 -0.8382568742 0.3596921431 -0.4098133419 -0.3864713200 0.1382767825 0.9118768833
0.4879937076 0.8725416046 0.0230930634 -0.7914504727 0.4534877426 -0.4098231528 -0.3680601726 0.1817141038 0.9118726303
0.5848798579 0.8107913094 0.0230868881 -0.7341922869 0.5412934784 -0.4098329612 -0.3447857852 0.2227528289 0.9118683784
0.6740414877 0.7383328204 0.0230807078 -0.6672385947 0.6219498084 -0.4098427669 -0.3169554078 0.2608506893 0.9118641277
0.7543010313 0.6561230987 0.0230745226 -0.5914737095 0.6943916200 -0.4098525700 -0.2849364934 0.2955042427 0.9118598781
0.8245984926 0.5652478908 0.0230683325 -0.5078983005 0.7576622953 -0.4098623705 -0.2491518462 0.3262555260 0.9118556296
0.8840054454 0.4669073894 0.0230621374 -0.4176161762 0.8109263438 -0.4098721683 -0.2100740388 0.3526981071 0.9118513823
0.9317372950 0.3624003819 0.0230559374 -0.3218197063 0.8534804348 -0.4098819635 -0.1682191716 0.3744824570 0.9118471362
0.9671636402 0.2531070977 0.0230497324 -0.2217740733 0.8847626849 -0.4098917561 -0.1241400559 0.3913205699 0.9118428911
0.9898165992 0.1404709794 0.0230435225 -0.1188005640 0.9043600768 -0.4099015461 -0.0784189134 0.4029897708 0.9118386472
0.9993969891 0.0259796189 0.0230373077 -0.0142591187 0.9120139123 -0.4099113334 -0.0316596853 0.4093356607 0.9118344045
0.9957782774 -0.0888548892 0.0230310879 0.0904696283 0.9076232276 -0.4099211181 0.0155199452 0.4102741587 0.9118301629
0.9790082526 -0.2025159178 0.0230248632 0.1940025830 0.8912461248 -0.4099309001 0.0624967123 0.4057926171 0.9118259224
0.9493083940 -0.3135023375 0.0230186336 0.2949724568 0.8630990030 -0.4099406795 0.1086500015 0.3959499910 0.9118216831
0.9070709458 -0.4203483423 0.0230123990 0.3920458234 0.8235536994 -0.4099504562 0.1533700483 0.3808760630 0.9118174450
0.8528537371 -0.5216428085 0.0230061596 0.4839407287 0.7731325764 -0.4099602303 0.1960659945 0.3607697321 0.9118132079
0.7873728150 -0.6160479316 0.0229999152 0.5694436197 0.7125016222 -0.4099700018 0.2361736948 0.3358963893 0.9118089721
0.7114929872 -0.7023168946 0.0229936658 0.6474253712 0.6424616537 -0.4099797706 0.2731631708 0.3065844143 0.9118047373
0.6262164007 -0.7793103351 0.0229874116 0.7168561960 0.5639377395 -0.4099895368 0.3065456143 0.2732208405 0.9118005038
0.5326693066 -0.8460113926 0.0229811524 0.7768192443 0.4779669816 -0.4099993003 0.3358798469 0.2362462444 0.9117962713
0.4320871852 -0.9015391389 0.0229748883 0.8265227103 0.3856848184 -0.4100090611 0.3607781502 0.1961489281 0.9117920401
0.3257984296 -0.9451602117 0.0229686193 0.8653102887 0.2883100279 -0.4100188193 0.3809113908 0.1534584700 0.9117878099
0.2152068009 -0.9762985012 0.0229623454 0.8926698399 0.1871286318 -0.4100285748 0.3960133708 0.1087387310 0.9117835810
0.1017728892 -0.9945427583 0.0229560665 0.9082401528 0.0834769110 -0.4100383277 0.4058843479 0.0625804066 0.9117793532
-0.0130051770 -0.9996520259 0.0229497827 0.9118157135 -0.0212762426 -0.4100480778 0.4103936769 0.0155932247 0.9117751265
-0.1276115161 -0.9915588218 0.0229434941 0.9033494175 -0.1257474043 -0.4100578254 0.4094815390 -0.0316021088 0.9117709010
-0.2405325144 -0.9703700296 0.0229372005 0.8829531909 -0.2285568870 -0.4100675702 0.4031597354 -0.0783821094 0.9117666767
-0.3502768159 -0.9363654874 0.0229309020 0.8508965099 -0.3283469617 -0.4100773124 0.3915115345 -0.1241287508 0.9117624535
-0.4553950193 -0.8899942917 0.0229245986 0.8076028412 -0.4237997884 -0.4100870519 0.3746905753 -0.1682376300 0.9117582315
-0.5544988197 -0.8318688664 0.0229182902 0.7536440477 -0.5136548191 -0.4100967888 0.3529188410 -0.2101259523 0.9117540106
-0.6462793446 -0.7627568748 0.0229119770 0.6897328346 -0.5967254450 -0.4101065229 0.3264837294 -0.2492402320 0.9117497909
-0.7295244403 -0.6835710802 0.0229056589 0.6167133361 -0.6719146665 -0.4101162544 0.2957342592 -0.2850636057 0.9117455723
-0.8031346805 -0.5953572922 0.0228993359 0.5355499659 -0.7382295794 -0.4101259832 0.2610764619 -0.3171226620 0.9117413550
-0.8661378869 -0.4992805535 0.0228930079 0.4473146798 -0.7947944874 -0.4101357093 0.2229680204 -0.3449936981 0.9117371387
-0.9177019686 -0.3966097540 0.0228866751 0.3531728177 -0.8408624649 -0.4101454327 0.1819122252 -0.3683083195 0.9117329237
-0.9571459119 -0.2887008721 0.0228803373 0.2543677131 -0.8758252204 -0.4101551535 0.1384513270 -0.3867583093 0.9117287098
-0.9839487743 -0.1769790664 0.0228739947 0.1522042718 -0.8992211284 -0.4101648715 0.0931593754 -0.4000997029 0.9117244971
-0.9977565649 -0.0629198533 0.0228676472 0.0480317389 -0.9107413246 -0.4101745869 0.0466346361 -0.4081560139 0.9117202855
-0.9983869194 0.0519703799 0.0228612947 -0.0567741209 -0.9102337829 -0.4101842995 -0.0005083111 -0.4108205691 0.9117160751
-0.9858315088 0.1661742702 0.0228549374 -0.1608291922 -0.8977053222 -0.4101940095 -0.0476466912 -0.4080579204 0.9117118659
-0.9602561494 0.2781835188 0.0228485752 -0.2627592883 -0.8733215142 -0.4102037168 -0.0941577611 -0.3999043169 0.9117076578
-0.9219986129 0.3865188111 0.0228422081 -0.3612182988 -0.8374044958 -0.4102134213 -0.1394270362 -0.3864672290 0.9117034510
-0.8715641655 0.4897493543 0.0228358361 -0.4549059672 -0.7904287129 -0.4102231232 -0.1828564092 -0.3679239321 0.9116992452
-0.8096188949 0.5865117738 0.0228294592 -0.5425850618 -0.7330146534 -0.4102328224 -0.2238720522 -0.3445191678 0.9116950407
-0.7369809131 0.6755281200 0.0228230774 -0.6230977144 -0.6659206515 -0.4102425188 -0.2619319989 -0.3165619135 0.9116908373
-0.6546095519 0.7556227453 0.0228166907 -0.6953807110 -0.5900328710 -0.4102522126 -0.2965333056 -0.2844213036 0.9116866352
-0.5635926926 0.8257378319 0.0228102992 -0.7584795322 -0.5063536015 -0.4102619036 -0.3272186976 -0.2485217560 0.9116824341
-0.4651323988 0.8849473621 0.0228039027 -0.8115609574 -0.4159880205 -0.4102715919 -0.3535826126 -0.2093373668 0.9116782343
-0.3605290401 0.9324693481 0.0227975014 -0.8539240683 -0.3201295970 -0.4102812775 -0.3752765604 -0.1673856503 0.9116740356
-0.2511641186 0.9676761605 0.0227910952 -0.8850095034 -0.2200443291 -0.4102909604 -0.3920137300 -0.1232207033 0.9116698382
-0.1384820229 0.9901028166 0.0227846842 -0.9044068442 -0.1170540240 -0.4103006406 -0.4035727809 -0.0774258870 0.9116656418
-0.0239709525 0.9994531224 0.0227782682 -0.9118600340 -0.0125188414 -0.4103103180 -0.4098007710 -0.0306061216 0.9116614467
0.0908567376 0.9956035839 0.0227718474 -0.9072707576 0.0921806700 -0.4103199927 -0.4106151794 0.0166201047 0.9116572528
0.2044845102 0.9786050381 0.0227654217 -0.8906997387 0.1956618045 -0.4103296647 -0.4060050007 0.0636289054 0.9116530600
0.3154116750 0.9486819823 0.0227589911 -0.8623659358 0.2965579602 -0.4103393340 -0.3960308928 0.1097992380 0.9116488684
0.4221732084 0.9062296085 0.0227525556 -0.8226436495 0.3935366865 -0.4103490005 -0.3808243795 0.1545211087 0.9116446780
0.5233591022 0.8518085844 0.0227461153 -0.7720575777 0.4853172811 -0.4103586644 -0.3605861158 0.1972036315 0.9116404888
0.6176329854 0.7861376487 0.0227396701 -0.7112758846 0.5706877022 -0.4103683254 -0.3355832405 0.2372828350 0.9116363008
0.7037497744 0.7100841188 0.0227332200 -0.6411013755 0.6485205755 -0.4103779838 -0.3061458499 0.2742291149 0.9116321139
0.7805721162 0.6246524357 0.0227267651 -0.5624608931 0.7177880810 -0.4103876394 -0.2726626396 0.3075542316 0.9116279283
0.8470854101 0.5309708991 0.0227203053 -0.4763930765 0.7775755264 -0.4103972922 -0.2355757726 0.3368177625 0.9116237438
0.9024112073 0.4302767649 0.0227138406 -0.3840346428 0.8270934257 -0.4104069424 -0.1953750397 0.3616329227 0.9116195605
0.9458188127 0.3238999056 0.0227073711 -0.2866053746 0.8656879242 -0.4104165897 -0.1525913916 0.3816716770 0.9116153784
0.9767349355 0.2132452462 0.0227008967 -0.1853920105 0.8928494322 -0.4104262344 -0.1077899261 0.3966690767 0.9116111975
0.9947512607 0.0997742091 0.0226944174 -0.0817312506 0.9082193536 -0.4104358762 -0.0615624241 0.4064267622 0.9116070178
0.9996298414 -0.0150145865 0.0226879333 0.0230078963 0.9115948199 -0.4104455154 -0.0145195328 0.4108155871 0.9116028393
0.9913062421 -0.1296051173 0.0226814444 0.1274421931 0.9029313683 -0.4104551518 0.0327173005 0.4097773271 0.9115986620
0.9698903892 -0.2424839781 0.0226749505 0.2301924420 0.8823435270 -0.4104647854 0.0795240382 0.4033254527 0.9115944858
0.9356651193 -0.3521603694 0.0226684519 0.3299016986 0.8501033013 -0.4104744162 0.1252822963 0.3915449544 0.9115903109
0.8890824443 -0.4571857864 0.0226619483 0.4252531919 0.8066365799 -0.4104840444 0.1693875141 0.3745912234 0.9115861371
0.8307575811 -0.5561731497 0.0226554400 0.5149877143 0.7525175089 -0.4104936697 0.2112569420 0.3526880014 0.9115819646
0.7614608268 -0.6478151243 0.0226489267 0.5979202498 0.6884609081 -0.4105032923 0.2503373407 0.3261244283 0.9115777932
0.6821073852 -0.7309013862 0.0226424086 0.6729556237 0.6153128290 -0.4105129121 0.2861122920 0.2952512253 0.9115736231
0.5937452798 -0.8043346066 0.0226358857 0.7391029647 0.5340393811 -0.4105225292 0.3181090226 0.2604760642 0.9115694541
0.4975415123 -0.8671449450 0.0226293579 0.7954887901 0.4457139710 -0.4105321435 0.3459046520 0.2222581841 0.9115652864
0.3947666505 -0.9185028576 0.0226228253 0.8413685397 0.3515031262 -0.4105417550 0.3691317813 0.1811023270 0.9115611198
0.2867780472 -0.9577300534 0.0226162878 0.8761364079 0.2526510883 -0.4105513637 0.3874833498 0.1375520715 0.9115569545
0.1750019138 -0.9843084525 0.0226097455 0.8993333427 0.1504633804 -0.4105609697 0.4007166940 0.0921826535 0.9115527903
0.0609144846 -0.9978870282 0.0226031984 0.9106531068 0.0462895651 -0.4105705729 0.4086567566 0.0455933677 0.9115486274
-0.0539774804 -0.9982864435 0.0225966464 0.9099463202 -0.0584945785 -0.4105801733 0.4111984023 -0.0016003481 0.9115444657
-0.1681565953 -0.9855014192 0.0225900896 0.8972224318 -0.1625052241 -0.4105897709 0.4083078095 -0.0487750429 0.9115403051
-0.2801148881 -0.9597008043 0.0225835279 0.8726495929 -0.2643687742 -0.4105993658 0.4000229212 -0.0953074890 0.9115361458
-0.3883737170 -0.9212253453 0.0225769614 0.8365524350 -0.3627399995 -0.4106089578 0.3864529459 -0.1405829152 0.9115319877
-0.4915032991 -0.8705831864 0.0225703901 0.7894077810 -0.4563198046 -0.4106185471 0.3677769191 -0.1840031291 0.9115278308
-0.5881415930 -0.8084431587 0.0225638139 0.7318383469 -0.5438723839 -0.4106281336 0.3442413406 -0.2249944204 0.9115236751
-0.6770122881 -0.7356259464 0.0225572329 0.6646045162 -0.6242415416 -0.4106377173 0.3161569212 -0.2630151417 0.9115195206
-0.7569416604 -0.6530932483 0.0225506471 0.5885942970 -0.6963659599 -0.4106472982 0.2838944809 -0.2975628655 0.9115153673
-0.8268740744 -0.5619350768 0.0225440564 0.5048115932 -0.7592932143 -0.4106568763 0.2478800524 -0.3281810235 0.9115112152
-0.8858859248 -0.4633553617 0.0225374609 0.4143629457 -0.8121923508 -0.4106664516 0.2085892556 -0.3544649406 0.9115070644
-0.9331978344 -0.3586560499 0.0225308606 0.3184429176 -0.8543648585 -0.4106760241 0.1665410161 -0.3760671834 0.9115029147
-0.9681849482 -0.2492199109 0.0225242555 0.2183183177 -0.8852538930 -0.4106855938 0.1222907120 -0.3927021528 0.9114987663
-0.9903851850 -0.1364922742 0.0225176455 0.1153114702 -0.9044516293 -0.4106951607 0.0764228377 -0.4041498600 0.9114946191
-0.9995053410 -0.0219619405 0.0225110307 0.0107827503 -0.9117046459 -0.4107047248 0.0295432841 -0.4102588352 0.9114904731
-0.9954249616 0.0928584803 0.0225044112 -0.0938873810 -0.9069172701 -0.4107142861 -0.0177286653 -0.4109481327 0.9114863283
-0.9781979327 0.2064525469 0.0224977867 -0.1973166085 -0.8901528405 -0.4107238446 -0.0647685150 -0.4062084027 0.9114821847
-0.9480517689 0.3173200141 0.0224911575 -0.2981390181 -0.8616328683 -0.4107334003 -0.1109548078 -0.3961020183 0.9114780424
-0.9053846089 0.4239966465 0.0224845235 -0.3950231354 -0.8217341109 -0.4107429531 -0.1556773348 -0.3807622549 0.9114739012
-0.8507599570 0.5250735570 0.0224778846 -0.4866895089 -0.7709835945 -0.4107525032 -0.1983451976 -0.3603915326 0.9114697613
-0.7848992414 0.6192158139 0.0224712409 -0.5719276074 -0.7100516530 -0.4107620504 -0.2383946156 -0.3352587448 0.9114656227
-0.7086722858 0.7051800716 0.0224645924 -0.6496118049 -0.6397430733 -0.4107715948 -0.2752963752 -0.3056957095 0.9114614852
-0.6230858219 0.7818309916 0.0224579391 -0.7187162462 -0.5609864663 -0.4107811364 -0.3085628233 -0.2720927877 0.9114573490
-0.5292701934 0.8481562370 0.0224512810 -0.7783283933 -0.4748220019 -0.4107906751 -0.3377543110 -0.2348937296 0.9114532139
-0.4284644275 0.9032798423 0.0224446181 -0.8276610754 -0.3823876708 -0.4108002111 -0.3624850046 -0.1945898140 0.9114490801
-0.3219998710 0.9464737828 0.0224379504 -0.8660628842 -0.2849042553 -0.4108097442 -0.3824279850 -0.1517133607 0.9114449476
-0.2112826071 0.9771675894 0.0224312779 -0.8930267744 -0.1836592062 -0.4108192745 -0.3973195694 -0.1068306991 0.9114408162
-0.0977748855 0.9949558830 0.0224246006 -0.9081967590 -0.0799896394 -0.4108288019 -0.4069627976 -0.0605346886 0.9114366861
0.0170241902 0.9996037284 0.0224179184 -0.9113726095 0.0247353227 -0.4108383265 -0.4112300374 -0.0134368870 0.9114325572
0.1315984608 0.9910497373 0.0224112315 -0.9025124978 0.1291326328 -0.4108478483 -0.4100646734 0.0338405279 0.9114284296
0.2444347356 0.9694068788 0.0224045398 -0.8817335480 0.2318235839 -0.4108573672 -0.4034818587 0.0806729776 0.9114243032
0.3540427773 0.9349609877 0.0223978433 -0.8493102876 0.3314520169 -0.4108668833 -0.3915683173 0.1264417338 0.9114201780
0.4589749838 0.8881669894 0.0223911420 -0.8056710206 0.4267022304 -0.4108763965 -0.3744812023 0.1705420932 0.9114160540
0.5578455063 0.8296428919 0.0223844358 -0.7513921695 0.5163163557 -0.4108859069 -0.3524460224 0.2123913670 0.9114119313
0.6493485531 0.7601616236 0.0223777249 -0.6871906618 0.5991109685 -0.4108954145 -0.3257536659 0.2514365793 0.9114078098
0.7322756346 0.6806408252 0.0223710093 -0.6139144606 0.6739927169 -0.4109049192 -0.2947565606 0.2871617744 0.9114036895
0.8055315242 0.5921307306 0.0223642888 -0.5325313645 0.7399727592 -0.4109144211 -0.2598640208 0.3190948347 0.9113995705
0.8681487233 0.4958002961 0.0223575635 -0.4441162256 0.7961798227 -0.4109239201 -0.2215368422 0.3468137199 0.9113954527
0.9193002387 0.3929217624 0.0223508334 -0.3498367535 0.8418717083 -0.4109334162 -0.1802812165 0.3699520446 0.9113913362
0.9583105052 0.2848538516 0.0223440986 -0.2509380935 0.8764450915 -0.4109429095 -0.1366420461 0.3882039217 0.9113872209
0.9846643078 0.1730238229 0.0223373590 -0.1487263815 0.8994434882 -0.4109524000 -0.0911957473 0.4013280059 0.9113831068
0.9980135860 0.0589086222 0.0223306145 -0.0445514946 0.9105632824 -0.4109618875 -0.0445426363 0.4091506848 0.9113789940
0.9981820310 -0.0559846234 0.0223238654 0.0602107766 0.9096577343 -0.4109713722 0.0027010007 0.4115683763 0.9113748824
0.9851674140 -0.1701385109 0.0223171114 0.1641768973 0.8967389163 -0.4109808541 0.0499110482 0.4085488993 0.9113707720
0.9591416161 -0.2820454013 0.0223103526 0.2659738600 0.8719775524 -0.4109903331 0.0964638068 0.4001319029 0.9113666629
0.9204483578 -0.3902273318 0.0223035891 0.3642573171 0.8357007621 -0.4109998092 0.1417442325 0.3864283450 0.9113625551
0.8695986600 -0.4932555345 0.0222968208 0.4577293342 0.7883877386 -0.4110092824 0.1851540632 0.3676190302 0.9113584484
0.8072640945 -0.5897693070 0.0222900477 0.5451555308 0.7306634191 -0.4110187528 0.2261197225 0.3439522241 0.9113543431
0.7342679149 -0.6784939830 0.0222832699 0.6253813816 0.6632902304 -0.4110282203 0.2640998991 0.3157403764 0.9113502389
0.6515741838 -0.7582577669 0.0222764872 0.6973474623 0.5871580183 -0.4110376849 0.2985926990 0.2833559959 0.9113461361
0.5602750403 -0.8280072099 0.0222696999 0.7601034404 0.5032722953 -0.4110471466 0.3291422781 0.2472267321 0.9113420344
0.4615762760 -0.8868211231 0.0222629077 0.8128206242 0.4127409598 -0.4110566055 0.3553448667 0.2078297277 0.9113379340
0.3567814105 -0.9339227434 0.0222561108 0.8548029060 0.3167596644 -0.4110660615 0.3768541057 0.1656853174 0.9113338349
0.2472744753 -0.9686899928 0.0222493091 0.8854959535 0.2165960242 -0.4110755146 0.3933856254 0.1213501553 0.9113297370
0.1345017349 -0.9906636939 0.0222425026 0.9044945293 0.1135728761 -0.4110849648 0.4047208047 0.0754098629 0.9113256404
0.0199525859 -0.9995536345 0.0222356914 0.9115478414 0.0090508081 -0.4110944121 0.4107096628 0.0284712931 0.9113215450
-0.0948601131 -0.9952424006 0.0222288754 0.9065628536 -0.0955898092 -0.4111038565 0.4112728430 -0.0188454856 0.9113174509
-0.2084200227 -0.9777869269 0.0222220547 0.8896055126 -0.1989670530 -0.4111132980 0.4064026650 -0.0659153805 0.9113133580
-0.3192273485 -0.9474177450 0.0222152292 0.8608998757 -0.2997156977 -0.4111227367 0.3961632290 -0.1121165331 0.9113092664
-0.4258186494 -0.9045359390 0.0222083989 0.8208251503 -0.3965052451 -0.4111321724 0.3806895723 -0.1568385340 0.9113051760
-0.5267861649 -0.8497078481 0.0222015639 0.7699106847 -0.4880574947 -0.4111416052 0.3601858883 -0.1994904882 0.9113010869
-0.6207964081 -0.7836575872 0.0221947242 0.7088289752 -0.5731634236 -0.4111510352 0.3349228323 -0.2395088222 0.9112969991
-0.7066077767 -0.7072574835 0.0221878797 0.6383867846 -0.6506991529 -0.4111604622 0.3052339483 -0.2763647309 0.9112929125
-0.7830869512 -0.6215165554 0.0221810304 0.5595144854 -0.7196407890 -0.4111698863 0.2715112657 -0.3095711649 0.9112888271
-0.8492238628 -0.5275671869 0.0221741764 0.4732537728 -0.7790779445 -0.4111793076 0.2342001224 -0.3386892673 0.9112847431
-0.9041450333 -0.4266501714 0.0221673176 0.3807439059 -0.8282257602 -0.4111887259 0.1937932839 -0.3633341732 0.9112806602
-0.9471251113 -0.3200983253 0.0221604541 0.2832066618 -0.8664352690 -0.4111981413 0.1508244354 -0.3831800971 0.9112765787
-0.9775964521 -0.2093188847 0.0221535859 0.1819301992 -0.8932019650 -0.4112075538 0.1058611330 -0.3979646394 0.9112724984
-0.9951566147 -0.0957749204 0.0221467129 0.0782520464 -0.9081724651 -0.4112169633 0.0594973068 -0.4074922555 0.9112684194
-0.9995736767 0.0190339849 0.0221398351 -0.0264585635 -0.9111491739 -0.4112263700 0.0123454160 -0.4116368428 0.9112643416
-0.9907892976 0.1335915421 0.0221329526 -0.1308187753 -0.9020928923 -0.4112357737 -0.0349716419 -0.4103434092 0.9112602651
-0.9689194893 0.2463847812 0.0221260654 -0.2334503742 -0.8811233337 -0.4112451746 -0.0818287598 -0.4036288028 0.9112561899
-0.9342530840 0.3559240330 0.0221191735 -0.3329979872 -0.8485175409 -0.4112545724 -0.1276068793 -0.3915814928 0.9112521159
-0.8872479193 0.4607626037 0.0221122768 -0.4281469819 -0.8047062265 -0.4112639674 -0.1717011696 -0.3743604039 0.9112480432
-0.8285247921 0.5595158812 0.0221053754 -0.5176408283 -0.7502680832 -0.4112733594 -0.2135290185 -0.3521928194 0.9112439718
-0.7588592594 0.6508796218 0.0220984692 -0.6002976920 -0.6859221397 -0.4112827486 -0.2525377305 -0.3253713820 0.9112399017
-0.6791713957 0.7336471756 0.0220915583 -0.6750260412 -0.6125182639 -0.4112921347 -0.2882118301 -0.2942502303 0.9112358328
-0.5905136412 0.8067254230 0.0220846427 -0.7408390611 -0.5310259380 -0.4113015180 -0.3200798730 -0.2592403230 0.9112317652
-0.4940569026 0.8691492111 0.0220777223 -0.7968676852 -0.4425214539 -0.4113108983 -0.3477206770 -0.2208040119 0.9112276988
-0.3910750887 0.9200941011 0.0220707973 -0.8423720713 -0.3481736985 -0.4113202757 -0.3707688882 -0.1794489365 0.9112236338
-0.2829282859 0.9588872566 0.0220638675 -0.8767513708 -0.2492287159 -0.4113296501 -0.3889198104 -0.1357213189 0.9112195700
-0.1710447952 0.9850163297 0.0220569329 -0.8995516625 -0.1469932511 -0.4113390216 -0.4019334330 -0.0901987494 0.9112155075
-0.0569022690 0.9981362280 0.0220499937 -0.9104719459 -0.0428174922 -0.4113483901 -0.4096376051 -0.0434825574 0.9112114462
0.0579918048 0.9980736719 0.0220430497 -0.9093681149 0.0619227612 -0.4113577557 -0.4119303122 0.0038101321 0.9112073862
0.1721200119 0.9848294836 0.0220361010 -0.8962548593 0.1658442676 -0.4113671184 -0.4087810278 0.0510545507 0.9112033276
0.2839750525 0.9585785759 0.0220291476 -0.8713054693 0.2675746109 -0.4113764781 -0.4002311192 0.0976265402 0.9111992701
0.3920796481 0.9196676425 0.0220221895 -0.8348495457 0.3657703254 -0.4113858349 -0.3863933043 0.1429107985 0.9111952140
0.4950060523 0.8686105790 0.0220152266 -0.7873686453 0.4591346373 -0.4113951887 -0.3674501661 0.1863090091 0.9111911592
0.5913949069 0.8060816960 0.0220082591 -0.7294899202 0.5464345901 -0.4114045395 -0.3436517430 0.2272477462 0.9111871056
0.6799731952 0.7329068135 0.0220012868 -0.6619778337 0.6265173269 -0.4114138874 -0.3153122286 0.2651860514 0.9111830533
0.7595710547 0.6500523542 0.0219943099 -0.5857240636 0.6983253147 -0.4114232323 -0.2828058241 0.2996225820 0.9111790023
0.8291372280 0.5586125800 0.0219873282 -0.5017357249 0.7609103095 -0.4114325743 -0.2465617965 0.3301022361 0.9111749526
0.8877529463 0.4597951402 0.0219803418 -0.4111220686 0.8134458781 -0.4114419133 -0.2070588106 0.3562221672 0.9111709041
0.9346440641 0.3549051216 0.0219733507 -0.3150798316 0.8552383113 -0.4114512493 -0.1648186070 0.3776371082 0.9111668570
0.9691912833 0.2453278125 0.0219663549 -0.2148774310 0.8857357838 -0.4114605824 -0.1203991112 0.3940639360 0.9111628111
0.9909383325 0.1325104070 0.0219593544 -0.1118382130 0.9045356406 -0.4114699125 -0.0743870642 0.4052854140 0.9111587665
0.9995979927 0.0179428920 0.0219523491 -0.0073229751 0.9113897132 -0.4114792397 -0.0273902727 0.4111530655 0.9111547233
0.9950558911 -0.0968616315 0.0219453392 0.0972880048 0.9062075954 -0.4114885638 0.0199704206 0.4115891378 0.9111506812
0.9773720115 -0.2103869319 0.0219383246 0.2006131977 0.8890578359 -0.4114978850 0.0670693381 0.4065876330 0.9111466405
0.9467799020 -0.3211336715 0.0219313053 0.3012880675 0.8601670315 -0.4115072032 0.1132842332 0.3962143901 0.9111426011
0.9036835909 -0.4276392093 0.0219242813 0.3979830925 0.8199168331 -0.4115165184 0.1580045113 0.3806062184 0.9111385630
0.8486522505 -0.5284969174 0.0219172526 0.4894213220 0.7688389040 -0.4115258307 0.2006392965 0.3599690931 0.9111345261
0.7824126800 -0.6223747588 0.0219102192 0.5743952405 0.7076078972 -0.4115351399 0.2406252393 0.3345754374 0.9111304906
0.7058397068 -0.7080328798 0.0219031811 0.6517827138 0.6370325445 -0.4115444462 0.2774339602 0.3047605261 0.9111264563
0.6199446326 -0.7843399847 0.0218961384 0.7205618069 0.5580449746 -0.4115537495 0.3105790316 0.2709180591 0.9111224234
0.5258618771 -0.8502882769 0.0218890909 0.7798242798 0.4716884020 -0.4115630498 0.3396224062 0.2334949625 0.9111183917
0.4248339957 -0.9050067693 0.0218820388 0.8287875806 0.3791033492 -0.4115723471 0.3641802060 0.1929854867 0.9111143614
0.3181952688 -0.9477727872 0.0218749819 0.8668051787 0.2815125835 -0.4115816414 0.3839277968 0.1499246786 0.9111103323
0.2073540803 -0.9780215128 0.0218679204 0.8933751025 0.1802049676 -0.4115909327 0.3986040788 0.1048813150 0.9111063045
0.0937743167 -0.9953534451 0.0218608542 0.9081465667 0.0765184385 -0.4116002211 0.4080149396 0.0584503892 0.9111022780
-0.0210439665 -0.9995396759 0.0218537833 0.9109246037 -0.0281776627 -0.4116095064 0.4120358211 0.0112452523 0.9110982529
-0.1355843562 -0.9905249132 0.0218467078 0.9016726368 -0.1325006747 -0.4116187887 0.4106133685 -0.0361104898 0.9110942290
-0.2483341087 -0.9684282116 0.0218396275 0.8805129621 -0.2350728764 -0.4116280680 0.4037661379 -0.0829912143 0.9110902064
-0.3578041293 -0.9335413998 0.0218325426 0.8477251314 -0.3345396813 -0.4116373444 0.3915843545 -0.1287775465 0.9110861852
-0.4625486381 -0.8863252264 0.0218254530 0.8037422594 -0.4295875262 -0.4116466177 0.3742287240 -0.1728645434 0.9110821652
-0.5611842652 -0.8274032751 0.0218183588 0.7491453021 -0.5189612184 -0.4116558880 0.3519283120 -0.2146696860 0.9110781466
-0.6524083207 -0.7575537288 0.0218112599 0.6846553833 -0.6014805118 -0.4116651552 0.3249775211 -0.2536405761 0.9110741292
-0.7350159992 -0.6776990923 0.0218041563 0.6111242697 -0.6760556924 -0.4116744195 0.2937322044 -0.2892622357 0.9110701132
-0.8079162924 -0.5888940085 0.0217970480 0.5295231212 -0.7417019692 -0.4116836808 0.2586049664 -0.3210639121 0.9110660984
-0.8701463975 -0.4923113299 0.0217899350 0.4409296641 -0.7975524781 -0.4116929390 0.2200597150 -0.3486252990 0.9110620850
-0.9208844337 -0.3892266289 0.0217828174 0.3465139575 -0.8428697293 -0.4117021942 0.1786055346 -0.3715820917 0.9110580729
-0.9594602963 -0.2810013505 0.0217756952 0.2475229403 -0.8770553454 -0.4117114464 0.1347899623 -0.3896308023 0.9110540620
-0.9853645071 -0.1690648327 0.0217685682 0.1452639626 -0.8996579628 -0.4117206956 0.0891917563 -0.4025327718 0.9110500525
-0.9982549433 -0.0548954280 0.0217614367 0.0410875203 -0.9103791906 -0.4117299418 0.0424132505 -0.4101173262 0.9110460443
-0.9979613560 0.0599990202 0.0217543004 -0.0636305804 -0.9090775505 -0.4117391849 -0.0049276016 -0.4122840340 0.9110420375
-0.9844876183 0.1741010928 0.0217471595 -0.1675073929 -0.8957703432 -0.4117484250 -0.0522053902 -0.4090040363 0.9110380319
-0.9580116748 0.2859038348 0.0217400139 -0.2691710939 -0.8706334188 -0.4117576621 -0.0987955120 -0.4003204308 0.9110340276
-0.9188831912 0.3939306584 0.0217328637 -0.3672790995 -0.8339988527 -0.4117668961 -0.1440824211 -0.3863477061 0.9110300247
-0.8676189362 0.4967548440 0.0217257088 -0.4605357961 -0.7863505590 -0.4117761271 -0.1874677625 -0.3672702320 0.9110260231
-0.8048959570 0.5930183834 0.0217185493 -0.5477096501 -0.7283178980 -0.4117853551 -0.2283782774 -0.3433398265 0.9110220228
-0.7315426370 0.6814499146 0.0217113851 -0.6276494711 -0.6606673636 -0.4117945800 -0.2662733778 -0.3148724323 0.9110180238
-0.6485277556 0.7608815133 0.0217042163 -0.6992996144 -0.5842924593 -0.4118038019 -0.3006522900 -0.2822439455 0.9110140261
-0.5569476935 0.8302641176 0.0216970428 -0.7617139213 -0.5002018972 -0.4118130207 -0.3310606723 -0.2458852516 0.9110100297
-0.4580119528 0.8886813832 0.0216898647 -0.8140682132 -0.4095062756 -0.4118222365 -0.3570966191 -0.2062765362 0.9110060347
-0.3530271830 0.9353617853 0.0216826820 -0.8556711748 -0.3134034110 -0.4118314493 -0.3784159731 -0.1639409423 0.9110020410
-0.2433799237 0.9696888087 0.0216754945 -0.8859734828 -0.2131625186 -0.4118406590 -0.3947368749 -0.1194376616 0.9109980486
-0.1305182932 0.9912090899 0.0216683025 -0.9045750592 -0.1101074500 -0.4118498656 -0.4058434889 -0.0733545475 0.9109940575
-0.0159328624 0.9996384048 0.0216611058 -0.9112303529 -0.0055992096 -0.4118590692 -0.4115888579 -0.0263003510 0.9109900678
0.0988630307 0.9948654228 0.0216539045 -0.9058515817 0.0989820198 -0.4118682698 -0.4118968475 0.0211033218 0.9109860794
0.2123532684 0.9769531769 0.0216466985 -0.8885098901 0.2022551041 -0.4118774672 -0.4067631554 0.0682302206 0.9109820923
0.3230389760 0.9461382312 0.0216394879 -0.8594344078 0.3028561980 -0.4118866617 -0.3962553706 0.1144577249 0.9109781065
0.4294583183 0.9028275570 0.0216322727 -0.8190092225 0.3994567557 -0.4118958530 -0.3805120842 0.1591750695 0.9109741220
0.5302058056 0.8475931576 0.0216250529 -0.7677683065 0.4907810758 -0.4119050413 -0.3597410613 0.2017914141 0.9109701389
0.6239508565 0.7811645142 0.0216178284 -0.7063884628 0.5756231489 -0.4119142266 -0.3342164991 0.2417436499 0.9109661571
0.7094553707 0.7044189513 0.0216105992 -0.6356803863 0.6528625827 -0.4119234088 -0.3042754072 0.2785038406 0.9109621767
0.7855900813 0.6183700501 0.0216033655 -0.5565779557 0.7214793984 -0.4119325879 -0.2703131581 0.3115861982 0.9109581975
0.8513494682 0.5241542619 0.0215961271 -0.4701258999 0.7805674996 -0.4119417639 -0.2327782662 0.3405535029 0.9109542197
0.9058650391 0.4230158992 0.0215888841 -0.3774659996 0.8293466373 -0.4119509369 -0.1921664644 0.3650228818 0.9109502433
0.9484167991 0.3162907019 0.0215816365 -0.2798220076 0.8671727132 -0.4119601067 -0.1490141576 0.3846708690 0.9109462681
0.9784427602 0.2053881957 0.0215743843 -0.1784834871 0.8935462845 -0.4119692736 -0.1038913367 0.3992376818 0.9109422943
0.9955463632 0.0917730773 0.0215671274 -0.0747887803 0.9081191582 -0.4119784373 -0.0573940506 0.4085306558 0.9109383219
0.9995017155 -0.0230541308 0.0215598659 0.0298926661 0.9106989885 -0.4119875980 -0.0101365321 0.4124267928 0.9109343507
0.9902565742 -0.1375768975 0.0215525998 0.1341783869 0.9012518149 -0.4119967555 0.0372569157 0.4108743888 0.9109303809
0.9679330365 -0.2502827116 0.0215453291 0.2366911557 0.8799025099 -0.4120059100 0.0841601672 0.4038937204 0.9109264125
0.9328259268 -0.3596830585 0.0215380538 0.3360771730 0.8469331278 -0.4120150614 0.1299535462 0.3915767797 0.9109224453
0.8853989033 -0.4643330785 0.0215307739 0.4310239443 0.8027791789 -0.4120242097 0.1740320127 0.3740860625 0.9109184795
0.8262783345 -0.5628506492 0.0215234893 0.5202776134 0.7480238762 -0.4120333550 0.2158131574 0.3516524240 0.9109145151
0.7562450264 -0.6539346398 0.0215162002 0.6026595205 0.6833904323 -0.4120424971 0.2547448966 0.3245720320 0.9109105520
0.6762239109 -0.7363820947 0.0215089064 0.6770817672 0.6097325067 -0.4120516361 0.2903127675 0.2932024572 0.9109065902
0.5872718295 -0.8091041213 0.0215016080 0.7425615826 0.5280229314 -0.4120607721 0.3220467268 0.2579579516 0.9109026298
0.4905635765 -0.8711402713 0.0214943051 0.7982343017 0.4393408620 -0.4120699049 0.3495273623 0.2193039779 0.9108986707
0.3873763825 -0.9216712251 0.0214869975 0.8433647827 0.3448575249 -0.4120790347 0.3723914360 0.1777510627 0.9108947130
0.2790730466 -0.9600296130 0.0214796853 0.8773571146 0.2458207494 -0.4120881613 0.3903366857 0.1338480534 0.9108907566
0.1670839376 -0.9857088288 0.0214723686 0.8997624856 0.1435384873 -0.4120972849 0.4031258207 0.0881748687 0.9108868015
0.0528881030 -0.9983697213 0.0214650472 0.9102851091 0.0393615395 -0.4121064053 0.4105896597 0.0413348388 0.9108828478
-0.0620062649 -0.9978450728 0.0214577212 0.9087861285 -0.0653342840 -0.4121155226 0.4126293685 -0.0060532649 0.9108788955
-0.1760817476 -0.9841418083 0.0214503907 0.8952854491 -0.1691663331 -0.4121246368 0.4092177693 -0.0533634037 0.9108749445
-0.2878317414 -0.9574409037 0.0214430555 0.8699614745 -0.2707633776 -0.4121337479 0.4003997022 -0.0999705422 0.9108709948
-0.3957803547 -0.9180949956 0.0214357158 0.8331487484 -0.3687837161 -0.4121428559 0.3862914364 -0.1452589059 0.9108670465
-0.4985019008 -0.8666237245 0.0214283714 0.7853335356 -0.4619328945 -0.4121519608 0.3670791370 -0.1886301172 0.9108630995
-0.5946397267 -0.8037068714 0.0214210225 0.7271473985 -0.5489808006 -0.4121610626 0.3430164082 -0.2295111008 0.9108591539
-0.6829241308 -0.7301753805 0.0214136690 0.6593588553 -0.6287779085 -0.4121701612 0.3144209463 -0.2673616568 0.9108552097
-0.7621891318 -0.6470003843 0.0214063109 0.5828632296 -0.7002704591 -0.4121792567 0.2816703447 -0.3016815983 0.9108512668
-0.8313878677 -0.5552803783 0.0213989482 0.4986708250 -0.7625143757 -0.4121883491 0.2451971081 -0.3320173615 0.9108473252
-0.8896064224 -0.4562267128 0.0213915810 0.4078935820 -0.8146877301 -0.4121974384 0.2054829409 -0.3579679999 0.9108433850
-0.9360758955 -0.3511475949 0.0213842091 0.3117303923 -0.8561015966 -0.4122065246 0.1630523853 -0.3791904837 0.9108394462
-0.9701825574 -0.2414308106 0.0213768327 0.2114512650 -0.8862091488 -0.4122156076 0.1184658930 -0.3954042341 0.9108355087
-0.9914759549 -0.1285253963 0.0213694517 0.1083805540 -0.9046128799 -0.4122246875 0.0723124225 -0.4063948326 0.9108315726
-0.9996748602 -0.0139225014 0.0213620661 0.0038794677 -0.9110698510 -0.4122337642 0.0252016596 -0.4120168572 0.9108276378
-0.9946709857 0.1008643053 0.0213546760 -0.1006719081 -0.9054948976 -0.4122428378 -0.0222440373 -0.4121958058 0.9108237044
-0.9765304136 0.2143190258 0.0213472813 -0.2038928359 -0.8879617534 -0.4122519083 -0.0693978581 -0.4069290843 0.9108197723
-0.9454927238 0.3249432545 0.0213398820 -0.3044201612 -0.8587020749 -0.4122609757 -0.1156368222 -0.3962860431 0.9108158416
-0.9019678292 0.4312759678 0.0213324781 -0.4009263144 -0.8181023803 -0.4122700399 -0.1603500093 -0.3804070647 0.9108119123
-0.8465305625 0.5319128201 0.0213250697 -0.4921368425 -0.7666989443 -0.4122791009 -0.2029466308 -0.3595017117 0.9108079843
-0.7799130840 0.6255246908 0.0213176567 -0.5768472402 -0.7051707138 -0.4122881588 -0.2428638359 -0.3338459609 0.9108040577
-0.7029952124 0.7108752387 0.0213102391 -0.6539388554 -0.6343303407 -0.4122972136 -0.2795741489 -0.3037785607 0.9108001325
-0.6167928046 0.7868372298 0.0213028170 -0.7223936621 -0.5551134484 -0.4123062652 -0.3125924394 -0.2696965577 0.9107962086
-0.5224443394 0.8524074252 0.0212953903 -0.7813077040 -0.4685662747 -0.4123153137 -0.3414823332 -0.2320500542 0.9107922861
-0.4211958817 0.9067198311 0.0212879591 -0.8299030310 -0.3758318535 -0.4123243590 -0.3658619801 -0.1913362637 0.9107883650
-0.3143846253 0.9490571356 0.0212805233 -0.8675379721 -0.2781349192 -0.4123334012 -0.3854091000 -0.1480929439 0.9107844452
-0.2034212331 0.9788601830 0.0212730829 -0.8937156081 -0.1767657313 -0.4123424402 -0.3998652444 -0.1028912939 0.9107805268
-0.0897712056 0.9957353581 0.0212656380 -0.9080903332 -0.0730630345 -0.4123514761 -0.4090392126 -0.0563284095 0.9107766097
0.0250644732 0.9994597849 0.0212581885 -0.9104724169 0.0316036217 -0.4123605088 -0.4128095811 -0.0090193954 0.9107726941
0.1395691601 0.9899842705 0.0212507345 -0.9008305091 0.1358519697 -0.4123695383 -0.4111263107 0.0384107601 0.9107687798
0.2522305829 0.9674339545 0.0212432759 -0.8792920524 0.2383052791 -0.4123785647 -0.4040114104 0.0853354420 0.9107648668
0.3615608127 0.9321066564 0.0212358128 -0.8461415972 0.3376105374 -0.4123875879 -0.3915586499 0.1311346868 0.9107609553
0.4661159158 0.8844689426 0.0212283452 -0.8018170429 0.4324563186 -0.4123966079 -0.3739323237 0.1752033736 0.9107570451
0.5645150233 0.8251499639 0.0212208730 -0.7469038535 0.5215901018 -0.4124056248 -0.3513650837 0.2169592191 0.9107531363
0.6554585687 0.7549331471 0.0212133962 -0.6821273241 0.6038348116 -0.4124146384 -0.3241548680 0.2558504714 0.9107492288
0.7377454510 0.6747458474 0.0212059149 -0.6083430014 0.6781043625 -0.4124236490 -0.2926609679 0.2913632010 0.9107453228
0.8102888984 0.5856471016 0.0211984291 -0.5265253838 0.7434180010 -0.4124326563 -0.2572992836 0.3230280918 0.9107414181
0.8721308208 0.4888136409 0.0211909387 -0.4377550510 0.7989132569 -0.4124416605 -0.2185368316 0.3504266434 0.9107375148
0.9224544637 0.3855243496 0.0211834438 -0.3432043924 0.8438573321 -0.4124506615 -0.1768855774 0.3731967028 0.9107336128
0.9605951951 0.2771433755 0.0211759443 -0.2441221236 0.8776567770 -0.4124596593 -0.1328956733 0.3910372504 0.9107297123
0.9860492835 0.1651021128 0.0211684403 -0.1418167945 0.8998653268 -0.4124686539 -0.0871481917 0.4037123803 0.9107258131
0.9984805508 0.0508802979 0.0211609318 -0.0376395078 0.9101897931 -0.4124776453 -0.0402474496 0.4110544194 0.9107219153
0.9977248120 -0.0640135335 0.0211534188 0.0670339243 0.9084939351 -0.4124866336 0.0071869743 0.4129661456 0.9107180189
0.9837920439 -0.1780619699 0.0211459012 0.1708211497 0.8948002567 -0.4124956186 0.0545284246 0.4094220749 0.9107141239
0.9568662536 -0.2897587645 0.0211383791 0.2723515325 0.8692897085 -0.4125046005 0.1011514480 0.4004688016 0.9107102302
0.9173030478 -0.3976287283 0.0211308525 0.3702842535 0.8322992963 -0.4125135792 0.1464400563 0.3862243854 0.9107063380
0.8656249368 -0.5002472130 0.0211233213 0.4633260175 0.7843176292 -0.4125225547 0.1897958650 0.3668767947 0.9107024471
0.8025144334 -0.5962589268 0.0211157856 0.5502481321 0.7259784655 -0.4125315270 0.2306459999 0.3426814262 0.9106985576
0.7288050394 -0.6843958332 0.0211082454 0.6299027341 0.6580523419 -0.4125404961 0.2684506662 0.3139577340 0.9106946695
0.6454702369 -0.7634938989 0.0211007007 0.7012379471 0.5814363963 -0.4125494620 0.3027102818 0.2810850110 0.9106907828
0.5536106322 -0.8325084666 0.0210931515 0.7633117728 0.4971425185 -0.4125584246 0.3329720790 0.2444973811 0.9106868975
