1953
34158
-0.0537613464 0.9984410253 0.0150078862 -0.9250259590 -0.0441365028 -0.3773313454 -0.3760806998 -0.0341685254 0.9259567048
0.0611470585 0.9980157786 0.0150180881 -0.9239785254 0.0622890554 -0.3773377244 -0.3775244653 0.0091967010 0.9259539399
0.1752478528 0.9844096407 0.0150282869 -0.9107271470 0.1678912982 -0.3773441078 -0.3739842961 0.0524420758 0.9259511731
0.2870340966 0.9578023133 0.0150384824 -0.8854469179 0.2712754306 -0.3773504954 -0.3655067482 0.0949966807 0.9259484044
0.3950294189 0.9185452061 0.0150486747 -0.8484718084 0.3710759625 -0.3773568874 -0.3522035614 0.1362986957 0.9259456339
0.4978075160 0.8671567953 0.0150588638 -0.8002902537 0.4659747439 -0.3773632837 -0.3342501860 0.1758028170 0.9259428615
0.5940109894 0.8043157765 0.0150690496 -0.7415387016 0.5547183748 -0.3773696844 -0.3118834694 0.2129874561 0.9259400872
0.6823692723 0.7308521006 0.0150792323 -0.6729932053 0.6361347599 -0.3773760893 -0.2853985314 0.2473616266 0.9259373110
0.7617154110 0.6477360128 0.0150894117 -0.5955591726 0.7091485893 -0.3773824986 -0.2551448700 0.2784714275 0.9259345330
0.8310014759 0.5560652385 0.0150995879 -0.5102594060 0.7727955405 -0.3773889122 -0.2215217496 0.3059060363 0.9259317531
0.8893124025 0.4570504850 0.0151097608 -0.4182205938 0.8262350148 -0.3773953301 -0.1849729321 0.3293031346 0.9259289713
0.9358780762 0.3519994520 0.0151199305 -0.3206584271 0.8687612391 -0.3774017523 -0.1459808196 0.3483536928 0.9259261877
0.9700835031 0.2422995607 0.0151300970 -0.2188615429 0.8998125869 -0.3774081789 -0.1050600876 0.3628060519 0.9259234022
0.9914769329 0.1293996295 0.0151402602 -0.1141745032 0.9189789960 -0.3774146097 -0.0627508918 0.3724692480 0.9259206148
0.9997758243 0.0147907398 0.0151504202 -0.0079800358 0.9260073833 -0.3774210449 -0.0196117374 0.3772155354 0.9259178255
0.9948705772 -0.1000134572 0.0151605769 0.0983192294 0.9208049865 -0.3774274844 0.0237878927 0.3769820755 0.9259150344
0.9768259797 -0.2134967313 0.0151707304 0.2033192863 0.9034405889 -0.3774339282 0.0668750563 0.3717717687 0.9259122414
0.9458803528 -0.3241602984 0.0151808807 0.3056332968 0.8741436096 -0.3774403763 0.1090809152 0.3616532189 0.9259094466
0.9024424023 -0.4305426148 0.0151910276 0.4039099083 0.8333010726 -0.3774468287 0.1498482449 0.3467598294 0.9259066498
0.8470858214 -0.5312386805 0.0152011714 0.4968511018 0.7814524937 -0.3774532854 0.1886387920 0.3272880450 0.9259038512
0.7805417134 -0.6249185944 0.0152113119 0.5832293367 0.7192827543 -0.3774597464 0.2249403799 0.3034947605 0.9259010508
0.7036889363 -0.7103451192 0.0152214491 0.6619037629 0.6476130540 -0.3774662117 0.2582736720 0.2756939314 0.9258982485
0.6175424954 -0.7863900211 0.0152315831 0.7318352892 0.5673900637 -0.3774726813 0.2881985009 0.2442524315 0.9258954443
0.5232401379 -0.8520489705 0.0152417138 0.7921003070 0.4796734212 -0.3774791552 0.3143196806 0.2095852114 0.9258926382
0.4220273268 -0.9064548068 0.0152518412 0.8419028890 0.3856217344 -0.3774856334 0.3362922254 0.1721498220 0.9258898303
0.3152407915 -0.9488889902 0.0152619654 0.8805853004 0.2864772785 -0.3774921159 0.3538259064 0.1324403758 0.9258870206
0.2042908739 -0.9787910922 0.0152720863 0.9076366862 0.1835495868 -0.3774986027 0.3666890845 0.0909810252 0.9258842089
0.0906429014 -0.9957661968 0.0152822039 0.9226998173 0.0781981544 -0.3775050938 0.3747117714 0.0483190438 0.9258813954
-0.0242021652 -0.9995901161 0.0152923183 0.9255758081 -0.0281855188 -0.3775115892 0.3777878752 0.0050176020 0.9258785801
-0.1387275559 -0.9902123514 0.0153024294 0.9162267426 -0.1341963068 -0.3775180889 0.3758766040 -0.0383516668 0.9258757629
-0.2514207228 -0.9677567599 0.0153125372 0.8947761739 -0.2384340170 -0.3775245928 0.3690030065 -0.0812162126 0.9258729438
-0.3607933171 -0.9325199188 0.0153226417 0.8615074917 -0.3395218837 -0.3775311011 0.3572576439 -0.1230101276 0.9258701228
-0.4654008453 -0.8849672085 0.0153327430 0.8168601782 -0.4361247523 -0.3775376136 0.3407953968 -0.1631816174 0.9258673000
-0.5638617473 -0.8257266661 0.0153428409 0.7614240026 -0.5269667142 -0.3775441304 0.3198334226 -0.2012002857 0.9258644754
-0.6548756425 -0.7555806907 0.0153529356 0.6959312302 -0.6108479584 -0.3775506515 0.2946482915 -0.2365641381 0.9258616489
-0.7372405039 -0.6754557105 0.0153630270 0.6212469504 -0.6866606183 -0.3775571769 0.2655723368 -0.2688062097 0.9258588205
-0.8098685335 -0.5864099468 0.0153731151 0.5383576491 -0.7534034040 -0.3775637066 0.2329892704 -0.2975007313 0.9258559903
-0.8718005291 -0.4896194385 0.0153831999 0.4483581788 -0.8101948265 -0.3775702406 0.1973291182 -0.3222687520 0.9258531582
-0.9222185523 -0.3863625094 0.0153932814 0.3524372972 -0.8562848402 -0.3775767788 0.1590625453 -0.3427831438 0.9258503243
-0.9604567309 -0.2780028858 0.0154033597 0.2518619653 -0.8910647484 -0.3775833213 0.1186946438 -0.3587729220 0.9258474885
-0.9860100536 -0.1659716853 0.0154134346 0.1479606128 -0.9140752423 -0.3775898681 0.0767582657 -0.3700268248 0.9258446509
-0.9985410390 -0.0517485157 0.0154235062 0.0421055919 -0.9250124666 -0.3775964191 0.0338069897 -0.3763961048 0.9258418114
-0.9978841934 0.0631580658 0.0154335745 -0.0643049489 -0.9237320322 -0.3776029745 -0.0095921864 -0.3777964948 0.9258389700
-0.9840481960 0.1772304769 0.0154436395 -0.1698655321 -0.9102509219 -0.3776095341 -0.0528663307 -0.3742093228 0.9258361269
-0.9572157842 0.2889621524 0.0154537012 -0.2731819146 -0.8847472657 -0.3776160979 -0.0954441405 -0.3656817610 0.9258332818
-0.9177413404 0.3968774423 0.0154637596 -0.3728895028 -0.8475579867 -0.3776226661 -0.1367634849 -0.3523262054 0.9258304349
-0.8661462113 0.4995511002 0.0154738147 -0.4676713764 -0.7991743502 -0.3776292385 -0.1762788257 -0.3343187944 0.9258275862
-0.8031118225 0.5956271069 0.0154838665 -0.5562756816 -0.7402354742 -0.3776358151 -0.2134684208 -0.3118970861 0.9258247356
-0.7294706788 0.6838365794 0.0154939149 -0.6375321656 -0.6715198869 -0.3776423961 -0.2478412124 -0.2853569242 0.9258218831
-0.6461953693 0.7630145293 0.0155039601 -0.7103676328 -0.5939352432 -0.3776489813 -0.2789433114 -0.2550485343 0.9258190288
-0.5543857218 0.8321152488 0.0155140019 -0.7738201190 -0.5085063356 -0.3776555707 -0.3063639909 -0.2213719030 0.9258161727
-0.4552542779 0.8902261211 0.0155240404 -0.8270515962 -0.4163615578 -0.3776621644 -0.3297411101 -0.1847714984 0.9258133147
-0.3501102784 0.9365796739 0.0155340756 -0.8693590410 -0.3187180003 -0.3776687624 -0.3487658968 -0.1457304046 0.9258104549
-0.2403423719 0.9705637151 0.0155441074 -0.9001837191 -0.2168653747 -0.3776753646 -0.3631870263 -0.1047639454 0.9258075932
-0.1274002752 0.9917294181 0.0155541359 -0.9191185643 -0.1121489786 -0.3776819711 -0.3728139410 -0.0624128821 0.9258047297
-0.0127756263 0.9997972496 0.0155641611 -0.9259135541 -0.0059519263 -0.3776885819 -0.3775193686 -0.0192362759 0.9258018643
0.1020177156 0.9946606610 0.0155741830 -0.9204790112 0.1003231193 -0.3776951969 -0.3772410048 0.0241958927 0.9257989971
0.2154636639 0.9763874959 0.0155842015 -0.9028867868 0.2052724735 -0.3777018161 -0.3719823380 0.0673102476 0.9257961281
0.3260639274 0.9452190940 0.0155942167 -0.8733693109 0.3075099696 -0.3777084396 -0.3618126062 0.1095375870 0.9257932572
0.4323577990 0.9015671033 0.0156042285 -0.8323165213 0.4056852675 -0.3777150674 -0.3468658848 0.1503203980 0.9257903844
0.5329414466 0.8460080438 0.0156142370 -0.7802707123 0.4985016885 -0.3777216994 -0.3273393195 0.1891202170 0.9257875099
0.6264864543 0.7792756930 0.0156242422 -0.7179193711 0.5847333419 -0.3777283356 -0.3034905258 0.2254247395 0.9257846335
0.7117573664 0.7022513950 0.0156342440 -0.6460860968 0.6632413161 -0.3777349761 -0.2756341904 0.2587545841 0.9257817552
0.7876280046 0.6159524203 0.0156442424 -0.5657197212 0.7329887209 -0.3777416208 -0.2441379188 0.2886696226 0.9257788751
0.8530963411 0.5215185305 0.0156542375 -0.4778817762 0.7930543819 -0.3777482698 -0.2094173842 0.3147747920 0.9257759932
0.9072977326 0.4201969257 0.0156642293 -0.3837324720 0.8426450072 -0.3777549230 -0.1719308419 0.3367253117 0.9257731094
0.9495163398 0.3133257721 0.0156742177 -0.2845153726 0.8811056640 -0.3777615804 -0.1321730808 0.3542312373 0.9257702238
0.9791945813 0.2023165288 0.0156842027 -0.1815409702 0.9079284286 -0.3777682421 -0.0906688930 0.3670612903 0.9257673363
0.9959404977 0.0886353068 0.0156941844 -0.0761693761 0.9227590937 -0.3777749080 -0.0479661463 0.3750459137 0.9257644471
0.9995329283 -0.0262164943 0.0157041628 0.0302076447 0.9254018464 -0.3777815782 -0.0046285526 0.3780795129 0.9257615559
0.9899244316 -0.1407220155 0.0157141377 0.1361850555 0.9158218532 -0.3777882526 0.0387717736 0.3761218519 0.9257586630
0.9672419121 -0.2533689717 0.0157241093 0.2403631060 0.8941457192 -0.3777949312 0.0816618682 0.3691985874 0.9257557682
0.9317849443 -0.3626696244 0.0157340776 0.3413658202 0.8606598150 -0.3778016140 0.1234754812 0.3574009322 0.9257528716
0.8840218156 -0.4671804306 0.0157440424 0.4378591704 0.8158064933 -0.3778083011 0.1636605528 0.3408844537 0.9257499731
0.8245833421 -0.5655211077 0.0157540039 0.5285686964 0.7601782453 -0.3778149924 0.2016865020 0.3198670225 0.9257470728
0.7542545372 -0.6563928630 0.0157639620 0.6122963388 0.6945098744 -0.3778216880 0.2370512322 0.2946259386 0.9257441707
0.6739642434 -0.7385955471 0.0157739168 0.6879362620 0.6196687897 -0.3778283877 0.2692877608 0.2654942728 0.9257412668
0.5847728654 -0.8110435040 0.0157838682 0.7544894599 0.5366435487 -0.3778350917 0.2979703857 0.2328564714 0.9257383610
0.4878583651 -0.8727799098 0.0157938161 0.8110769503 0.4465307996 -0.3778417999 0.3227203067 0.1971432830 0.9257354534
0.3845007038 -0.9229894094 0.0158037607 0.8569513833 0.3505207960 -0.3778485123 0.3432106285 0.1588260735 0.9257325439
0.2760649380 -0.9610088849 0.0158137020 0.8915069120 0.2498816756 -0.3778552290 0.3591706779 0.1184106050 0.9257296327
0.1639831907 -0.9863362133 0.0158236398 0.9142871936 0.1459427099 -0.3778619498 0.3703895798 0.0764303594 0.9257267196
0.0497357374 -0.9986368982 0.0158335742 0.9249914156 0.0400767471 -0.3778686749 0.3767190433 0.0334394974 0.9257238046
-0.0651685444 -0.9977484874 0.0158435053 0.9234782684 -0.0663179212 -0.3778754042 0.3780753213 -0.0099944572 0.9257208879
-0.1792121028 -0.9836827186 0.0158534330 0.9097678107 -0.1718360284 -0.3778821377 0.3744403195 -0.0532981095 0.9257179693
-0.2908887541 -0.9566253638 0.0158633572 0.8840412032 -0.2750838942 -0.3778888754 0.3658618370 -0.0958997627 0.9257150489
-0.3987235748 -0.9169337762 0.0158732781 0.8466383155 -0.3746978319 -0.3778956173 0.3524529383 -0.1372369660 0.9257121267
-0.5012923816 -0.8651321704 0.0158831956 0.7980532354 -0.4693621600 -0.3779023634 0.3343904629 -0.1767639402 0.9257092026
-0.5972405403 -0.8019046989 0.0158931096 0.7389277427 -0.5578265795 -0.3779091138 0.3119126931 -0.2139587837 0.9257062767
-0.6853008565 -0.7280864166 0.0159030203 0.6700428314 -0.6389226875 -0.3779158683 0.2853162108 -0.2483303635 0.9257033490
-0.7643103120 -0.6446522518 0.0159129276 0.5923083933 -0.7115794089 -0.3779226271 0.2549519841 -0.2794248004 0.9257004195
-0.8332254242 -0.5527041305 0.0159228314 0.5067511996 -0.7748371428 -0.3779293900 0.2212207361 -0.3068314624 0.9256974882
-0.8911360281 -0.4534564228 0.0159327318 0.4145013385 -0.8278604360 -0.3779361572 0.1845676562 -0.3301883873 0.9256945550
-0.9372772964 -0.3482199050 0.0159426289 0.3167772882 -0.8699490171 -0.3779429285 0.1454765250 -0.3491870635 0.9256916200
-0.9710398407 -0.2383844476 0.0159525225 0.2148698230 -0.9005470451 -0.3779497041 0.1044633284 -0.3635765047 0.9256886832
-0.9919777599 -0.1254006591 0.0159624127 0.1101249638 -0.9192504494 -0.3779564838 0.0620694472 -0.3731665660 0.9256857446
-0.9998145290 -0.0107607282 0.0159722995 0.0039261999 -0.9258122667 -0.3779632678 0.0188545108 -0.3778304561 0.9256828041
-0.9944466513 0.1040212843 0.0159821828 -0.1023237846 -0.9201459014 -0.3779700559 -0.0246109906 -0.3775064138 0.9256798619
-0.9759450250 0.2174294415 0.0159920628 -0.2072216375 -0.9023262687 -0.3779768482 -0.0677532367 -0.3721985260 0.9256769178
-0.9445540072 0.3279659518 0.0160019393 -0.3093818740 -0.8725888037 -0.3779836447 -0.1100026527 -0.3619766763 0.9256739719
-0.9006881859 0.4341709498 0.0160118124 -0.4074551764 -0.8313263513 -0.3779904455 -0.1508014292 -0.3469756244 0.9256710242
-0.8449269053 0.5346417777 0.0160216820 -0.5001462153 -0.7790839763 -0.3779972504 -0.1896108861 -0.3273932306 0.9256680747
-0.7780066135 0.6280515097 0.0160315483 -0.5862307582 -0.7165517631 -0.3780040594 -0.2259185860 -0.3034878449 0.9256651233
-0.7008111368 0.7131664768 0.0160414111 -0.6645718389 -0.6445557006 -0.3780108727 -0.2592450993 -0.2755748995 0.9256621701
-0.6143600063 0.7888625605 0.0160512704 -0.7341347737 -0.5640467710 -0.3780176902 -0.2891503357 -0.2440227463 0.9256592152
-0.5197949932 0.8541400384 0.0160611264 -0.7940008274 -0.4760883894 -0.3780245118 -0.3152393553 -0.2092477962 0.9256562584
-0.4183650290 0.9081367882 0.0160709788 -0.8433793468 -0.3818423565 -0.3780313376 -0.3371675844 -0.1717090232 0.9256532998
-0.3114097110 0.9501396733 0.0160808279 -0.8816182029 -0.2825535136 -0.3780381676 -0.3546453667 -0.1319019071 0.9256503394
-0.2003416099 0.9795939616 0.0160906735 -0.9082124040 -0.1795332999 -0.3780450018 -0.3674417893 -0.0903518935 0.9256473772
-0.0866276137 0.9961106515 0.0161005156 -0.9228107640 -0.0741424306 -0.3780518402 -0.3753877334 -0.0476074579 0.9256444131
0.0282304452 0.9994716096 0.0161103544 -0.9252205402 0.0322270756 -0.3780586827 -0.3783781097 -0.0042328658 0.9256414473
0.1427156255 0.9896324518 0.0161201896 -0.9154099783 0.1381702828 -0.3780655294 -0.3763732480 0.0391992761 0.9256384796
0.2553159108 0.9667231290 0.0161300214 -0.8935087306 0.2422878939 -0.3780723803 -0.3693994233 0.0821155791 0.9256355102
0.3645441791 0.9310462108 0.0161398498 -0.8598061426 0.3432047333 -0.3780792353 -0.3575485123 0.1239494425 0.9256325389
0.4689578436 0.8830728899 0.0161496747 -0.8147474303 0.4395879093 -0.3780860945 -0.3409767818 0.1641485337 0.9256295658
0.5671779049 0.8234367582 0.0161594961 -0.7589277988 0.5301644191 -0.3780929579 -0.3199028294 0.2021820809 0.9256265909
0.6579071635 0.7529254396 0.0161693141 -0.6930845803 0.6137379624 -0.3780998255 -0.2946046992 0.2375478814 0.9256236143
0.7399473519 0.6724701869 0.0161791286 -0.6180874939 0.6892047413 -0.3781066972 -0.2654162134 0.2697789322 0.9256206358
0.8122149605 0.5831335835 0.0161889396 -0.5349271579 0.7555680391 -0.3781135730 -0.2327225682 0.2984495973 0.9256176555
0.8737555474 0.4860955091 0.0161987472 -0.4447020048 0.8119513839 -0.3781204531 -0.1969552494 0.3231812281 0.9256146734
0.9237563439 0.3826375569 0.0162085513 -0.3486037728 0.8576101249 -0.3781273373 -0.1585863383 0.3436471645 0.9256116895
0.9615569884 0.2741261080 0.0162183520 -0.2479017643 0.8919412664 -0.3781342256 -0.1181222810 0.3595770492 0.9256087037
0.9866582483 0.1619942847 0.0162281492 -0.1439260809 0.9144914313 -0.3781411182 -0.0760972033 0.3707603993 0.9256057162
0.9987286129 0.0477230236 0.0162379429 -0.0380500544 0.9249628491 -0.3781480148 -0.0330658605 0.3770493877 0.9256027269
0.9976086720 -0.0671784834 0.0162477331 0.0683278917 0.9232172870 -0.3781549157 0.0104036857 0.3783607966 0.9255997358
0.9833132211 -0.1811927212 0.0162575198 0.1738027133 0.9092778752 -0.3781618206 0.0537375663 0.3746771190 0.9255967429
0.9560310657 -0.2928138935 0.0162673031 0.2769813033 0.8833288003 -0.3781687298 0.0963636809 0.3660467926 0.9255937482
0.9161225280 -0.4005678098 0.0162770828 0.3765008920 0.8457128717 -0.3781756431 0.1377192506 0.3525835624 0.9255907517
0.8641146878 -0.5030313555 0.0162868591 0.4710470462 0.7969269924 -0.3781825605 0.1772582483 0.3344649821 0.9255877534
0.8006944213 -0.5988512866 0.0162966319 0.5593710299 0.7376155954 -0.3781894821 0.2144586080 0.3119300723 0.9255847532
0.7266993297 -0.6867621025 0.0163064012 0.6403062973 0.6685621308 -0.3781964078 0.2488291178 0.2852761674 0.9255817513
0.6431066763 -0.7656027596 0.0163161671 0.7127839001 0.5906787174 -0.3782033377 0.2799159064 0.2548549926 0.9255787476
0.5510204802 -0.8343320049 0.0163259294 0.7758466056 0.5049940941 -0.3782102717 0.3073084363 0.2210680224 0.9255757421
0.4516569350 -0.8920421281 0.0163356882 0.8286615389 0.4126400321 -0.3782172098 0.3306449258 0.1843611823 0.9255727348
0.3463283467 -0.9379709498 0.0163454436 0.8705311832 0.3148363859 -0.3782241521 0.3496171268 0.1452189636 0.9255697258
0.2364258016 -0.9715118877 0.0163551954 0.9009025913 0.2128749801 -0.3782310985 0.3639743966 0.1041580286 0.9255667149
0.1234007942 -0.9922219674 0.0163649437 0.9193746883 0.1081025475 -0.3782380491 0.3735270091 0.0617203907 0.9255637022
0.0087460573 -0.9998276732 0.0163746886 0.9257035681 0.0019029403 -0.3782450038 0.3781486620 0.0184662601 0.9255606877
-0.1060241528 -0.9942285600 0.0163844299 0.9198057137 -0.1043211475 -0.3782519627 0.3777781467 -0.0250333517 0.9255576715
-0.2193940553 -0.9754985801 0.0163941677 0.9017590996 -0.2091667074 -0.3782589256 0.3724201589 -0.0682041698 0.9255546534
-0.3298663639 -0.9438851063 0.0164039020 0.8718021607 -0.3112489470 -0.3782658927 0.3621452396 -0.1104762374 0.9255516336
-0.4359820616 -0.8998056649 0.0164136328 0.8303306420 -0.4092195808 -0.3782728640 0.3470888458 -0.1512914408 0.9255486119
-0.5363396699 -0.8438424211 0.0164233601 0.7778923709 -0.5017846375 -0.3782798393 0.3274495652 -0.1901108777 0.9255455885
-0.6296137585 -0.7767344906 0.0164330838 0.7151800202 -0.5877215510 -0.3782868188 0.3034864970 -0.2264219726 0.9255425633
-0.7145724501 -0.6993681775 0.0164428040 0.6430219585 -0.6658953070 -0.3782938024 0.2755158332 -0.2597452452 0.9255395363
-0.7900936903 -0.6127652692 0.0164525208 0.5623713085 -0.7352734345 -0.3783007901 0.2439066870 -0.2896406417 0.9255365075
-0.8551800659 -0.5180695413 0.0164622340 0.4742933569 -0.7949396415 -0.3783077820 0.2090762215 -0.3157133457 0.9255334769
-0.9089719788 -0.4165316517 0.0164719436 0.3799514838 -0.8441059168 -0.3783147780 0.1714841444 -0.3376189929 0.9255304446
-0.9507589977 -0.3094926228 0.0164816498 0.2805917957 -0.8821229373 -0.3783217781 0.1316266407 -0.3550682188 0.9255274104
-0.9799892415 -0.1983661307 0.0164913524 0.1775266669 -0.9084886433 -0.3783287823 0.0900298230 -0.3678304816 0.9255243745
-0.9962766679 -0.0846198345 0.0165010515 0.0721174050 -0.9228548691 -0.3783357906 0.0472427877 -0.3757371078 0.9255213368
-0.9994061713 0.0302440070 0.0165107470 -0.0342437297 -0.9250319402 -0.3783428030 0.0038303660 -0.3786835218 0.9255182973
-0.9893364245 0.1447083763 0.0165204390 -0.1401519132 -0.9149911777 -0.3783498196 -0.0396343321 -0.3766306289 0.9255152560
-0.9662004239 0.2572615319 0.0165301275 -0.2442083130 -0.8928652761 -0.3783568403 -0.0825774835 -0.3696053340 0.9255122129
-0.9303037329 0.3664169745 0.0165398124 -0.3450385633 -0.8589465498 -0.3783638650 -0.1244321279 -0.3577001892 0.9255091681
-0.8821204465 0.4707330795 0.0165494938 -0.4413109185 -0.8136830709 -0.3783708939 -0.1646456531 -0.3410721742 0.9255061215
-0.8222869299 0.5688321358 0.0165591717 -0.5317538415 -0.7576727502 -0.3783779269 -0.2026870912 -0.3199406270 0.9255030731
-0.7515934136 0.6594185424 0.0165688460 -0.6151727988 -0.6916554393 -0.3783849640 -0.2380541290 -0.2945843501 0.9255000229
-0.6709735568 0.7412959185 0.0165785168 -0.6904660365 -0.6165031572 -0.3783920052 -0.2702797412 -0.2653379324 0.9254969709
-0.5814921167 0.8133829051 0.0165881840 -0.7566391325 -0.5332085724 -0.3783990505 -0.2989383571 -0.2325873340 0.9254939172
-0.4843308857 0.8747274459 0.0165978476 -0.8128181297 -0.4428718907 -0.3784060999 -0.3236514812 -0.1967647930 0.9254908616
-0.3807730835 0.9245193614 0.0166075077 -0.8582610784 -0.3466863230 -0.3784131534 -0.3440926912 -0.1583431208 0.9254878043
-0.2721864098 0.9621010488 0.0166171643 -0.8923678356 -0.2459223247 -0.3784202110 -0.3599919503 -0.1178294615 0.9254847453
-0.1600049801 0.9869761675 0.0166268173 -0.9146879904 -0.1419108153 -0.3784272727 -0.3711391741 -0.0757585983 0.9254816844
-0.0457103862 0.9988161936 0.0166364667 -0.9249268120 -0.0360255989 -0.3784343385 -0.3773870069 -0.0326858939 0.9254786218
0.0691878721 0.9974647589 0.0166461125 -0.9229491421 0.0703347811 -0.3784414084 -0.3786527689 0.0108200405 0.9254755574
0.1831723228 0.9829397164 0.0166557548 -0.9087811784 0.1757655140 -0.3784484824 -0.3749195513 0.0541848510 0.9254724912
0.2947375631 0.9554329038 0.0166653936 -0.8826101279 0.2788740770 -0.3784555605 -0.3662364413 0.0968360245 0.9254694233
0.4024101415 0.9153076103 0.0166750287 -0.8447817333 0.3782986270 -0.3784626426 -0.3527178775 0.1382104459 0.9254663535
0.5047680176 0.8630937785 0.0166846603 -0.7957957052 0.4727259882 -0.3784697289 -0.3345421409 0.1777618337 0.9254632821
0.6004593434 0.7994810052 0.0166942884 -0.7362991210 0.5609089959 -0.3784768192 -0.3119490044 0.2149679525 0.9254602088
0.6882203169 0.7253094338 0.0167039128 -0.6670778777 0.6416829686 -0.3784839136 -0.2852365695 0.2493375082 0.9254571338
0.7668918735 0.6415586584 0.0167135337 -0.5890463103 0.7139810908 -0.3784910121 -0.2547573330 0.2804166360 0.9254540570
0.8354349937 0.5493347863 0.0167231510 -0.5032351150 0.7768485027 -0.3784981147 -0.2209135358 0.3077948933 0.9254509784
0.8929444257 0.4498558294 0.0167327647 -0.4107777347 0.8294549114 -0.3785052214 -0.1841518542 0.3311106803 0.9254478980
0.9386606406 0.3444356177 0.0167423748 -0.3128953878 0.8711055566 -0.3785123321 -0.1449575046 0.3500560163 0.9254448159
0.9719798641 0.2344664474 0.0167519814 -0.2108809380 0.9012503860 -0.3785194469 -0.1038478397 0.3643806070 0.9254417321
0.9924620502 0.1214006929 0.0167615843 -0.1060818178 0.9194913197 -0.3785265658 -0.0613655187 0.3738951522 0.9254386464
0.9998366930 0.0067316250 0.0167711837 0.0001177693 0.9255875067 -0.3785336888 -0.0180713449 0.3784738467 0.9254355590
0.9940063992 -0.1080263111 0.0167807795 0.1063151310 0.9194585057 -0.3785408158 0.0254631375 0.3780560440 0.9254324698
0.9750481742 -0.2213574967 0.0167903716 0.2111076133 0.9011853458 -0.3785479469 0.0686631890 0.3726470598 0.9254293789
0.9432124055 -0.3317651571 0.0167999602 0.3131111269 0.8710094558 -0.3785550821 0.1109584621 0.3623181041 0.9254262862
0.8989195550 -0.4377911291 0.0168095452 0.4109784280 0.8293294739 -0.3785622213 0.1517905310 0.3472053440 0.9254231917
0.8427546066 -0.5380351196 0.0168191266 0.5034169121 0.7766959822 -0.3785693646 0.1906202653 0.3275081088 0.9254200955
0.7754593397 -0.6311731990 0.0168287044 0.5892056873 0.7138042327 -0.3785765120 0.2269349477 0.3034862604 0.9254169975
0.6979225327 -0.7159752864 0.0168382786 0.6672116982 0.6414849644 -0.3785836635 0.2602550443 0.2754567657 0.9254138977
0.6111682245 -0.7913213958 0.0168478492 0.7364046919 0.5606934292 -0.3785908190 0.2901405369 0.2437895138 0.9254107962
0.5163421901 -0.8562164272 0.0168574162 0.7958708239 0.4724967750 -0.3785979785 0.3161967337 0.2089024351 0.9254076930
0.4146968083 -0.9098033096 0.0168669795 0.8448247280 0.3780599493 -0.3786051421 0.3380794819 0.1712559854 0.9254045879
0.3075745211 -0.9513743198 0.0168765393 0.8826198886 0.2786303125 -0.3786123098 0.3554997133 0.1313470691 0.9254014811
0.1963901040 -0.9803804296 0.0168860954 0.9087571787 0.1755211620 -0.3786194815 0.3682272629 0.0897024798 0.9253983726
0.0826119811 -0.9964385569 0.0168956479 0.9228914516 0.0700943856 -0.3786266573 0.3760939100 0.0468719473 0.9253952623
-0.0322571690 -0.9993366247 0.0169051968 0.9248360985 -0.0362575262 -0.3786338371 0.3789956014 0.0034208806 0.9253921502
-0.1467002584 -0.9890363622 0.0169147421 0.9145655124 -0.1421298727 -0.3786410210 0.3768938282 -0.0400770958 0.9253890364
-0.2592058271 -0.9656738103 0.0169242838 0.8922154250 -0.2461242962 -0.3786482090 0.3698161361 -0.0830477151 0.9253859208
-0.3682880045 -0.9295575245 0.0169338218 0.8580811132 -0.3468672519 -0.3786554010 0.3578557654 -0.1249236493 0.9253828035
-0.4725061336 -0.8811645002 0.0169433562 0.8126134979 -0.4430281488 -0.3786625970 0.3411704218 -0.1651519996 0.9253796844
-0.5704837976 -0.8211338723 0.0169528870 0.7564131873 -0.5333369243 -0.3786697971 0.3199801974 -0.2032015965 0.9253765636
-0.6609269987 -0.7502584747 0.0169624142 0.6902225430 -0.6166008190 -0.3786770012 0.2945646678 -0.2385700132 0.9253734410
-0.7426412479 -0.6694743686 0.0169719377 0.6149158740 -0.6917201294 -0.3786842093 0.2652592029 -0.2707901999 0.9253703166
-0.8145473406 -0.5798484802 0.0169814576 0.5314878883 -0.7577027332 -0.3786914215 0.2324505421 -0.2994366513 0.9253671906
-0.8756956096 -0.4825645098 0.0169909739 0.4410405535 -0.8136771915 -0.3786986378 0.1965716904 -0.3241310259 0.9253640627
-0.9252784679 -0.3789072979 0.0170004865 0.3447685417 -0.8589042588 -0.3787058580 0.1580962036 -0.3445471432 0.9253609331
-0.9626410738 -0.2702458568 0.0170099954 0.2439434495 -0.8927866457 -0.3787130823 0.1175319382 -0.3604152913 0.9253578018
-0.9872899801 -0.1580152896 0.0170195008 0.1398970024 -0.9148769070 -0.3787203107 0.0754143478 -0.3715257909 0.9253546687
-0.9988996507 -0.0436978366 0.0170290025 0.0340034650 -0.9248833507 -0.3787275431 0.0322994152 -0.3777317654 0.9253515338
-0.9973167598 0.0711967004 0.0170385005 -0.0723385108 -0.9226738897 -0.3787347795 -0.0112436871 -0.3789510828 0.9253483973
-0.9825622171 0.1851508989 0.0170479949 -0.1777243591 -0.9082777849 -0.3787420199 -0.0546401104 -0.3751674428 0.9253452589
-0.9548308916 0.2966597557 0.0170574857 -0.2807621515 -0.8818852584 -0.3787492644 -0.0973169191 -0.3664305942 0.9253421189
-0.9144890375 0.4042505642 0.0170669727 -0.3800909818 -0.8438449795 -0.3787565129 -0.1387106548 -0.3528556813 0.9253389770
-0.8620694576 0.5065023641 0.0170764562 -0.4743989405 -0.7946594587 -0.3787637654 -0.1782747752 -0.3346217265 0.9253358335
-0.7982644659 0.6020647086 0.0170859360 -0.5624404422 -0.7349784092 -0.3787710219 -0.2154868709 -0.3119692689 0.9253326881
-0.7239167444 0.6896754991 0.0170954121 -0.6430526766 -0.6655901650 -0.3787782825 -0.2498555629 -0.2851971916 0.9253295411
-0.6400082135 0.7681776549 0.0171048846 -0.7151709671 -0.5874112675 -0.3787855470 -0.2809269913 -0.2546587781 0.9253263923
-0.5476470640 0.8365343939 0.0171143534 -0.7778428314 -0.5014743588 -0.3787928156 -0.3082908091 -0.2207570504 0.9253232418
-0.4480531206 0.8938429258 0.0171238185 -0.8302405618 -0.4089145420 -0.3788000883 -0.3315856008 -0.1839394503 0.9253200895
-0.3425417318 0.9393463752 0.0171332800 -0.8716721567 -0.3109543883 -0.3788073649 -0.3505036565 -0.1446919339 0.9253169354
-0.2325063980 0.9724437780 0.0171427378 -0.9015904593 -0.2088877883 -0.3788146455 -0.3647950365 -0.1035325576 0.9253137797
-0.1194003672 0.9926980178 0.0171521919 -0.9196003838 -0.1040628622 -0.3788219302 -0.3742708730 -0.0610046398 0.9253106222
-0.0047174419 0.9998415993 0.0171616424 -0.9254641328 0.0021358466 -0.3788292188 -0.3788058667 -0.0176695893 0.9253074629
0.1100277498 0.9937801809 0.0171710891 -0.9191043367 0.1083056591 -0.3788365115 -0.3783399431 0.0259005064 0.9253043020
0.2233197577 0.9745938206 0.0171805322 -0.9006050749 0.2130442868 -0.3788438082 -0.3728790487 0.0691304329 0.9253011393
0.3336623247 0.9425359186 0.0171899717 -0.8702107639 0.3149683534 -0.3788511089 -0.3624950750 0.1114494433 0.9252979748
0.4395981476 0.8980298709 0.0171994074 -0.8283229285 0.4127316665 -0.3788584136 -0.3473249123 0.1522987933 0.9252948086
0.5397281238 0.8416634768 0.0172088395 -0.7754948970 0.5050429975 -0.3788657223 -0.3275686449 0.1911391183 0.9252916407
0.6327298298 0.7741811763 0.0172182679 -0.7124244918 0.5906831358 -0.3788730350 -0.3034869123 0.2274575552 0.9252884710
0.7173749861 0.6964742177 0.0172276926 -0.6399448121 0.6685209919 -0.3788803517 -0.2753974706 0.2607745145 0.9252852996
0.7925456792 0.6095688873 0.0172371136 -0.5590132290 0.7375285361 -0.3788876723 -0.2436710000 0.2906500131 0.9252821265
0.8572491262 0.5146129544 0.0172465309 -0.4706987400 0.7967943759 -0.3788949970 -0.2087262126 0.3166894848 0.9252789517
0.9106307863 0.4128605132 0.0172559445 -0.3761678488 0.8455357929 -0.3789023257 -0.1710243274 0.3385489913 0.9252757751
0.9519856469 0.3056554196 0.0172653544 -0.2766691576 0.8831090805 -0.3789096584 -0.1310629819 0.3559397652 0.9252725968
0.9807675347 0.1944135426 0.0172747607 -0.1735168752 0.9090180443 -0.3789169951 -0.0893696645 0.3686320246 0.9252694167
0.9965963287 0.0806040649 0.0172841632 -0.0680734580 0.9229205557 -0.3789243357 -0.0464947512 0.3764580091 0.9252662349
0.9992629810 -0.0342699208 0.0172935620 0.0382683850 0.9246330690 -0.3789316804 -0.0030042407 0.3793141972 0.9252630514
0.9887322772 -0.1486912630 0.0173029571 0.1441040877 0.9141330451 -0.3789390290 0.0405277179 0.3771626759 0.9252598662
0.9651433015 -0.2611487892 0.0173123486 0.2480357782 0.8915592479 -0.3789463816 0.0835264043 0.3700316437 0.9252566792
0.9288076000 -0.3701572633 0.0173217363 0.3486907420 0.8572099105 -0.3789537382 0.1254241146 0.3580150412 0.9252534905
0.8802050658 -0.4742770019 0.0173311203 0.4447395525 0.8115387952 -0.3789610988 0.1656676573 0.3412713136 0.9252503001
0.8199776007 -0.5721328879 0.0173405006 0.5349136298 0.7551491988 -0.3789684634 0.2037256562 0.3200213215 0.9252471080
0.7489206382 -0.6624325320 0.0173498772 0.6180219957 0.6887859839 -0.3789758319 0.2390955677 0.2945454276 0.9252439141
0.6679726375 -0.7439833412 0.0173592500 0.6929670036 0.6133257394 -0.3789832045 0.2713103159 0.2651797981 0.9252407185
0.5782026892 -0.8157082697 0.0173686192 0.7587588356 0.5297652018 -0.3789905810 0.2999444610 0.2323119664 0.9252375212
0.4807963960 -0.8766600432 0.0173779846 0.8145285750 0.4392080893 -0.3789979614 0.3246198178 0.1963757190 0.9252343222
0.3770402139 -0.9260336696 0.0173873463 0.8595396827 0.3428505237 -0.3790053459 0.3450104505 0.1578453708 0.9252311214
0.2683044621 -0.9631770711 0.0173967043 0.8931977241 0.2419652309 -0.3790127343 0.3608469777 0.1172295045 0.9252279189
0.1560252251 -0.9875996954 0.0174060586 0.9150582192 0.1378847307 -0.3790201267 0.3719201319 0.0750642575 0.9252247147
0.0416853857 -0.9989789948 0.0174154091 0.9248325132 0.0319837362 -0.3790275230 0.3780835241 0.0319062451 0.9252215088
-0.0732049588 -0.9971646864 0.0174247559 0.9223915868 -0.0743390035 -0.3790349234 0.3792555795 -0.0116747877 0.9252183011
-0.1871284413 -0.9821807362 0.0174340990 0.9077677604 -0.1796791782 -0.3790423276 0.3754206170 -0.0551034870 0.9252150918
-0.2985804647 -0.9542250429 0.0174434383 0.8811542652 -0.2826454647 -0.3790497359 0.3666290592 -0.0978064862 0.9252118807
-0.4060890730 -0.9136668241 0.0174527739 0.8429026905 -0.3818779031 -0.3790571481 0.3529967694 -0.1392199758 0.9252086679
-0.5082343918 -0.8610417399 0.0174621058 0.7935183386 -0.4760658592 -0.3790645643 0.3347035244 -0.1787971471 0.9252054534
-0.6036673806 -0.7970448185 0.0174714340 0.7336535501 -0.5639653349 -0.3790719844 0.3119906441 -0.2160154123 0.9252022371
-0.6911276496 -0.7225212766 0.0174807583 0.6640990864 -0.6444153983 -0.3790794085 0.2851578080 -0.2503833050 0.9251990192
-0.7694601060 -0.6384553567 0.0174900790 0.5857736844 -0.7163535168 -0.3790868366 0.2545591010 -0.2814469694 0.9251957995
-0.8376302091 -0.5459573279 0.0174993959 0.4997119216 -0.7788295904 -0.3790942685 0.2205983412 -0.3087961547 0.9251925782
-0.8947376337 -0.4462488228 0.0175087091 0.4070505500 -0.8310185000 -0.3791017045 0.1837237505 -0.3320696324 0.9251893551
-0.9400281607 -0.3406467028 0.0175180185 0.3090134815 -0.8722310043 -0.3791091444 0.1444220389 -0.3509599678 0.9251861303
-0.9729036379 -0.2305456662 0.0175273241 0.2068956220 -0.9019228427 -0.3791165883 0.1032119804 -0.3652175813 0.9251829038
-0.9929298802 -0.1173998288 0.0175366260 0.1020457676 -0.9197019227 -0.3791240361 0.0606375656 -0.3746540452 0.9251796755
-0.9998424033 -0.0027035185 0.0175459242 -0.0041512104 -0.9253334979 -0.3791314878 0.0172608204 -0.3791445748 0.9251764456
-0.9935499175 0.1120284598 0.0175552186 -0.1102926570 -0.9187432674 -0.3791389435 -0.0263456130 -0.3786296777 0.9251732140
-0.9741355323 0.2252808308 0.0175645092 -0.2149766603 -0.9000183557 -0.3791464031 -0.0696060360 -0.3731159427 0.9251699806
-0.9418556597 0.3355578609 0.0175737961 -0.3168205674 -0.8694061614 -0.3791538667 -0.1119492939 -0.3626759553 0.9251667455
-0.8971366270 0.4414031126 0.0175830792 -0.4144792466 -0.8273110883 -0.3791613342 -0.1528163167 -0.3474473419 0.9251635088
-0.8405690466 0.5414186799 0.0175923585 -0.5066628535 -0.7742892029 -0.3791688056 -0.1916675009 -0.3276309560 0.9251602703
-0.7729000153 0.6342836502 0.0176016341 -0.5921538668 -0.7110408891 -0.3791762810 -0.2279898340 -0.3034882291 0.9251570301
-0.6950232477 0.7187715501 0.0176109059 -0.6698231691 -0.6384015962 -0.3791837604 -0.2613036687 -0.2753377214 0.9251537882
-0.6079672725 0.7937665432 0.0176201740 -0.7386449593 -0.5573308038 -0.3791912436 -0.2911690569 -0.2435509188 0.9251505446
-0.5128818486 0.8582781672 0.0176294382 -0.7977103007 -0.4688993481 -0.3791987308 -0.3171915596 -0.2085473305 0.9251472993
-0.4110227803 0.9114544149 0.0176386987 -0.8462391258 -0.3742752774 -0.3792062219 -0.3390274562 -0.1707889526 0.9251440523
-0.3037353315 0.9525929866 0.0176479555 -0.8835905379 -0.2747084241 -0.3792137170 -0.3563882852 -0.1307741705 0.9251408036
-0.1924364586 0.9811505656 0.0176572084 -0.9092712757 -0.1715138961 -0.3792212159 -0.3690446539 -0.0890311802 0.9251375532
-0.0785960971 0.9967499936 0.0176664576 -0.9229422271 -0.0660547070 -0.3792287188 -0.3768292704 -0.0461110169 0.9251343011
0.0362822526 0.9991852519 0.0176757029 -0.9244229068 0.0402762273 -0.3792362256 -0.3796391543 -0.0025802801 0.9251310473
0.1506813818 0.9884241822 0.0176849445 -0.9136938398 0.1460744864 -0.3792437364 -0.3774369992 0.0409863454 0.9251277918
0.2630904111 0.9646089112 0.0176941823 -0.8908968167 0.2499426947 -0.3792512510 -0.3702516679 0.0840136769 0.9251245346
0.3720247455 0.9280539735 0.0177034163 -0.8563330205 0.3505089781 -0.3792587696 -0.3581778145 0.1259336273 0.9251212757
0.4760456807 0.8792421578 0.0177126466 -0.8104590471 0.4464450835 -0.3792662921 -0.3413746370 0.1661927055 0.9251180151
0.5737794047 0.8188181299 0.0177218730 -0.7538808740 0.5364839218 -0.3792738185 -0.3200637788 0.2042593247 0.9251147528
0.6639351419 0.7475799192 0.0177310956 -0.6873458550 0.6194363034 -0.3792813489 -0.2945264045 0.2396308211 0.9251114888
0.7453221999 0.6664683785 0.0177403145 -0.6117328486 0.6942066443 -0.3792888831 -0.2650994911 0.2718400917 0.9251082231
0.8168656958 0.5765547582 0.0177495295 -0.5280406091 0.7598074361 -0.3792964212 -0.2321713810 0.3004617627 0.9251049557
0.8776207515 0.4790265584 0.0177587408 -0.4373745943 0.8153722878 -0.3793039633 -0.1961766572 0.3251178073 0.9251016866
0.9267849733 0.3751718451 0.0177679482 -0.3409323637 0.8601673688 -0.3793115093 -0.1575904081 0.3454825384 0.9250984158
0.9637090488 0.2663622385 0.0177771518 -0.2399877609 0.8936011000 -0.3793190591 -0.1169219561 0.3612869108 0.9250951433
0.9879053227 0.1540347983 0.0177863517 -0.1358740881 0.9152319667 -0.3793266129 -0.0747081360 0.3723220756 0.9250918692
0.9990542368 0.0396730441 0.0177955477 -0.0299664954 0.9247743488 -0.3793341706 -0.0315062073 0.3784421401 0.9250885933
0.9970085508 -0.0752126380 0.0178047399 0.0763361826 0.9221022923 -0.3793417322 0.0121135009 0.3795660965 0.9250853158
0.9817952866 -0.1891049424 0.0178139283 0.1816299021 0.9072511720 -0.3793492977 0.0555751197 0.3756788945 0.9250820365
0.9536153714 -0.3004996839 0.0178231129 0.2845239554 0.8804172228 -0.3793568670 0.0983048431 0.3668316422 0.9250787556
0.9128409843 -0.4079256633 0.0178322937 0.3836593388 0.8419549472 -0.3793644403 0.1397385031 0.3531409351 0.9250754730
0.8600106401 -0.5099640976 0.0178414706 0.4777267020 0.7923724317 -0.3793720175 0.1793290191 0.3347873185 0.9250721887
0.7958220779 -0.6052673581 0.0178506437 0.5654836421 0.7323246348 -0.3793795985 0.2165536212 0.3120129075 0.9250689027
0.7211230454 -0.6925767686 0.0178598131 0.6457711120 0.6626047358 -0.3793871835 0.2509207529 0.2851181925 0.9250656150
0.6369001027 -0.7707392288 0.0178689785 0.7175287293 0.5841336570 -0.3793947723 0.2819765625 0.2544580749 0.9250623256
0.5442655926 -0.8387224432 0.0178781402 0.7798087805 0.4979479001 -0.3794023651 0.3093108962 0.2204371838 0.9250590346
0.4444429500 -0.8956285551 0.0178872980 0.8317887378 0.4051858544 -0.3794099617 0.3325627156 0.1835045357 0.9250557419
0.3387505436 -0.9407060041 0.0178964520 0.8727821222 0.3070727612 -0.3794175622 0.3514248659 0.1441476088 0.9250524474
0.2285842641 -0.9733594524 0.0179056022 0.9022475696 0.2049045295 -0.3794251666 0.3656481334 0.1028859086 0.9250491513
0.1153990887 -0.9931576472 0.0179147485 0.9197959798 0.1000306199 -0.3794327748 0.3750445385 0.0602641101 0.9250458536
0.0006898647 -0.9998391162 0.0179238910 0.9251956553 -0.0061637800 -0.3794403870 0.3794898201 0.0168448686 0.9250425541
-0.1140284327 -0.9933156210 0.0179330297 0.9183753598 -0.1122760509 -0.3794480030 0.3789250785 -0.0267986084 0.9250392529
-0.2272407088 -0.9736733225 0.0179421645 0.8994252584 -0.2169046677 -0.3794556229 0.3733575563 -0.0700901288 0.9250359501
-0.3374517600 -0.9411716425 0.0179512955 0.8685957254 -0.3186677112 -0.3794632467 0.3628605454 -0.1124581219 0.9250326456
-0.4432060203 -0.8962398378 0.0179604227 0.8262940366 -0.4162211198 -0.3794708743 0.3475724221 -0.1533431859 0.9250293394
-0.5431067855 -0.8394713306 0.0179695459 0.7730789885 -0.5082764417 -0.3794785058 0.3276948231 -0.1922054731 0.9250260315
-0.6358346594 -0.7716158717 0.0179786654 0.7096535169 -0.5936178523 -0.3794861412 0.3034899864 -0.2285318182 0.9250227220
-0.7201649795 -0.6935696375 0.0179877810 0.6368554116 -0.6711182126 -0.3794937805 0.2752772912 -0.2618425150 0.9250194108
-0.7949839906 -0.6063633948 0.0179968927 0.5556462500 -0.7397539552 -0.3795014236 0.2434290441 -0.2916976502 0.9250160979
-0.8593035548 -0.5111488870 0.0180060006 0.4670986958 -0.7986186034 -0.3795090706 0.2083655661 -0.3177029140 0.9250127833
-0.9122742014 -0.4091836231 0.0180151047 0.3723823304 -0.8469347426 -0.3795167215 0.1705496452 -0.3395148073 0.9250094671
-0.9531963464 -0.3018142693 0.0180242048 0.2727482044 -0.8840642878 -0.3795243762 0.1304804281 -0.3568451793 0.9250061491
-0.9815295315 -0.1904588638 0.0180333012 0.1695123137 -0.9095169103 -0.3795320348 0.0886868325 -0.3694650337 0.9250028295
-0.9968995620 -0.0765880882 0.0180423936 0.0640382168 -0.9229565131 -0.3795396972 0.0457205645 -0.3772075552 0.9249995083
-0.9991034489 0.0382941553 0.0180514822 -0.0422809749 -0.9242056687 -0.3795473635 0.0021488365 -0.3799703142 0.9249961853
-0.9881120897 0.1526706067 0.0180605670 -0.1480409976 -0.9132479617 -0.3795550336 -0.0414531213 -0.3777166218 0.9249928607
-0.9640706525 0.2650306866 0.0180696478 -0.2518449826 -0.8902282043 -0.3795627076 -0.0845096549 -0.3704760174 0.9249895344
-0.9272966590 0.3738904463 0.0180787248 -0.3523219060 -0.8554505228 -0.3795703855 -0.1264522862 -0.3583438811 0.9249862065
-0.8782757908 0.4778121669 0.0180877979 -0.4481446972 -0.8093743394 -0.3795780672 -0.1667272193 -0.3414801779 0.9249828769
-0.8176554748 0.5754233467 0.0180968672 -0.5380477659 -0.7526083031 -0.3795857527 -0.2048026517 -0.3201073479 0.9249795456
-0.7462363325 0.6654348287 0.0181059326 -0.6208437182 -0.6859022497 -0.3795934421 -0.2401757973 -0.2945073726 0.9249762126
-0.6649616063 0.7466578260 0.0181149941 -0.6954390387 -0.6101372972 -0.3796011354 -0.2723795250 -0.2650180548 0.9249728780
-0.5749047018 0.8180196224 0.0181240517 -0.7608485329 -0.5263142069 -0.3796088325 -0.3009885279 -0.2320285608 0.9249695417
-0.4772550111 0.8785777398 0.0181331054 -0.8162083390 -0.4355401644 -0.3796165334 -0.3256249402 -0.1959742847 0.9249662037
-0.3733022047 0.9275323855 0.0181421553 -0.8607873372 -0.3390141560 -0.3796242382 -0.3459633278 -0.1573311026 0.9249628641
-0.2644191982 0.9642370152 0.0181512013 -0.8939968046 -0.2380111309 -0.3796319468 -0.3617349873 -0.1166090909 0.9249595228
