1987
46576
-0.0243066713 -0.9996247864 -0.0126282318 0.9264571179 -0.0177777932 -0.3759802637 0.3756146887 -0.0208383439 0.9265416176
-0.1388354247 -0.9902350869 -0.0126173459 0.9183011125 -0.1239593719 -0.3759749206 0.3707395199 -0.0637851606 0.9265439340
-0.2515305953 -0.9677672431 -0.0126064574 0.8980159893 -0.2285041713 -0.3759695821 0.3609704179 -0.1058886531 0.9265462485
-0.3609038052 -0.9325179865 -0.0125955661 0.8658696208 -0.3300313376 -0.3759642482 0.3464364922 -0.1465930459 0.9265485609
-0.4655105496 -0.8849528543 -0.0125846722 0.8222865463 -0.4271998678 -0.3759589190 0.3273297481 -0.1853610497 0.9265508714
-0.5639692746 -0.8257000408 -0.0125737756 0.7678423650 -0.5187263223 -0.3759535944 0.3039025498 -0.2216809535 0.9265531798
-0.6549796235 -0.7555421014 -0.0125628763 0.7032561344 -0.6034017769 -0.3759482744 0.2764642873 -0.2550733790 0.9265554863
-0.7373396107 -0.6754056163 -0.0125519744 0.6293808735 -0.6801077912 -0.3759429590 0.2453772903 -0.2850976076 0.9265577907
-0.8099614964 -0.5863489541 -0.0125410697 0.5471922963 -0.7478311812 -0.3759376482 0.2110520438 -0.3113573968 0.9265600932
-0.8718861529 -0.4895482933 -0.0125301624 0.4577759253 -0.8056774022 -0.3759323421 0.1739417678 -0.3335062102 0.9265623936
-0.9222957315 -0.3862820885 -0.0125192524 0.3623127542 -0.8528823649 -0.3759270406 0.1345364328 -0.3512517897 0.9265646920
-0.9605244643 -0.2779141861 -0.0125083397 0.2620636493 -0.8888225280 -0.3759217437 0.0933562913 -0.3643600127 0.9265669884
-0.9860674569 -0.1658758112 -0.0124974244 0.1583526964 -0.9130231350 -0.3759164515 0.0509450087 -0.3726579802 0.9265692828
-0.9985873568 -0.0516466658 -0.0124865064 0.0525497121 -0.9251644852 -0.3759111639 0.0078624860 -0.3760362978 0.9265715752
-0.9979188085 0.0632646140 -0.0124755857 -0.0539478485 -0.9250861573 -0.3759058809 -0.0353225322 -0.3744505178 0.9265738656
-0.9840706381 0.1773403827 -0.0124646624 -0.1597333497 -0.9127891290 -0.3759006026 -0.0780399651 -0.3679217236 0.9265761540
-0.9572257363 0.2890740289 -0.0124537364 -0.2634095543 -0.8884357649 -0.3758953289 -0.1197259220 -0.3565362498 0.9265784404
-0.9177386430 0.3969898735 -0.0124428078 -0.3636070787 -0.8523476727 -0.3758900598 -0.1598301456 -0.3404445404 0.9265807247
-0.8661308650 0.4996626593 -0.0124318765 -0.4590024798 -0.8050014560 -0.3758847954 -0.1978232751 -0.3198591608 0.9265830071
-0.8030839886 0.5957363741 -0.0124209426 -0.5483357356 -0.7470224199 -0.3758795356 -0.2332038342 -0.2950519900 0.9265852874
-0.7294306775 0.6839421601 -0.0124100060 -0.6304268884 -0.6791763127 -0.3758742804 -0.2655048494 -0.2663506296 0.9265875658
-0.6461436762 0.7631150718 -0.0123990667 -0.7041916299 -0.6023592124 -0.3758690299 -0.2943000138 -0.2341340778 0.9265898421
-0.5543229625 0.8322094614 -0.0123881248 -0.7686556235 -0.5175856918 -0.3758637841 -0.3192093134 -0.1988277244 0.9265921164
-0.4551812201 0.8903127890 -0.0123771803 -0.8229673742 -0.4259754180 -0.3758585428 -0.3399040421 -0.1608977345 0.9265943887
-0.3500278229 0.9366576746 -0.0123662331 -0.8664094758 -0.3287383646 -0.3758533063 -0.3561111391 -0.1208448930 0.9265966590
-0.2402515416 0.9706320331 -0.0123552833 -0.8984080870 -0.2271588303 -0.3758480743 -0.3676167922 -0.0791979928 0.9265989273
-0.1273022022 0.9917871580 -0.0123443309 -0.9185405116 -0.1225784761 -0.3758428470 -0.3742692584 -0.0365068541 0.9266011935
-0.0126715382 0.9998436478 -0.0123333758 -0.9265407824 -0.0163786044 -0.3758376244 -0.3759808648 0.0066649348 0.9266034578
0.1021265114 0.9946950958 -0.0123224181 -0.9223031744 0.0900380850 -0.3758324064 -0.3727291646 0.0497474578 0.9266057200
0.2155757961 0.9764094961 -0.0123114577 -0.9058836027 0.1952660221 -0.3758271931 -0.3645572308 0.0921719940 0.9266079802
0.3261779786 0.9452283450 -0.0123004948 -0.8774988839 0.2979153316 -0.3758219844 -0.3515730863 0.1333785256 0.9266102384
0.4324723230 0.9015634516 -0.0122895292 -0.8375238738 0.3966301909 -0.3758167803 -0.3339482754 0.1728231301 0.9266124946
0.5330549870 0.8459914998 -0.0122785609 -0.7864865166 0.4901067382 -0.3758115809 -0.3119155976 0.2099851600 0.9266147487
0.6265975630 0.7792464310 -0.0122675901 -0.7250608724 0.5771102940 -0.3758063862 -0.2857660327 0.2443741153 0.9266170009
0.7118646219 0.7022097517 -0.0122566167 -0.6540582147 0.6564916700 -0.3758011961 -0.2558448979 0.2755361172 0.9266192510
0.7877300303 0.6158988908 -0.0122456406 -0.5744163161 0.7272023475 -0.3757960107 -0.2225472876 0.3030598987 0.9266214991
0.8531918227 0.5214537628 -0.0122346619 -0.4871870618 0.7883083273 -0.3757908300 -0.1863128564 0.3265822322 0.9266237452
0.9073854353 0.4201217126 -0.0122236806 -0.3935225574 0.8390024667 -0.3757856539 -0.1476200143 0.3457927232 0.9266259893
0.9495951241 0.3132410418 -0.0122126967 -0.2946599114 0.8786151408 -0.3757804824 -0.1069796095 0.3604379060 0.9266282313
0.9792634179 0.2022233336 -0.0122017102 -0.1919048962 0.9066230876 -0.3757753156 -0.0649281848 0.3703245879 0.9266304713
0.9959984808 0.0885348098 -0.0121907211 -0.0866147014 0.9226563202 -0.3757701535 -0.0220208932 0.3753223977 0.9266327094
0.9995792876 -0.0263230334 -0.0121797294 0.0198199923 0.9265030144 -0.3757649961 0.0211758306 0.3753655049 0.9266349453
0.9899585425 -0.1408332564 -0.0121687351 0.1259933811 0.9181123069 -0.3757598433 0.0640917478 0.3704534867 0.9266371793
0.9672633042 -0.2534835099 -0.0121577382 0.2305031059 0.8975949684 -0.3757546951 0.1061603436 0.3606513316 0.9266394113
0.9317933077 -0.3627860092 -0.0121467387 0.3319687754 0.8652219406 -0.3757495517 0.1468263052 0.3460885796 0.9266416412
0.8840170056 -0.4672971835 -0.0121357366 0.4290501986 0.8214207590 -0.3757444129 0.1855528518 0.3269576105 0.9266438691
0.8245653815 -0.5656367407 -0.0121247320 0.5204650862 0.7667699058 -0.3757392788 0.2218288206 0.3035111021 0.9266460949
0.7542236164 -0.6565058981 -0.0121137247 0.6050059877 0.7019911708 -0.3757341493 0.2551754129 0.2760586929 0.9266483188
0.6739207186 -0.7387045346 -0.0121027149 0.6815562403 0.6279401178 -0.3757290245 0.2851525144 0.2449628934 0.9266505406
0.5847172546 -0.8111470415 -0.0120917024 0.7491047178 0.5455947850 -0.3757239044 0.3113645033 0.2106342985 0.9266527604
0.4877913421 -0.8728766600 -0.0120806874 0.8067591870 0.4560427676 -0.3757187890 0.3334654717 0.1735261667 0.9266549782
0.3844230900 -0.9230781175 -0.0120696699 0.8537580922 0.3604668529 -0.3757136782 0.3511637907 0.1341284348 0.9266571939
0.2759776925 -0.9610883946 -0.0120586497 0.8894806153 0.2601293982 -0.3757085721 0.3642259577 0.0929612496 0.9266594077
0.1638873984 -0.9864054822 -0.0120476270 0.9134548759 0.1563556582 -0.3757034707 0.3724796778 0.0505681008 0.9266616194
0.0496325956 -0.9986950113 -0.0120366017 0.9253641647 0.0505162802 -0.3756983740 0.3758161362 0.0075086456 0.9266638290
-0.0652777408 -0.9977946693 -0.0120255738 0.9250511274 -0.0559907987 -0.3756932819 0.3741914325 -0.0356486793 0.9266660367
-0.1793259775 -0.9837163435 -0.0120145434 0.9125198441 -0.1617588159 -0.3756881945 0.3676271587 -0.0783341620 0.9266682423
-0.2910058668 -0.9566459644 -0.0120035104 0.8879357756 -0.2653907645 -0.3756831118 0.3562101121 -0.1199843359 0.9266704459
-0.3988424393 -0.9169410500 -0.0119924748 0.8516235789 -0.3655178446 -0.3756780338 0.3400911473 -0.1600494177 0.9266726474
-0.5014114847 -0.8651259840 -0.0119814367 0.8040628200 -0.4608175433 -0.3756729605 0.3194831834 -0.1980005647 0.9266748469
-0.5973583608 -0.8018850905 -0.0119703960 0.7458816402 -0.5500311027 -0.3756678919 0.2946583913 -0.2333368547 0.9266770444
-0.6854158851 -0.7280535958 -0.0119593528 0.6778484600 -0.6319801461 -0.3756628279 0.2659445991 -0.2655918985 0.9266792399
-0.7644210698 -0.6446065978 -0.0119483070 0.6008618306 -0.7055822428 -0.3756577686 0.2337209629 -0.2943399950 0.9266814333
-0.8333304826 -0.5526461876 -0.0119372587 0.5159385662 -0.7698652053 -0.3756527140 0.1984129602 -0.3192017496 0.9266836247
-0.8912340264 -0.4533868942 -0.0119262078 0.4242003139 -0.8239799307 -0.3756476641 0.1604867719 -0.3398490813 0.9266858141
-0.9373669598 -0.3481396440 -0.0119151544 0.3268587397 -0.8672116161 -0.3756426189 0.1204431273 -0.3560095520 0.9266880014
-0.9711199971 -0.2382944474 -0.0119040985 0.2251995246 -0.8989892012 -0.3756375784 0.0788106932 -0.3674699614 0.9266901867
-0.9920473548 -0.1253020408 -0.0118930400 0.1205653836 -0.9188929107 -0.3756325426 0.0361390941 -0.3740791592 0.9266923700
-0.9998726396 -0.0106547266 -0.0118819789 0.0143383311 -0.9266598000 -0.3756275114 -0.0070083438 -0.3757500391 0.9266945512
-0.9944924986 0.1041333360 -0.0118709154 -0.0920785727 -0.9221872289 -0.3756224850 -0.0500620290 -0.3724606867 0.9266967304
-0.9759779844 0.2175461285 -0.0118598493 -0.1972797542 -0.9055342180 -0.3756174632 -0.0924536243 -0.3642546665 0.9266989076
-0.9445736167 0.3280857953 -0.0118487806 -0.2998756907 -0.8769206694 -0.3756124462 -0.1336235488 -0.3512404455 0.9267010827
-0.9006941531 0.4342924260 -0.0118377095 -0.3985112641 -0.8367244636 -0.3756074338 -0.1730283647 -0.3335899589 0.9267032558
-0.8449191111 0.5347633367 -0.0118266358 -0.4918836594 -0.7854764688 -0.3756024262 -0.2101479508 -0.3115363392 0.9267054268
-0.7779851148 0.6281715957 -0.0118155596 -0.5787595731 -0.7238535295 -0.3755974232 -0.2444923672 -0.2853708362 0.9267075959
-0.7007761659 0.7132835478 -0.0118044808 -0.6579915030 -0.6526695276 -0.3755924250 -0.2756083223 -0.2554389714 0.9267097628
-0.6143119686 0.7889751079 -0.0117933996 -0.7285329049 -0.5728646331 -0.3755874314 -0.3030851558 -0.2221359747 0.9267119278
-0.5197344629 0.8542466067 -0.0117823158 -0.7894520164 -0.4854928863 -0.3755824425 -0.3265602576 -0.1859015661 0.9267140907
-0.4182927420 0.9082359936 -0.0117712296 -0.8399441640 -0.3917082768 -0.3755774584 -0.3457238542 -0.1472141493 0.9267162516
-0.3113265562 0.9502302218 -0.0117601408 -0.8793423920 -0.2927495016 -0.3755724790 -0.3603230953 -0.1065844962 0.9267184104
-0.2002486183 0.9796746657 -0.0117490495 -0.9071262725 -0.1899236046 -0.3755675042 -0.3701653910 -0.0645490023 0.9267205672
-0.0865259457 0.9961804461 -0.0117379557 -0.9229287798 -0.0845887130 -0.3755625342 -0.3751209514 -0.0216626063 0.9267227219
0.0283395144 0.9995295657 -0.0117268594 -0.9265411390 0.0218639006 -0.3755575688 -0.3751244988 0.0215085368 0.9267248746
0.1428307213 0.9896777890 -0.0117157606 -0.9179155843 0.1280281946 -0.3755526082 -0.3701761273 0.0643945292 0.9267270253
0.2554355771 0.9667552259 -0.0117046593 -0.8971659901 0.2325019292 -0.3755476523 -0.3603412996 0.1064292535 0.9267291739
0.3646668964 0.9310646140 -0.0116935555 -0.8645663683 0.3339051879 -0.3755427011 -0.3457499812 0.1470578461 0.9267313205
0.4690820483 0.8830773196 -0.0116824492 -0.8205472493 0.4308986034 -0.3755377546 -0.3265949227 0.1857440207 0.9267334650
0.5673020090 0.8234271130 -0.0116713404 -0.7656899967 0.5222010489 -0.3755328129 -0.3031291137 0.2219771478 0.9267356075
0.6580295749 0.7529017981 -0.0116602291 -0.7007191284 0.6066065591 -0.3755278758 -0.2756624415 0.2552789941 0.9267377480
0.7400664952 0.6724328076 -0.0116491153 -0.6264927484 0.6830002600 -0.3755229435 -0.2445575984 0.2852100349 0.9267398864
0.8123292969 0.5830829019 -0.0116379991 -0.5439912128 0.7503730940 -0.3755180158 -0.2102252930 0.3113752550 0.9267420228
0.8738635945 0.4860321325 -0.0116268804 -0.4543041823 0.8078351484 -0.3755130929 -0.1731188267 0.3334293615 0.9267441571
0.9238566950 0.3825622579 -0.0116157592 -0.3586162293 0.8546274105 -0.3755081747 -0.1337281090 0.3510813410 0.9267462894
0.9616483310 0.2740398144 -0.0116046355 -0.2581911930 0.8901317929 -0.3755032613 -0.0925731891 0.3640982992 0.9267484196
0.9867393809 0.1618980687 -0.0115935093 -0.1543554863 0.9138792979 -0.3754983525 -0.0501973899 0.3723085337 0.9267505478
0.9987984612 0.0476180881 -0.0115823807 -0.0484805767 0.9255562132 -0.3754934485 -0.0071601357 0.3756037990 0.9267526739
0.9976663028 -0.0672908193 -0.0115712496 0.0580351281 0.9250082558 -0.3754885492 0.0359704335 0.3739407337 0.9267547980
0.9833578549 -0.1813110392 -0.0115601160 0.1637847508 0.9122426106 -0.3754836546 0.0786249620 0.3673414304 0.9267569201
0.9560620872 -0.2929366936 -0.0115489799 0.2673715262 0.8874278361 -0.3754787647 0.1202403941 0.3558931431 0.9267590400
0.9161394946 -0.4006935295 -0.0115378414 0.3674272509 0.8508916388 -0.3754738796 0.1602674069 0.3397471329 0.9267611580
0.8641173360 -0.5031583894 -0.0115267005 0.4626303540 0.8031165458 -0.3754689992 0.1981776608 0.3191166698 0.9267632739
0.8006826705 -0.5989780071 -0.0115155570 0.5517233535 0.7447335316 -0.3754641235 0.2334707739 0.2942742153 0.9267653877
0.7266732840 -0.6868868807 -0.0115044112 0.6335294655 0.6765136850 -0.3754592525 0.2656809264 0.2655478246 0.9267674995
0.6430666238 -0.7657239857 -0.0114932628 0.7069681476 0.5993580250 -0.3754543863 0.2943830084 0.2333168139 0.9267696093
0.5509668899 -0.8344481094 -0.0114821120 0.7710693714 0.5142856004 -0.3754495248 0.3191982310 0.1980067521 0.9267717170
0.4515904516 -0.8921516021 -0.0114709588 0.8249864355 0.4224200308 -0.3754446681 0.3397991249 0.1600838418 0.9267738226
0.3462497825 -0.9380723645 -0.0114598031 0.8680071493 0.3249746656 -0.3754398160 0.3559138616 0.1200487636 0.9267759262
0.2363361270 -0.9716039129 -0.0114486450 0.8995632402 0.2232365587 -0.3754349687 0.3673298408 0.0784300663 0.9267780278
0.1233011260 -0.9923033892 -0.0114374844 0.9192378603 0.1185494685 -0.3754301262 0.3738964943 0.0357771886 0.9267801273
0.0086376443 -0.9998974099 -0.0114263214 0.9267710928 0.0122961105 -0.3754252884 0.3755272727 -0.0073467943 0.9267822247
-0.1061399451 -0.9942856764 -0.0114151560 0.9220633857 -0.0941201069 -0.3754204553 0.3722007856 -0.0503726039 0.9267843201
-0.2195157619 -0.9755423001 -0.0114039881 0.9051768672 -0.1992936178 -0.3754156269 0.3639610822 -0.0927322736 0.9267864134
-0.3299924386 -0.9439148236 -0.0113928178 0.8763345262 -0.3018352645 -0.3754108033 0.3509170680 -0.1338666460 0.9267885047
-0.4361108968 -0.8998209510 -0.0113816450 0.8359172673 -0.4003906455 -0.3754059844 0.3332410657 -0.1732327541 0.9267905939
-0.5364696169 -0.8438430319 -0.0113704698 0.7844588807 -0.4936580049 -0.3754011703 0.3111665383 -0.2103109881 0.9267926811
-0.6297431489 -0.7767203698 -0.0113592922 0.7226389922 -0.5804054265 -0.3753963609 0.2849850054 -0.2446119539 0.9267947662
-0.7146996169 -0.6993394584 -0.0113481122 0.6512740874 -0.6594871056 -0.3753915563 0.2550421940 -0.2756829329 0.9267968493
-0.7902169892 -0.6127222732 -0.0113369298 0.5713067279 -0.7298584834 -0.3753867564 0.2217334723 -0.3031138567 0.9267989303
-0.8552978970 -0.5180127748 -0.0113257449 0.4837931020 -0.7905900440 -0.3753819612 0.1854986302 -0.3265427193 0.9268010092
-0.9090828070 -0.4164617999 -0.0113145576 0.3898890754 -0.8408795922 -0.3753771708 0.1468160716 -0.3456603546 0.9268030861
-0.9508613729 -0.3094105419 -0.0113033680 0.2908349243 -0.8800628496 -0.3753723852 0.1061964989 -0.3602145157 0.9268051609
-0.9800818174 -0.1982728372 -0.0112921759 0.1879389540 -0.9076222294 -0.3753676043 0.0641761701 -0.3700132035 0.9268072337
-0.9963582197 -0.0845164929 -0.0112809814 0.0825602188 -0.9231936728 -0.3753628281 0.0213098192 -0.3749271994 0.9268093044
-0.9994756121 0.0303560990 -0.0112697844 -0.0239094283 -0.9265714589 -0.3753580567 -0.0218366669 -0.3748917694 0.9268113731
-0.9893928196 0.1448278036 -0.0112585851 -0.1300637195 -0.9177109221 -0.3753532900 -0.0646937191 -0.3699075165 0.9268134397
-0.9662430034 0.2573867803 -0.0112473834 -0.2345005464 -0.8967290428 -0.3753485281 -0.1066956045 -0.3600403716 0.9268155042
-0.9303319024 0.3665464496 -0.0112361793 -0.3358404793 -0.8639029031 -0.3753437710 -0.1472878945 -0.3454207206 0.9268175667
-0.8821337951 0.4708651266 -0.0112249728 -0.4327449871 -0.8196660279 -0.3753390186 -0.1859347833 -0.3262416822 0.9268196271
-0.8222852363 0.5689650618 -0.0112137639 -0.5239341170 -0.7646026590 -0.3753342709 -0.2221261603 -0.3027565562 0.9268216854
-0.7515766496 0.6595506368 -0.0112025526 -0.6082034010 -0.6994400391 -0.3753295280 -0.2553843430 -0.2752754786 0.9268237417
-0.6709418885 0.7414254758 -0.0111913389 -0.6844397646 -0.6250388073 -0.3753247899 -0.2852703820 -0.2441613260 0.9268257959
-0.5814459027 0.8135082465 -0.0111801228 -0.7516362291 -0.5423816316 -0.3753200565 -0.3113898543 -0.2098249237 0.9268278481
-0.4842706734 0.8748469412 -0.0111689043 -0.8089052125 -0.4525602300 -0.3753153279 -0.3333980685 -0.1727196216 0.9268298982
-0.3806996028 0.9246314501 -0.0111576835 -0.8554902533 -0.3567609522 -0.3753106041 -0.3510046139 -0.1333353084 0.9268319462
-0.2721005640 0.9622042608 -0.0111464603 -0.8907760025 -0.2562491094 -0.3753058850 -0.3639771921 -0.0921919437 0.9268339922
-0.1599078355 0.9870691418 -0.0111352347 -0.9142963520 -0.1523522627 -0.3753011706 -0.3721446826 -0.0498326934 0.9268360361
-0.0456031581 0.9988976967 -0.0111240067 -0.9257405916 -0.0464426888 -0.3752964611 -0.3753993993 -0.0068167593 0.9268380780
0.0693038340 0.9975337011 -0.0111127763 -0.9249575134 0.0600807457 -0.3752917563 -0.3736985107 0.0362880035 0.9268401178
0.1832955513 0.9829951661 -0.0111015436 -0.9119574100 0.1658110602 -0.3752870562 -0.3670646035 0.0789125829 0.9268421555
0.2948664924 0.9554741005 -0.0110903085 -0.8869119390 0.2693517441 -0.3752823610 -0.3555853823 0.1204943205 0.9268441911
0.4025431267 0.9153339747 -0.0110790711 -0.8501518562 0.3693352020 -0.3752776705 -0.3394125108 0.1604843397 0.9268462247
0.5049033559 0.8631049208 -0.0110678313 -0.8021626481 0.4644408174 -0.3752729847 -0.3187596072 0.1983547902 0.9268482562
0.6005952955 0.7994767306 -0.0110565891 -0.7435781197 0.5534123961 -0.3752683038 -0.2938994231 0.2336058155 0.9268502857
0.6883551298 0.7252897460 -0.0110453446 -0.6751720237 0.6350747580 -0.3752636276 -0.2651602416 0.2657721507 0.9268523130
0.7670238028 0.6415237600 -0.0110340977 -0.5978478414 0.7083492602 -0.3752589561 -0.2329215416 0.2944292631 0.9268543384
0.8355623262 0.5492850771 -0.0110228484 -0.5126268497 0.7722680436 -0.3752542895 -0.1976089877 0.3191989551 0.9268563616
0.8930655015 0.4497919017 -0.0110115968 -0.4206346325 0.8259868176 -0.3752496276 -0.1596888098 0.3397543559 0.9268583828
0.9387738750 0.3443582495 -0.0110003429 -0.3230862141 0.8687960119 -0.3752449705 -0.1196616471 0.3558242342 0.9268604019
0.9720837683 0.2343765932 -0.0109890866 -0.2212700111 0.9001301494 -0.3752403182 -0.0780559392 0.3671965778 0.9268624189
0.9925552506 0.1212994716 -0.0109778280 -0.1165308152 0.9195753153 -0.3752356706 -0.0354209489 0.3737213904 0.9268644339
0.9999179496 0.0066203062 -0.0109665670 -0.0102520313 0.9268746256 -0.3752310279 0.0076804884 0.3753126696 0.9268664468
0.9940746221 -0.1081463227 -0.0109553037 0.0961625951 0.9219316198 -0.3752263899 0.0506793951 0.3719495413 0.9268684576
0.9751024381 -0.2214846794 -0.0109440380 0.2013075183 0.9048115364 -0.3752217567 0.0930081624 0.3636765326 0.9268704663
0.9432519623 -0.3318978913 -0.0109327701 0.3037939575 0.8757404513 -0.3752171282 0.1341080426 0.3506029830 0.9268724730
0.8989438441 -0.4379277178 -0.0109214997 0.4022682399 0.8351022929 -0.3752125046 0.1734365253 0.3329015988 0.9268744776
0.8427632628 -0.5381738100 -0.0109102271 0.4954296808 0.7834337712 -0.3752078857 0.2104744978 0.3108061717 0.9268764801
0.7754521987 -0.6313122051 -0.0108989521 0.5820477631 0.7214172901 -0.3752032716 0.2447330973 0.2846084913 0.9268784806
0.6978996339 -0.7161128121 -0.0108876748 0.6609783910 0.6498719339 -0.3751986623 0.2757601635 0.2546544913 0.9268804790
0.6111298111 -0.7914556577 -0.0108763952 0.7311790012 0.5697426499 -0.3751940578 0.3031462060 0.2213396819 0.9268824753
0.5162887069 -0.8563456781 -0.0108651133 0.7917223345 0.4820877675 -0.3751894581 0.3265298091 0.1851039273 0.9268844695
0.4146288964 -0.9099258611 -0.0108538290 0.8418086829 0.3880650201 -0.3751848631 0.3456024010 0.1464256382 0.9268864617
0.3074930105 -0.9514885642 -0.0108425425 0.8807764536 0.2889162537 -0.3751802730 0.3601123260 0.1058154555 0.9268884518
0.1962960036 -0.9804848611 -0.0108312536 0.9081109072 0.1859510250 -0.3751756876 0.3698681647 0.0638095086 0.9268904398
0.0825064660 -0.9965317915 -0.0108199624 0.9234509578 0.0805293048 -0.3751711071 0.3747412595 0.0209623376 0.9268924257
-0.0323727717 -0.9994174185 -0.0108086689 0.9265939427 -0.0259564851 -0.3751665313 0.3746674111 -0.0221604276 0.9268944096
-0.1468244867 -0.9891036280 -0.0107973731 0.9174982997 -0.1320998625 -0.3751619603 0.3696477245 -0.0649895337 0.9268963913
-0.2593371022 -0.9657266321 -0.0107860750 0.8962841167 -0.2364988623 -0.3751573941 0.3597485922 -0.1069596192 0.9268983710
-0.3684246511 -0.9295951703 -0.0107747746 0.8632315465 -0.3377745540 -0.3751528327 0.3451008167 -0.1475166768 0.9269003487
-0.4726464008 -0.8811864318 -0.0107634719 0.8187771068 -0.4345892547 -0.3751482761 0.3258978816 -0.1861253668 0.9269023242
-0.5706258817 -0.8211397530 -0.0107521669 0.7635079156 -0.5256641979 -0.3751437243 0.3023933959 -0.2222760830 0.9269042977
-0.6610690664 -0.7502481745 -0.0107408596 0.6981539366 -0.6097964239 -0.3751391772 0.2748977452 -0.2554916791 0.9269062691
-0.7427814596 -0.6694479667 -0.0107295500 0.6235783384 -0.6858746690 -0.3751346350 0.2437739921 -0.2853337667 0.9269082384
-0.8146838743 -0.5798062644 -0.0107182381 0.5407660942 -0.7528940438 -0.3751300976 0.2094330829 -0.3114085011 0.9269102056
-0.8758266849 -0.4825069738 -0.0107069240 0.4508109727 -0.8099693064 -0.3751255650 0.1723284214 -0.3333717788 0.9269121707
-0.9254023687 -0.3788351355 -0.0106956075 0.3549010915 -0.8563465553 -0.3751210372 0.1329498823 -0.3509337792 0.9269141338
-0.9627561713 -0.2701599537 -0.0106842888 0.2543032244 -0.8914131875 -0.3751165142 0.0918173442 -0.3638627881 0.9269160948
-0.9873947537 -0.1579167126 -0.0106729678 0.1503460706 -0.9147059908 -0.3751119960 0.0494738257 -0.3719882556 0.9269180537
-0.9989927083 -0.0435878204 -0.0106616445 0.0444027045 -0.9259172622 -0.3751074826 0.0064783169 -0.3752030458 0.9269200105
-0.9973968564 0.0713167687 -0.0106503190 -0.0621275597 -0.9248988730 -0.3751029740 -0.0366016001 -0.3734648487 0.9269219652
-0.9826282714 0.1852794971 -0.0106389912 -0.1678376501 -0.9116642260 -0.3750984702 -0.0791972436 -0.3667967381 0.9269239179
-0.9548820005 0.2967952459 -0.0106276611 -0.2713313227 -0.8863880787 -0.3750939712 -0.1207463395 -0.3552868642 0.9269258685
-0.9145244885 0.4043912133 -0.0106163287 -0.3712416024 -0.8494042364 -0.3750894770 -0.1607004433 -0.3390872892 0.9269278169
-0.8620887388 0.5066463664 -0.0106049941 -0.4662488394 -0.8012011432 -0.3750849876 -0.1985321794 -0.3184119777 0.9269297633
-0.7982672731 0.6022102084 -0.0105936572 -0.5550981386 -0.7424154314 -0.3750805031 -0.2337422025 -0.2935339710 0.9269317077
-0.7239029861 0.6898206153 -0.0105823181 -0.6366159357 -0.6738235134 -0.3750760233 -0.2658657879 -0.2647817810 0.9269336499
-0.6399780127 0.7683205046 -0.0105709767 -0.7097254976 -0.5963313270 -0.3750715484 -0.2944789658 -0.2325350525 0.9269355900
-0.5476007572 0.8366731171 -0.0105596330 -0.7734611449 -0.5109623706 -0.3750670782 -0.3192041166 -0.1972195502 0.9269375281
-0.4479912544 0.8939757097 -0.0105482871 -0.8269810069 -0.4188441841 -0.3750626129 -0.3397149543 -0.1593015374 0.9269394641
-0.3424650566 0.9394714780 -0.0105369389 -0.8695781420 -0.3211934578 -0.3750581524 -0.3557408326 -0.1192816196 0.9269413979
-0.2324158588 0.9725595512 -0.0105255885 -0.9006898754 -0.2192999612 -0.3750536967 -0.3670703161 -0.0776881360 0.9269433297
-0.1192970921 0.9928029284 -0.0105142359 -0.9199052319 -0.1145095085 -0.3750492459 -0.3735539696 -0.0350701838 0.9269452595
-0.0046027280 0.9999342500 -0.0105028810 -0.9269703645 -0.0082061829 -0.3750447998 -0.3751063292 0.0080096302 0.9269471871
0.1101524522 0.9938593287 -0.0104915239 -0.9217919081 0.0982059447 -0.3750403586 -0.3717070290 0.0509826170 0.9269491126
0.2234528641 0.9746583933 -0.0104801645 -0.9044382131 0.2033213609 -0.3750359222 -0.3634010680 0.0932815122 0.9269510361
0.3338021358 0.9425850298 -0.0104688029 -0.8751384433 0.3057516740 -0.3750314906 -0.3502982147 0.1343479644 0.9269529574
0.4397428712 0.8980628314 -0.0104574391 -0.8342795499 0.4041439522 -0.3750270638 -0.3325715560 0.1736399054 0.9269548767
0.5398758981 0.8416798050 -0.0104460730 -0.7824011608 0.4971985938 -0.3750226419 -0.3104552113 0.2106387052 0.9269567938
0.6328787468 0.7741806047 -0.0104347047 -0.7201884541 0.5836864926 -0.3750182247 -0.2842412398 0.2448560180 0.9269587089
0.7175231164 0.6964566975 -0.0104233342 -0.6484631083 0.6624652728 -0.3750138124 -0.2542757844 0.2758402271 0.9269606219
0.7926910971 0.6095345893 -0.0104119615 -0.5681724503 0.7324943774 -0.3750094049 -0.2209545004 0.3031824063 0.9269625328
0.8573899346 0.5145622681 -0.0104005865 -0.4803769429 0.7928488134 -0.3750050023 -0.1847173319 0.3265217164 0.9269644416
0.9107651416 0.4127940422 -0.0103892093 -0.3862361789 0.8427313693 -0.3750006045 -0.1460427027 0.3455501671 0.9269663483
0.9521117827 0.3055739744 -0.0103778300 -0.2869935651 0.8814831450 -0.3749962115 -0.1054412005 0.3600166818 0.9269682530
0.9808837855 0.1943181311 -0.0103664483 -0.1839598994 0.9085922561 -0.3749918233 -0.0634488356 0.3697304100 0.9269701555
0.9967011518 0.0804958799 -0.0103550645 -0.0784960578 0.9237005948 -0.3749874400 -0.0206199646 0.3745632451 0.9269720559
0.9993549767 -0.0343895166 -0.0103436785 0.0280049801 0.9266085607 -0.3749830615 0.0224800273 0.3744515141 0.9269739543
0.9888102078 -0.1488207539 -0.0103322903 0.1341365298 0.9172776979 -0.3749786878 0.0652821905 0.3693968166 0.9269758505
0.9652061078 -0.2612865257 -0.0103208998 0.2384967817 0.8958312035 -0.3749743189 0.1072215212 0.3594660015 0.9269777447
0.9288544157 -0.3703014833 -0.0103095072 0.3397073165 0.8625523010 -0.3749699549 0.1477444197 0.3447902834 0.9269796368
0.8802352294 -0.4744258529 -0.0102981124 0.4364313118 0.8178804999 -0.3749655958 0.1863159979 0.3255635085 0.9269815267
0.8199906650 -0.5722844509 -0.0102867154 0.5273911991 0.7624057913 -0.3749612414 0.2224271395 0.3020395946 0.9269834146
0.7489163767 -0.6625848463 -0.0102753161 0.6113855387 0.6968608558 -0.3749568919 0.2556012202 0.2745291772 0.9269853004
0.6679510481 -0.7441344297 -0.0102639147 0.6873048888 0.6221113865 -0.3749525472 0.2854003981 0.2433955081 0.9269871840
0.5781639951 -0.8158561643 -0.0102525111 0.7541464595 0.5391446554 -0.3749482074 0.3114313929 0.2090496586 0.9269890656
0.4807410434 -0.8768028107 -0.0102411053 0.8110273584 0.4490564736 -0.3749438724 0.3333506759 0.1719450919 0.9269909451
0.3769688674 -0.9261694372 -0.0102296974 0.8571962525 0.3530367181 -0.3749395423 0.3508690036 0.1325716763 0.9269928225
0.2682179963 -0.9633040502 -0.0102182872 0.8920432925 0.2523536159 -0.3749352170 0.3637552348 0.0914492181 0.9269946978
0.1559247143 -0.9877162058 -0.0102068749 0.9151081680 0.1483369935 -0.3749308965 0.3718393797 0.0491205983 0.9269965710
0.0415720905 -0.9990834869 -0.0101954604 0.9260861888 0.0423607121 -0.3749265809 0.3750148427 0.0061446067 0.9269984420
-0.0733296073 -0.9972557616 -0.0101840437 0.9248323088 -0.0641754781 -0.3749222701 0.3732398281 -0.0369114355 0.9270003110
-0.1872628595 -0.9822571655 -0.0101726248 0.9113630434 -0.1698644261 -0.3749179642 0.3665378897 -0.0794791644 0.9270021779
-0.2987229364 -0.9542857838 -0.0101612038 0.8858562514 -0.2733101665 -0.3749136631 0.3549976185 -0.1209966762 0.9270040427
-0.4062377714 -0.9137110348 -0.0101497806 0.8486487866 -0.3731463570 -0.3749093668 0.3387714718 -0.1609159447 0.9270059054
-0.5083874030 -0.8610687906 -0.0101383553 0.8002320491 -0.4680543260 -0.3749050754 0.3180737588 -0.1987100545 0.9270077660
-0.6038227281 -0.7970543007 -0.0101269278 0.7412454955 -0.5567804899 -0.3749007889 0.2931778103 -0.2338801567 0.9270096245
-0.6912833199 -0.7225130091 -0.0101154981 0.6724681931 -0.6381529113 -0.3748965072 0.2644123689 -0.2659620528 0.9270114808
-0.7696140745 -0.6384293886 -0.0101040662 0.5948085308 -0.7110967777 -0.3748922303 0.2321572484 -0.2945323217 0.9270133351
-0.8377804665 -0.5459139389 -0.0100926323 0.5092922209 -0.7746485993 -0.3748879583 0.1968383185 -0.3192139077 0.9270151873
-0.8948822123 -0.4461885202 -0.0100811961 0.4170487519 -0.8279689346 -0.3748836912 0.1589218822 -0.3396810972 0.9270170374
-0.9401651600 -0.3405702159 -0.0100697578 0.3192964704 -0.8703534787 -0.3748794289 0.1189085193 -0.3556638164 0.9270188853
-0.9730312497 -0.2304539374 -0.0100583174 0.2173264892 -0.9012423664 -0.3748751714 0.0773264775 -0.3669511954 0.9270207312
-0.9930464125 -0.1172940021 -0.0100468748 0.1124856341 -0.9202275677 -0.3748709188 0.0347246992 -0.3733943502 0.9270225750
-0.9999463027 -0.0025849254 -0.0100354301 0.0061586555 -0.9270582775 -0.3748666711 -0.0083344262 -0.3749083465 0.9270244166
-0.9936397897 0.1121583172 -0.0100239832 -0.1002500626 -0.9216442290 -0.3748624282 -0.0512824854 -0.3714733194 0.9270262562
-0.9742101612 0.2254202985 -0.0100125342 -0.2053350506 -0.9040568866 -0.3748581902 -0.0935525457 -0.3631347337 0.9270280936
-0.9419140235 0.3357051543 -0.0100010831 -0.3077083185 -0.8745285025 -0.3748539571 -0.1345866377 -0.3500027825 0.9270299290
-0.8971779124 0.4415563392 -0.0099896298 -0.4060176875 -0.8334490496 -0.3748497288 -0.1738431215 -0.3322509307 0.9270317622
-0.8405926600 0.5415758635 -0.0099781744 -0.4989646510 -0.7813610716 -0.3748455053 -0.2108038353 -0.3101136241 0.9270335933
-0.7729055914 0.6344427565 -0.0099667169 -0.5853215253 -0.7189525170 -0.3748412867 -0.2449809354 -0.2838831925 0.9270354224
-0.6950106550 0.7189305129 -0.0099552573 -0.6639476656 -0.6470476536 -0.3748370730 -0.2759233350 -0.2539059898 0.9270372493
-0.6079366155 0.7939232913 -0.0099437955 -0.7338045321 -0.5665961813 -0.3748328642 -0.3032226578 -0.2205778206 0.9270390741
-0.5128334679 0.8584306512 -0.0099323316 -0.7939694075 -0.4786606893 -0.3748286602 -0.3265186276 -0.1843387142 0.9270408968
-0.4109572483 0.9116006343 -0.0099208656 -0.8436475853 -0.3844026212 -0.3748244611 -0.3455038232 -0.1456671148 0.9270427174
-0.3036534461 0.9527310158 -0.0099093975 -0.8821828666 -0.2850669350 -0.3748202668 -0.3599277351 -0.1050735650 0.9270445358
-0.1923392337 0.9812785793 -0.0098979272 -0.9090662280 -0.1819656596 -0.3748160774 -0.3696000708 -0.0630939657 0.9270463522
-0.0784847497 0.9968662910 -0.0098864549 -0.9239425452 -0.0764605654 -0.3748118929 -0.3743932654 -0.0202825013 0.9270481665
0.0364063174 0.9992882791 -0.0098749804 -0.9266152847 0.0300548220 -0.3748077132 -0.3742441640 0.0227956764 0.9270499786
0.1508165882 0.9885125533 -0.0098635039 -0.9170490994 0.1361736275 -0.3748035384 -0.3691548536 0.0655719083 0.9270517887
0.2632350331 0.9646814267 -0.0098520252 -0.8953702970 0.2404942093 -0.3747993685 -0.3591926345 0.1074815349 0.9270535966
0.3721769283 0.9281096367 -0.0098405444 -0.8618651714 0.3416386714 -0.3747952035 -0.3444891296 0.1479713501 0.9270554024
0.4762034650 0.8792801883 -0.0098290616 -0.8169762226 0.4382710641 -0.3747910433 -0.3252385458 0.1865069031 0.9270572061
0.5739407516 0.8188379747 -0.0098175766 -0.7612963122 0.5291150288 -0.3747868880 -0.3016951090 0.2225795530 0.9270590077
0.6640979591 0.7475812607 -0.0098060896 -0.6955608333 0.6129706573 -0.3747827375 -0.2741697062 0.2557131830 0.9270608072
0.7454843693 0.6664511392 -0.0097946004 -0.6206379982 0.6887303407 -0.3747785920 -0.2430257811 0.2854704835 0.9270626046
0.8170251005 0.5765191029 -0.0097831092 -0.5375173708 0.7553933987 -0.3747744513 -0.2086745343 0.3114587249 0.9270643998
0.8777753037 0.4789728925 -0.0097716159 -0.4472967969 0.8120792979 -0.3747703155 -0.1715694950 0.3333349400 0.9270661930
0.9269326417 0.3751008102 -0.0097601205 -0.3511679042 0.8580392823 -0.3747661846 -0.1322005327 0.3508104505 0.9270679840
0.9638478852 0.2662747051 -0.0097486230 -0.2504003628 0.8926662634 -0.3747620585 -0.0910873898 0.3636546763 0.9270697729
0.9880334875 0.1539318550 -0.0097371234 -0.1463251160 0.9155028393 -0.3747579373 -0.0487728203 0.3716981775 0.9270715597
0.9991700238 0.0395559840 -0.0097256218 -0.0403168008 0.9262473369 -0.3747538210 -0.0058154249 0.3748348902 0.9270733444
0.9971104095 -0.0753423331 -0.0097141181 0.0662244084 0.9247577969 -0.3747497096 0.0372177239 0.3730235247 0.9270751270
0.9818818433 -0.1892456211 -0.0097026123 0.1718912937 0.9110538492 -0.3747456031 0.0797585667 0.3662881090 0.9270769074
0.9536854476 -0.3006495461 -0.0096911045 0.2752881801 0.8853164547 -0.3747415015 0.1212455566 0.3547176700 0.9270786858
0.9128936124 -0.4080827830 -0.0096795946 0.3750493705 0.8478855154 -0.3747374047 0.1611310710 0.3384650572 0.9270804620
0.8600450775 -0.5101264478 -0.0096680826 0.4698571838 0.7992553854 -0.3747333128 0.1988886408 0.3177449230 0.9270822361
0.7958378168 -0.6054328369 -0.0096565685 0.5584593595 0.7400683422 -0.3747292258 0.2340198989 0.2928308879 0.9270840081
0.7211198203 -0.6927432264 -0.0096450524 0.6396855982 0.6711061034 -0.3747251437 0.2660611586 0.2640519272 0.9270857779
0.6368778950 -0.7709044960 -0.0096335343 0.7124630192 0.5932795029 -0.3747210665 0.2945895333 0.2317880271 0.9270875457
0.5442246314 -0.8388843588 -0.0096220141 0.7758303319 0.5076164600 -0.3747169941 0.3192285181 0.1964651676 0.9270893113
0.4443837100 -0.8957849947 -0.0096104918 0.8289505330 0.4152484033 -0.3747129267 0.3396529585 0.1585496982 0.9270910748
0.3386737396 -0.9408549080 -0.0095989675 0.8711219626 0.3173953268 -0.3747088641 0.3555933413 0.1185421809 0.9270928362
0.2284908428 -0.9734988524 -0.0095874412 0.9017875720 0.2153496762 -0.3747048065 0.3668393515 0.0769707818 0.9270945955
0.1152902168 -0.9932856929 -0.0095759128 0.9205422820 0.1104592785 -0.3747007537 0.3732426462 0.0343842985 0.9270963526
0.0005669145 -0.9999540995 -0.0095643823 0.9271383340 0.0041095393 -0.3746967058 0.3747188123 -0.0086550845 0.9270981077
-0.1141639005 -0.9934159989 -0.0095528498 0.9214885626 -0.1022948553 -0.3746926628 0.3712484785 -0.0515792177 0.9270998606
-0.2273869652 -0.9737577375 -0.0095413153 0.9036675479 -0.2073484925 -0.3746886247 0.3628775701 -0.0938214863 0.9271016114
-0.3376069290 -0.9412389414 -0.0095297788 0.8739106308 -0.3096637955 -0.3746845915 0.3497167008 -0.1348242893 0.9271033600
-0.4433681037 -0.8962890871 -0.0095182402 0.8326108051 -0.4078893511 -0.3746805632 0.3319397112 -0.1740464004 0.9271051066
-0.5432736882 -0.8395018299 -0.0095066996 0.7803135274 -0.5007277598 -0.3746765398 0.3097813724 -0.2109701119 0.9271068510
-0.6360042165 -0.7716271629 -0.0094951569 0.7177095131 -0.5869527720 -0.3746725213 0.2835342859 -0.2451080678 0.9271085933
-0.7203349844 -0.6935615123 -0.0094836123 0.6456256139 -0.6654254850 -0.3746685077 0.2535450195 -0.2760096966 0.9271103335
-0.7951522239 -0.6063358977 -0.0094720656 0.5650138966 -0.7351093863 -0.3746644989 0.2202095310 -0.3032671582 0.9271120715
-0.8594678128 -0.5111023160 -0.0094605169 0.4769390691 -0.7950840445 -0.3746604951 0.1839679408 -0.3265207264 0.9271138075
-0.9124323254 -0.4091185263 -0.0094489662 0.3825644173 -0.8445572666 -0.3746564962 0.1452987206 -0.3454635363 0.9271155413
-0.9533462509 -0.3017314388 -0.0094374134 0.2831364407 -0.8828755623 -0.3746525022 0.1047123768 -0.3598456340 0.9271172730
-0.9816692316 -0.1903593258 -0.0094258587 0.1799683889 -0.9095327760 -0.3746485131 0.0627447110 -0.3694772745 0.9271190025
-0.9970271999 -0.0764730910 -0.0094143019 0.0744229156 -0.9241767724 -0.3746445289 0.0199497460 -0.3742314254 0.9271207300
-0.9992173184 0.0384231577 -0.0094027432 -0.0321059190 -0.9266140883 -0.3746405496 -0.0231075872 -0.3740454416 0.9271224553
-0.9882106591 0.1528119723 -0.0093911824 -0.1382110615 -0.9168124885 -0.3746365751 -0.0658589073 -0.3689218916 0.9271241784
-0.9641525854 0.2651826066 -0.0093796196 -0.2424910497 -0.8949013921 -0.3746326057 -0.1077398855 -0.3589285215 0.9271258995
-0.9273608321 0.3740509681 -0.0093680549 -0.3435685235 -0.8611701638 -0.3746286411 -0.1481976952 -0.3441973595 0.9271276184
-0.8783213093 0.4779792190 -0.0093564881 -0.4401084176 -0.8160642921 -0.3746246814 -0.1866983085 -0.3249229715 0.9271293352
-0.8176816850 0.5755947658 -0.0093449193 -0.5308355957 -0.7601795061 -0.3746207266 -0.2227335456 -0.3013598912 0.9271310499
-0.7462428313 0.6656083874 -0.0093333486 -0.6145516923 -0.6942539075 -0.3746167767 -0.2558277824 -0.2738192590 0.9271327624
-0.6649482469 0.7468312617 -0.0093217758 -0.6901509421 -0.6191582216 -0.3746128318 -0.2855442280 -0.2426647134 0.9271344729
-0.5748715966 0.8181906670 -0.0093102011 -0.7566347849 -0.5358842977 -0.3746088917 -0.3114906896 -0.2083075897 0.9271361811
-0.4772025314 0.8787441491 -0.0092986244 -0.8131250556 -0.4455320084 -0.3746049566 -0.3333247486 -0.1712014891 0.9271378873
-0.3732309761 0.9276919690 -0.0092870457 -0.8588755833 -0.3492947228 -0.3746010264 -0.3507582798 -0.1318362899 0.9271395913
-0.2643300938 0.9643876644 -0.0092754650 -0.8932820478 -0.2484435446 -0.3745971011 -0.3635612528 -0.0907316805 0.9271412932
-0.1519381498 0.9883465886 -0.0092638824 -0.9158899617 -0.1443105233 -0.3745931807 -0.3715647679 -0.0484302979 0.9271429930
-0.0375395170 0.9992523103 -0.0092522977 -0.9264006738 -0.0382710602 -0.3745892652 -0.3746632839 -0.0054905652 0.9271446906
0.0773549291 0.9969607937 -0.0092407111 -0.9246753148 0.0682742580 -0.3745853546 -0.3728160098 0.0375206811 0.9271463862
0.1912277645 0.9815023002 -0.0092291226 -0.9107366318 0.1739181579 -0.3745814490 -0.3660474418 0.0800356731 0.9271480795
0.3025750572 0.9530809891 -0.0092175320 -0.8847686881 0.2772652680 -0.3745775482 -0.3544470387 0.1214932068 0.9271497708
0.4099262300 0.9120722212 -0.0092059395 -0.8471144334 0.3769505481 -0.3745736524 -0.3381680392 0.1613460495 0.9271514599
0.5118634827 0.8590176011 -0.0091943451 -0.7982711735 0.4716573198 -0.3745697615 -0.3174254379 0.1990681633 0.9271531469
0.6070405171 0.7946178250 -0.0091827486 -0.7388840034 0.5601346574 -0.3745658756 -0.2924931456 0.2341616489 0.9271548317
0.6942003175 0.7197234255 -0.0091711503 -0.6697372863 0.6412139109 -0.3745619945 -0.2637003726 0.2661633168 0.9271565144
0.7721917526 0.6353235396 -0.0091595499 -0.5917442949 0.7138241418 -0.3745581184 -0.2314272817 0.2946508013 0.9271581950
0.8399847785 0.5425328441 -0.0091479476 -0.5059351483 0.7770062687 -0.3745542472 -0.1960999683 0.3192481346 0.9271598735
0.8966840428 0.4425768348 -0.0091363434 -0.4134432068 0.8299257358 -0.3745503809 -0.1581848355 0.3396307089 0.9271615498
0.9415407091 0.3367756407 -0.0091247372 -0.3154901026 0.8718835357 -0.3745465195 -0.1181824360 0.3555295599 0.9271632240
0.9739623479 0.2265265893 -0.0091131291 -0.2133696043 0.9023254432 -0.3745426631 -0.0766208638 0.3667349163 0.9271648960
0.9935207601 0.1132857516 -0.0091015190 -0.1084305286 0.9208493357 -0.3745388116 -0.0340487830 0.3730989673 0.9271665659
0.9999576328 -0.0014512882 -0.0090899070 -0.0020589255 0.9272105051 -0.3745349650 0.0089718154 0.3745378124 0.9271682337
0.9931879505 -0.1161691850 -0.0090782930 0.1043402292 0.9213248907 -0.3745311233 0.0518730327 0.3710325676 0.9271698993
0.9733011185 -0.2293528462 -0.0090666771 0.2093615913 0.9032701897 -0.3745272866 0.0940885584 0.3626296130 0.9271715628
0.9405597817 -0.3395074418 -0.0090550593 0.3116180097 0.8732848320 -0.3745234548 0.1350611460 0.3494399793 0.9271732242
0.8953963559 -0.4451781464 -0.0090434396 0.4097588489 0.8317648310 -0.3745196280 0.1742499688 0.3316378807 0.9271748834
0.8384073171 -0.5449693541 -0.0090318179 0.5024878284 0.7792585536 -0.3745158060 0.2111377582 0.3094584136 0.9271765405
0.7703453237 -0.6375631093 -0.0090201943 0.5885801442 0.7164594782 -0.3745119890 0.2452376319 0.2831944522 0.9271781955
0.6921092760 -0.7217365141 -0.0090085688 0.6668986471 0.6441970350 -0.3745081769 0.2760995194 0.2531927809 0.9271798483
0.6047324444 -0.7963778788 -0.0089969413 0.7364088622 0.5634256514 -0.3745043698 0.3033161031 0.2198495156 0.9271814990
0.5093688228 -0.8605014041 -0.0089853120 0.7961926533 0.4752121461 -0.3745005676 0.3265281936 0.1836048739 0.9271831475
0.4072778881 -0.9132602011 -0.0089736807 0.8454603497 0.3807216386 -0.3744967703 0.3454294702 0.1449373625 0.9271847939
