1971
40732
-0.6231221772 -0.7820587978 0.0101384975 0.7226736109 -0.5806662394 -0.3749260868 0.2991013279 -0.2262979348 0.9269992666
-0.7087346927 -0.7054020943 0.0101499124 0.6512759023 -0.6597475978 -0.3749304019 0.2711730710 -0.2591157899 0.9269973964
-0.7849868509 -0.6194290851 0.0101613250 0.5712763058 -0.7301146051 -0.3749347220 0.2396644036 -0.2885139025 0.9269955241
-0.8508715831 -0.5252752275 0.0101727355 0.4837315022 -0.7908378752 -0.3749390468 0.2049911776 -0.3141041077 0.9269936497
-0.9055187448 -0.4241840238 0.0101841438 0.3897978262 -0.8411154017 -0.3749433765 0.1676110303 -0.3355484986 0.9269917732
-0.9482066076 -0.3174905984 0.0101955499 0.2907159936 -0.8802831505 -0.3749477111 0.1280173439 -0.3525638877 0.9269898946
-0.9783713910 -0.2066040645 0.0102069538 0.1877947132 -0.9078238296 -0.3749520505 0.0867327335 -0.3649255472 0.9269880139
-0.9956147082 -0.0929889138 0.0102183555 0.0823934007 -0.9233737215 -0.3749563947 0.0443021488 -0.3724701764 0.9269861311
-0.9997088279 0.0218543252 0.0102297550 -0.0240957765 -0.9267274865 -0.3749607438 0.0012856811 -0.3750980595 0.9269842462
-0.9905996817 0.1364089048 0.0102411524 -0.1302662877 -0.9178408739 -0.3749650977 -0.0417488301 -0.3727743833 0.9269823592
-0.9684075783 0.2491618901 0.0102525475 -0.2347158167 -0.8968313064 -0.3749694564 -0.0842332929 -0.3655296983 0.9269804702
-0.9334256143 0.3586241404 0.0102639405 -0.3360647835 -0.8639763282 -0.3749738200 -0.1256068622 -0.3534595172 0.9269785790
-0.8861158034 0.4633499763 0.0102753312 -0.4329745663 -0.8197099385 -0.3749781884 -0.1653233436 -0.3367230557 0.9269766857
-0.8271029744 0.5619562734 0.0102867198 -0.5241651819 -0.7646168587 -0.3749825616 -0.2028584035 -0.3155411324 0.9269747903
-0.7571665190 0.6531407287 0.0102981061 -0.6084321917 -0.6994248089 -0.3749869397 -0.2377164921 -0.2901932550 0.9269728929
-0.6772300984 0.7356990609 0.0103094902 -0.6846626099 -0.6249948949 -0.3749913226 -0.2694373851 -0.2610139328 0.9269709933
-0.5883494440 0.8085409151 0.0103208722 -0.7518496037 -0.5423102348 -0.3749957103 -0.2976022601 -0.2283882613 0.9269690916
-0.4916984146 0.8707042630 0.0103322519 -0.8091057911 -0.4524629727 -0.3750001028 -0.3218392268 -0.1927468409 0.9269671879
-0.3885534929 0.9213681091 0.0103436294 -0.8556749615 -0.3566398535 -0.3750045002 -0.3418282368 -0.1545600931 0.9269652821
-0.2802769267 0.9598633331 0.0103550046 -0.8909420629 -0.2561065475 -0.3750089024 -0.3573053105 -0.1143320519 0.9269633741
-0.1682987379 0.9856815272 0.0103663777 -0.9144413254 -0.1521909331 -0.3750133095 -0.3680660229 -0.0725937108 0.9269614641
-0.0540978356 0.9984817107 0.0103777485 -0.9258624125 -0.0462655575 -0.3750177213 -0.3739682036 -0.0298960143 0.9269595520
0.0608175156 0.9980948332 0.0103891171 -0.9250545194 0.0602704920 -0.3750221380 -0.3749338155 0.0131974150 0.9269576378
0.1749296160 0.9845260075 0.0104004835 -0.9120283642 0.1660100676 -0.3750265595 -0.3709499863 0.0561177161 0.9269557215
0.2867313746 0.9579544416 0.0104118477 -0.8869560459 0.2695565473 -0.3750309858 -0.3620691804 0.0982982989 0.9269538031
0.3947462139 0.9187310724 0.0104232096 -0.8501687706 0.3695422810 -0.3750354170 -0.3484085075 0.1391823236 0.9269518826
0.4975475707 0.8673739301 0.0104345693 -0.8021524760 0.4646466549 -0.3750398530 -0.3301481789 0.1782300522 0.9269499601
0.5937777376 0.8045612972 0.0104459267 -0.7435414128 0.5536135341 -0.3750442938 -0.3075291299 0.2149259731 0.9269480354
0.6821657938 0.7311227497 0.0104572819 -0.6751097665 0.6352678539 -0.3750487394 -0.2808498406 0.2487856078 0.9269461087
0.7615443902 0.6480282012 0.0104686349 -0.5977614316 0.7085311395 -0.3750531898 -0.2504623977 0.2793619065 0.9269441798
0.8308651672 0.5563750928 0.0104799856 -0.5125180721 0.7724357505 -0.3750576450 -0.2167678476 0.3062511509 0.9269422489
0.8892126001 0.4573738993 0.0104913341 -0.4205056267 0.8261376612 -0.3750621051 -0.1802109037 0.3290982846 0.9269403159
0.9358160905 0.3523321422 0.0105026803 -0.3229394369 0.8689276081 -0.3750665700 -0.1412740770 0.3476016015 0.9269383808
0.9700601439 0.2426371210 0.0105140243 -0.2211081943 0.9002404577 -0.3750710397 -0.1004713073 0.3615167298 0.9269364436
0.9914924983 0.1297375909 0.0105253660 -0.1163569188 0.9196626697 -0.3750755142 -0.0583411798 0.3706598594 0.9269345043
0.9998300973 0.0151246292 0.0105367055 -0.0100691933 0.9269377594 -0.3750799935 -0.0154398160 0.3749101702 0.9269325630
0.9949628284 -0.0996880576 0.0105480427 0.0963511111 0.9219696839 -0.3750844776 0.0276664674 0.3742114284 0.9269306196
0.9769549775 -0.2131841257 0.0105593777 0.2014983776 0.9048241105 -0.3750889665 0.0704086339 0.3685727303 0.9269286740
0.9460443794 -0.3238646204 0.0105707103 0.3039838095 0.8757275487 -0.3750934603 0.1122224389 0.3580683846 0.9269267264
0.9026392768 -0.4302677729 0.0105820408 0.4024537737 0.8350643576 -0.3750979588 0.1525558783 0.3428369325 0.9269247767
0.8473129288 -0.5309883061 0.0105933689 0.4956076791 0.7833716687 -0.3751024622 0.1908764759 0.3230793208 0.9269228249
0.7807960394 -0.6246959943 0.0106046948 0.5822151555 0.7213322907 -0.3751069703 0.2266783130 0.2990562508 0.9269208711
0.7039671072 -0.7101532315 0.0106160184 0.6611323035 0.6497656904 -0.3751114833 0.2594887075 0.2710847385 0.9269189151
0.6178408228 -0.7862313765 0.0106273397 0.7313168035 0.5696171685 -0.3751160011 0.2888744547 0.2395339309 0.9269169571
0.5235546678 -0.8519256592 0.0106386588 0.7918416824 0.4819453732 -0.3751205237 0.3144475470 0.2048202346 0.9269149970
0.4223538918 -0.9063684505 0.0106499755 0.8419075564 0.3879083172 -0.3751250510 0.3358702972 0.1674018201 0.9269130348
0.3155750662 -0.9488407214 0.0106612900 0.8808531893 0.2887480818 -0.3751295832 0.3528597973 0.1277725744 0.9269110705
0.2046284320 -0.9787815386 0.0106726022 0.9081642252 0.1857744113 -0.3751341202 0.3651916550 0.0864555823 0.9269091042
0.0909792746 -0.9957954738 0.0106839121 0.9234799822 0.0803474132 -0.3751386620 0.3727029569 0.0439962223 0.9269071358
-0.0238714284 -0.9996578250 0.0106952197 0.9265982151 -0.0261404066 -0.3751432085 0.3752944213 0.0009549673 0.9269051652
-0.1384068310 -0.9903175851 0.0107065251 0.9174777866 -0.1322825362 -0.3751477599 0.3729317100 -0.0421000137 0.9269031927
-0.2511142516 -0.9678981149 0.0107178281 0.8962392095 -0.2366770354 -0.3751523161 0.3656458833 -0.0846003553 0.9269012180
-0.3605051514 -0.9326955139 0.0107291288 0.8631630548 -0.3379450523 -0.3751568770 0.3535329922 -0.1259849991 0.9268992412
-0.4651347936 -0.8851747099 0.0107404273 0.8186862449 -0.4347490360 -0.3751614428 0.3367528117 -0.1657076002 0.9268972624
-0.5636213243 -0.8259633183 0.0107517234 0.7633962820 -0.5258104023 -0.3751660133 0.3155267333 -0.2032437396 0.9268952815
-0.6546640226 -0.7558433534 0.0107630172 0.6980234878 -0.6099264217 -0.3751705887 0.2901348445 -0.2380978479 0.9268932985
-0.7370604795 -0.6757409000 0.0107743088 0.6234313568 -0.6859861049 -0.3751751688 0.2609122323 -0.2698097479 0.9268913135
-0.8097224779 -0.5867138822 0.0107855980 0.5406051504 -0.7529848762 -0.3751797538 0.2282445620 -0.2979607301 0.9268893263
-0.8716903655 -0.4899380920 0.0107968849 0.4506388830 -0.8100378421 -0.3751843435 0.1925629867 -0.3221790813 0.9268873371
-0.9221457281 -0.3866916596 0.0108081695 0.3547208715 -0.8563914783 -0.3751889380 0.1543384573 -0.3421449931 0.9268853458
-0.9604221992 -0.2783381735 0.0108194517 0.2541180399 -0.8914335822 -0.3751935373 0.1140755065 -0.3575947843 0.9268833525
-0.9860142601 -0.1663086714 0.0108307317 0.1501591844 -0.9147013579 -0.3751981413 0.0723055894 -0.3683243839 0.9268813570
-0.9985839169 -0.0520827400 0.0108420093 0.0442174233 -0.9258875287 -0.3752027502 0.0295800685 -0.3741920262 0.9268793595
-0.9979651639 0.0628310258 0.0108532846 -0.0623079408 -0.9248443948 -0.3752073639 -0.0135370641 -0.3751201242 0.9268773599
-0.9841661765 0.1769149471 0.0108645576 -0.1680099020 -0.9115857838 -0.3752119823 -0.0564766318 -0.3710962952 0.9268753583
-0.9573692025 0.2886623054 0.0108758282 -0.2714923364 -0.8862868668 -0.3752166055 -0.0986717866 -0.3621735264 0.9268733545
-0.9179281557 0.3965972417 0.0108870966 -0.3713884411 -0.8492818447 -0.3752212335 -0.1395654928 -0.3484694767 0.9268713487
-0.8663639416 0.4992942484 0.0108983625 -0.4663787879 -0.8010595330 -0.3752258663 -0.1786178797 -0.3301649256 0.9268693408
-0.8033575772 0.5953969963 0.0109096262 -0.5552087500 -0.7422569050 -0.3752305038 -0.2153133695 -0.3075013884 0.9268673309
-0.7297411975 0.6836362475 0.0109208875 -0.6367050727 -0.6736506776 -0.3752351462 -0.2491674840 -0.2807779294 0.9268653189
-0.6464870645 0.7628466187 0.0109321465 -0.7097913704 -0.5961470523 -0.3752397933 -0.2797332406 -0.2503472156 0.9268633048
-0.5546947271 0.8319819720 0.0109434031 -0.7735023426 -0.5107697449 -0.3752444452 -0.3066070542 -0.2166108630 0.9268612886
-0.4555764988 0.8901292318 0.0109546574 -0.8269965235 -0.4186464640 -0.3752491018 -0.3294340662 -0.1800141355 0.9268592704
-0.3504414467 0.9365204436 0.0109659093 -0.8695673956 -0.3209940151 -0.3752537633 -0.3479128296 -0.1410400689 0.9268572501
-0.2406781024 0.9705429166 0.0109771589 -0.9006527213 -0.2191022291 -0.3752584295 -0.3617992907 -0.1002030947 0.9268552277
-0.1277361234 0.9917473155 0.0109884061 -0.9198419680 -0.1143169253 -0.3752631005 -0.3709100117 -0.0580422508 0.9268532032
-0.0131071476 0.9998535945 0.0109996510 -0.9268817300 -0.0080221356 -0.3752677762 -0.3751245942 -0.0151140657 0.9268511767
0.1016949073 0.9947546964 0.0110108935 -0.9216790752 0.0983781765 -0.3752724567 -0.3743872704 0.0280147876 0.9268491482
0.2151538379 0.9765179664 0.0110221336 -0.9043027711 0.2034786594 -0.3752771420 -0.3687076405 0.0707749714 0.9268471175
0.3257711802 0.9453842620 0.0110333714 -0.8749823768 0.3058911355 -0.3752818321 -0.3581605484 0.1126019998 0.9268450848
0.4320859996 0.9017647729 0.0110446069 -0.8341052095 0.4042629368 -0.3752865269 -0.3428850949 0.1529436900 0.9268430500
0.5326941859 0.8462355894 0.0110558399 -0.7822112287 0.4972947707 -0.3752912265 -0.3230828036 0.1912674523 0.9268410132
0.6262669972 0.7795300945 0.0110670706 -0.7199859031 0.5837578810 -0.3752959309 -0.2990149622 0.2270673209 0.9268389743
0.7115686089 0.7025292778 0.0110782989 -0.6482511568 0.6625102772 -0.3753006400 -0.2709991745 0.2598706343 0.9268369333
0.7874724356 0.6162500999 0.0110895249 -0.5679545121 0.7325118180 -0.3753053539 -0.2394051699 0.2892442755 0.9268348902
0.8529760095 0.5218320618 0.0111007484 -0.4801565745 0.7928379490 -0.3753100726 -0.2046499236 0.3148003907 0.9268328451
0.9072142203 0.4205221546 0.0111119696 -0.3860170232 0.8426919139 -0.3753147960 -0.1671921536 0.3362015106 0.9268307980
0.9494707412 0.3136583912 0.0111231884 -0.2867792933 0.8814152777 -0.3753195242 -0.1275262663 0.3531650067 0.9268287487
0.9791874884 0.2026521342 0.0111344048 -0.1837541527 0.9084966227 -0.3753242571 -0.0861758309 0.3654668236 0.9268266974
0.9959719931 0.0889694564 0.0111456189 -0.0783023882 0.9235783029 -0.3753289948 -0.0436866684 0.3729444384 0.9268246441
0.9996025836 -0.0258882222 0.0111568305 0.0281831679 0.9264611674 -0.3753337373 -0.0006196470 0.3754990083 0.9268225886
0.9900313136 -0.1404039633 0.0111680398 0.1342960344 0.9171071896 -0.3753384845 0.0424567212 0.3730966763 0.9268205311
0.9673845954 -0.2530653453 0.0111792466 0.2386346586 0.8956399693 -0.3753432364 0.0849737856 0.3657690206 0.9268184716
0.9319615299 -0.3623844376 0.0111904511 0.3398209284 0.8623430991 -0.3753479932 0.1263702631 0.3536126394 0.9268164100
0.8842299566 -0.4669174519 0.0112016531 0.4365183740 0.8176564185 -0.3753527546 0.1660996482 0.3367878773 0.9268143463
0.8248202746 -0.5652838106 0.0112128528 0.5274498201 0.7621702033 -0.3753575209 0.2036374274 0.3155167106 0.9268122806
0.7545171171 -0.6561843801 0.0112240501 0.6114142553 0.6966173686 -0.3753622918 0.2384880046 0.2900798185 0.9268102128
0.6742489883 -0.7384186286 0.0112352449 0.6873026945 0.6218637879 -0.3753670676 0.2701912433 0.2608128796 0.9268081430
0.5850760005 -0.8109004818 0.0112464374 0.7541128260 0.5388968560 -0.3753718480 0.2983285427 0.2281021422 0.9268060711
0.4881758733 -0.8726726663 0.0112576274 0.8109622501 0.4488124465 -0.3753766333 0.3225283641 0.1923793266 0.9268039971
0.3848283791 -0.9229193532 0.0112688150 0.8571001334 0.3528004371 -0.3753814232 0.3424711375 0.1541159275 0.9268019211
0.2763984412 -0.9609769317 0.0112800002 0.8919171251 0.2521289933 -0.3753862180 0.3578934809 0.1138169908 0.9267998430
0.1643181066 -0.9863427746 0.0112911830 0.9149534052 0.1481278175 -0.3753910174 0.3685916794 0.0720144476 0.9267977628
0.0500676336 -0.9986818756 0.0113023634 0.9259047569 0.0421705862 -0.3753958216 0.3744243760 0.0292600925 0.9267956807
-0.0648440591 -0.9978312742 0.0113135413 0.9246265840 -0.0643431942 -0.3754006306 0.3753144389 -0.0138816996 0.9267935964
-0.1788993202 -0.9838022078 0.0113247168 0.9111358208 -0.1700066720 -0.3754054443 0.3712499823 -0.0568414236 0.9267915101
-0.2905918096 -0.9567799631 0.0113358899 0.8856107066 -0.2734242327 -0.3754102627 0.3622845243 -0.0990519621 0.9267894217
-0.3984463933 -0.9171214292 0.0113470606 0.8483884318 -0.3732299319 -0.3754150859 0.3485362828 -0.1399560720 0.9267873313
-0.5010386251 -0.8653503838 0.0113582288 0.7999606831 -0.4681055370 -0.3754199138 0.3301866163 -0.1790137410 0.9267852389
-0.5970135597 -0.8021505759 0.0113693946 0.7409671486 -0.5567979386 -0.3754247465 0.3074776321 -0.2157093164 0.9267831443
-0.6851036474 -0.7283566950 0.0113805580 0.6721870681 -0.6381357011 -0.3754295838 0.2807089913 -0.2495583133 0.9267810478
-0.7641454750 -0.6449433477 0.0113917189 0.5945289402 -0.7110445352 -0.3754344260 0.2502339550 -0.2801138112 0.9267789491
-0.8330951309 -0.5530121855 0.0114028774 0.5090185223 -0.7745614865 -0.3754392728 0.2164547224 -0.3069723544 0.9267768484
-0.8910419921 -0.4537773553 0.0114140334 0.4167852813 -0.8278476543 -0.3754441244 0.1798171226 -0.3297792794 0.9267747457
-0.9372207510 -0.3485494641 0.0114251870 0.3190474756 -0.8701992709 -0.3754489808 0.1408047304 -0.3482333987 0.9267726409
-0.9710215229 -0.2387182696 0.0114363381 0.2170960633 -0.9010569971 -0.3754538418 0.0999324839 -0.3620909773 0.9267705341
-0.9919979004 -0.1257343253 0.0114474868 0.1122776510 -0.9200133086 -0.3754587076 0.0577398875 -0.3711689527 0.9267684252
-0.9998728497 -0.0110898233 0.0114586331 0.0059767071 -0.9268178788 -0.3754635781 0.0147838907 -0.3753473529 0.9267663142
-0.9945423687 0.1037011138 0.0114697768 -0.1004027244 -0.9213808840 -0.3754684534 -0.0283684637 -0.3745708819 0.9267642013
-0.9760768612 0.2171224297 0.0114809182 -0.2054555686 -0.9037741893 -0.3754733334 -0.0711475249 -0.3688496513 0.9267620862
-0.9447202065 0.3276761573 0.0114920570 -0.3077942788 -0.8742303985 -0.3754782181 -0.1129885540 -0.3582590491 0.9267599691
-0.9008865386 0.4339022022 0.0115031934 -0.4060671627 -0.8331397814 -0.3754831075 -0.1533391792 -0.3429387461 0.9267578500
-0.8451547768 0.5343976268 0.0115143273 -0.4989762360 -0.7810451181 -0.3754880016 -0.1916666878 -0.3230908539 0.9267557288
-0.7782609795 0.6278351787 0.0115254588 -0.5852943657 -0.7186345296 -0.3754929005 -0.2274650596 -0.2989772586 0.9267536056
-0.7010886231 0.7129808200 0.0115365878 -0.6638814785 -0.6467323879 -0.3754978041 -0.2602616473 -0.2709161654 0.9267514803
-0.6146569340 0.7887100252 0.0115477143 -0.7336996184 -0.5662884274 -0.3755027124 -0.2896234168 -0.2392778995 0.9267493530
-0.5201074271 0.8540226329 0.0115588384 -0.7938266554 -0.4783651997 -0.3755076255 -0.3151626650 -0.2044800189 0.9267472236
-0.4186888301 0.9080560553 0.0115699599 -0.8434684655 -0.3841240394 -0.3755125432 -0.3365421390 -0.1669818038 0.9267450922
-0.3117405910 0.9500966701 0.0115810790 -0.8819694179 -0.2848097238 -0.3755174657 -0.3534794898 -0.1272781942 0.9267429587
-0.2006751882 0.9795892455 0.0115921956 -0.9088210352 -0.1817340320 -0.3755223929 -0.3657510011 -0.0858932581 0.9267408232
-0.0869594755 0.9961442731 0.0116033098 -0.9236687079 -0.0762584181 -0.3755273248 -0.3731945440 -0.0433732733 0.9267386857
0.0279046910 0.9995431123 0.0116144214 -0.9263163780 0.0302239712 -0.3755322615 -0.3757117193 -0.0002795170 0.9267365461
0.1424002874 0.9897408778 0.0116255305 -0.9167291277 0.1363066975 -0.3755372028 -0.3732691584 0.0428191431 0.9267344044
0.2550151583 0.9668670321 0.0116366372 -0.8950336398 0.2405886076 -0.3755421489 -0.3658989652 0.0853537588 0.9267322607
0.3642619874 0.9312236759 0.0116477413 -0.8615165239 0.3416923398 -0.3755470996 -0.3536982946 0.1267628113 0.9267301150
0.4686979412 0.8832815583 0.0116588430 -0.8166205301 0.4382825159 -0.3755520551 -0.3368280715 0.1664996245 0.9267279673
0.5669437240 0.8236738592 0.0116699422 -0.7609387003 0.5290833796 -0.3755570153 -0.3155108686 0.2040395822 0.9267258174
0.6577017948 0.7531878268 0.0116810388 -0.6952065348 0.6128956461 -0.3755619802 -0.2900279695 0.2388870539 0.9267236656
0.7397735041 0.6727543806 0.0116921330 -0.6202922766 0.6886123422 -0.3755669498 -0.2607156578 0.2705819387 0.9267215117
0.8120749243 0.5834358164 0.0117032246 -0.5371854435 0.7552334269 -0.3755719241 -0.2279607786 0.2987057399 0.9267193558
0.8736511654 0.4864117763 0.0117143138 -0.4469837576 0.8118789998 -0.3755769031 -0.1921956339 0.3228870911 0.9267171978
0.9236889861 0.3829636692 0.0117254004 -0.3508786458 0.8578009222 -0.3755818868 -0.1538922768 0.3428066596 0.9267150378
0.9615275347 0.2744577470 0.0117364845 -0.2501395032 0.8923926983 -0.3755868753 -0.1135562807 0.3582013638 0.9267128757
0.9866670766 0.1623270604 0.0117475662 -0.1460969263 0.9151974850 -0.3755918684 -0.0717200669 0.3688678475 0.9267107117
0.9987755946 0.0480525324 0.0117586452 -0.0401251376 0.9259141253 -0.3755968662 -0.0289358763 0.3746651661 0.9267085455
0.9976931736 -0.0668566007 0.0117697218 0.0663761648 0.9244011256 -0.3756018687 0.0142315201 0.3755166494 0.9267063774
0.9834341126 -0.1808827215 0.0117807959 0.1720002952 0.9106785235 -0.3756068760 0.0572122762 0.3714109151 0.9267042072
0.9561867363 -0.2925198750 0.0117918674 0.2753521600 0.8849276228 -0.3756118879 0.0994389933 0.3624020213 0.9267020349
0.9163109069 -0.4002936581 0.0118029364 0.3750666841 0.8474885979 -0.3756169045 0.1403542107 0.3486087546 0.9266998607
0.8643332721 -0.5027806918 0.0118140028 0.4698268409 0.7988559998 -0.3756219258 0.1794177647 0.3302130639 0.9266976843
0.8009403094 -0.5986274205 0.0118250668 0.5583810477 0.7396722237 -0.3756269518 0.2161139198 0.3074576602 0.9266955060
0.7269692593 -0.6865679880 0.0118361282 0.6395596963 0.6707190235 -0.3756319825 0.2499581781 0.2806428147 0.9266933256
0.6433970683 -0.7654409557 0.0118471870 0.7122906011 0.5929071852 -0.3756370179 0.2805036757 0.2501223960 0.9266911432
0.5513274857 -0.8342046425 0.0118582433 0.7756131601 0.5072644971 -0.3756420580 0.3073470829 0.2162992010 0.9266889588
0.4519764865 -0.8919508817 0.0118692971 0.8286910425 0.4149221737 -0.3756471028 0.3301339300 0.1796196379 0.9266867723
0.3466562119 -0.9379170155 0.0118803484 0.8708232340 0.3170999142 -0.3756521523 0.3485632881 0.1405678355 0.9266845838
0.2367576397 -0.9714959674 0.0118913970 0.9014532958 0.2150897921 -0.3756572065 0.3623917431 0.0996592526 0.9266823932
0.1237322131 -0.9922442599 0.0119024432 0.9201767133 0.1102391889 -0.3756622653 0.3714366107 0.0574338745 0.9266802007
0.0090726719 -0.9998878714 0.0119134868 0.9267462380 0.0039329978 -0.3756673288 0.3755783501 0.0144490855 0.9266780060
-0.1057066628 -0.9943258556 0.0119245278 0.9210751529 -0.1024246689 -0.3756723970 0.3747621434 -0.0287276891 0.9266758094
-0.2190898880 -0.9756316740 0.0119355663 0.9032384171 -0.2074290251 -0.3756774700 0.3689986218 -0.0715264728 0.9266736107
-0.3295795398 -0.9440522261 0.0119466022 0.8734716747 -0.3096931657 -0.3756825475 0.3583637264 -0.1133822625 0.9266714100
-0.4357163703 -0.9000045886 0.0119576356 0.8321681421 -0.4078663851 -0.3756876298 0.3429977083 -0.1537424870 0.9266692073
-0.5360986204 -0.8440705067 0.0119686664 0.7798734131 -0.5006520170 -0.3756927168 0.3231032788 -0.1920743024 0.9266670025
-0.6294005325 -0.7769887108 0.0119796946 0.7172782525 -0.5868245609 -0.3756978084 0.2989429348 -0.2278716262 0.9266647958
-0.7143898602 -0.6996451603 0.0119907203 0.6452094712 -0.6652458686 -0.3757029047 0.2708354961 -0.2606618192 0.9266625869
-0.7899441426 -0.6130613425 0.0120017434 0.5646190055 -0.7348801760 -0.3757080057 0.2391518976 -0.2900119260 0.9266603761
-0.8550655290 -0.5183807815 0.0120127639 0.4765713427 -0.7948077838 -0.3757131113 0.2043102946 -0.3155343913 0.9266581632
-0.9088939569 -0.4168539358 0.0120237819 0.3822294612 -0.8442372042 -0.3757182217 0.1667705435 -0.3368921775 0.9266559483
-0.9507185117 -0.3098216830 0.0120347972 0.2828394686 -0.8825156142 -0.3757233367 0.1270281330 -0.3538032158 0.9266537314
-0.9799868152 -0.1986976109 0.0120458100 0.1797141435 -0.9091374779 -0.3757284564 0.0856076440 -0.3660441309 0.9266515125
-0.9963123212 -0.0849493479 0.0120568203 0.0742155951 -0.9237512229 -0.3757335807 0.0430558251 -0.3734531919 0.9266492915
-0.9994794205 0.0299208197 0.0120678279 -0.0322627280 -0.9261638831 -0.3757387097 -0.0000656239 -0.3759324489 0.9266470685
-0.9894462885 0.1443957893 0.0120788329 -0.1383144420 -0.9163436469 -0.3757438434 -0.0431874670 -0.3734490284 0.9266448435
-0.9663454373 0.2569636778 0.0120898354 -0.2425388045 -0.8944202765 -0.3757489818 -0.0857404464 -0.3660355684 0.9266426164
-0.9304819658 0.3661377898 0.0121008353 -0.3435592153 -0.8606833931 -0.3757541248 -0.1271627968 -0.3537897902 0.9266403873
-0.8823295301 0.4704762521 0.0121118325 -0.4400413987 -0.8155786513 -0.3757592725 -0.1669076622 -0.3368732101 0.9266381562
-0.8225240879 0.5686010569 0.0121228272 -0.5307110264 -0.7597018517 -0.3757644249 -0.2044503149 -0.3155090089 0.9266359231
-0.7518554991 0.6592162611 0.0121338193 -0.6143705490 -0.6937910707 -0.3757695819 -0.2392950834 -0.2899790878 0.9266336880
-0.6712570942 0.7411251022 0.0121448088 -0.6899150130 -0.6187169118 -0.3757747436 -0.2709818967 -0.2606203484 0.9266314508
-0.5817933475 0.8132458038 0.0121557956 -0.7563466544 -0.5354710054 -0.3757799100 -0.2990923588 -0.2278202471 0.9266292117
-0.4846458186 0.8746258628 0.0121667799 -0.8127880774 -0.4451529109 -0.3757850810 -0.3232552732 -0.1920116819 0.9266269704
-0.3810975473 0.9244546293 0.0121777616 -0.8584938422 -0.3489555931 -0.3757902567 -0.3431515444 -0.1536672784 0.9266247272
-0.2725161082 0.9620740124 0.0121887406 -0.8928603101 -0.2481496649 -0.3757954370 -0.3585183920 -0.1132931527 0.9266224820
-0.1603355493 0.9869871724 0.0121997171 -0.9154336164 -0.1440666044 -0.3758006220 -0.3691528215 -0.0714222303 0.9266202347
-0.0460374521 0.9988650820 0.0122106909 -0.9259156638 -0.0380811684 -0.3758058117 -0.3749143055 -0.0286072120 0.9266179854
0.0688686359 0.9975508719 0.0122216621 -0.9241680595 0.0684067657 -0.3758110060 -0.3757266410 0.0145867216 0.9266157342
0.1828651376 0.9830619025 0.0122326307 -0.9102139419 0.1739906898 -0.3758162049 -0.3715789573 0.0575893710 0.9266134808
0.2944464894 0.9555895349 0.0122435966 -0.8842376745 0.2772760428 -0.3758214085 -0.3625258610 0.0998330450 0.9266112255
0.4021390254 0.9154966030 0.0122545600 -0.8465824101 0.3768986297 -0.3758266168 -0.3486867178 0.1407600545 0.9266089682
0.5045204398 0.8633126217 0.0122655207 -0.7977455576 0.4715426398 -0.3758318297 -0.3302440783 0.1798300754 0.9266067088
0.6002385719 0.7997267939 0.0122764788 -0.7383722113 0.5599580265 -0.3758370473 -0.3074412697 0.2165272817 0.9266044474
0.6880292642 0.7255789072 0.0122874343 -0.6692466301 0.6409770172 -0.3758422695 -0.2805791861 0.2503671562 0.9266021840
0.7667330578 0.6418482435 0.0122983871 -0.5912818778 0.7135295372 -0.3758474964 -0.2500123178 0.2809028867 0.9265999186
0.8353105060 0.5496406452 0.0123093373 -0.5055077629 0.7766573431 -0.3758527279 -0.2161440730 0.3077312667 0.9265976512
0.8928559018 0.4501739100 0.0123202848 -0.4130572363 0.8295266786 -0.3758579640 -0.1794214542 0.3304980186 0.9265953817
0.9386092402 0.3447617076 0.0123312297 -0.3151514264 0.8714392863 -0.3758632048 -0.1403291584 0.3489024725 0.9265931103
0.9719662553 0.2347962296 0.0123421720 -0.2130835101 0.9018416301 -0.3758684503 -0.0993831795 0.3627015367 0.9265908368
0.9924864008 0.1217298029 0.0123531116 -0.1082016319 0.9203322054 -0.3758737004 -0.0571239979 0.3717129092 0.9265885613
0.9998986685 0.0070557086 0.0123640486 -0.0018910972 0.9266668414 -0.3758789551 -0.0141094463 0.3758174851 0.9265862839
0.9941051674 -0.1077115400 0.0123749829 0.1044439252 0.9207619257 -0.3758842144 0.0290926545 0.3749609317 0.9265840044
0.9751824166 -0.2210561998 0.0123859146 0.2093989495 0.9026955079 -0.3758894784 0.0719119902 0.3691544075 0.9265817228
0.9433803343 -0.3314813164 0.0123968436 0.3115877236 0.8727062677 -0.3758947471 0.1137832825 0.3584744165 0.9265794393
0.8991189375 -0.4375284944 0.0124077700 0.4096605389 0.8311903618 -0.3759000204 0.1541537511 0.3430618007 0.9265771538
0.8429827947 -0.5377971587 0.0124186937 0.5023220573 0.7786961908 -0.3759052983 0.1924904119 0.3231198826 0.9265748663
0.7757133049 -0.6309630523 0.0124296148 0.5883484195 0.7159171548 -0.3759105808 0.2282871130 0.2989117832 0.9265725767
0.6981989064 -0.7157957252 0.0124405331 0.6666034100 0.6436824947 -0.3759158680 0.2610712180 0.2707569498 0.9265702851
0.6114633429 -0.7911747858 0.0124514488 0.7360534640 0.5629463382 -0.3759211598 0.2904098456 0.2390269411 0.9265679916
0.5166521427 -0.8561046975 0.0124623619 0.7957813179 0.4747750978 -0.3759264563 0.3159155860 0.2041405239 0.9265656960
0.4150174893 -0.9097279270 0.0124732723 0.8449981247 0.3803333840 -0.3759317573 0.3372516164 0.1665581457 0.9265633984
0.3079016842 -0.9513362697 0.0124841800 0.8830538721 0.2808686234 -0.3759370630 0.3541361488 0.1267758583 0.9265610988
0.1967194186 -0.9803802034 0.0124950850 0.9094459674 0.1776945816 -0.3759423734 0.3663461516 0.0853187698 0.9265587972
0.0829390895 -0.9964761451 0.0125059874 0.9238258753 0.0721740107 -0.3759476883 0.3737202960 0.0427341137 0.9265564936
-0.0319365937 -0.9994115176 0.0125168870 0.9260037205 -0.0342993505 -0.3759530079 0.3761610873 -0.0004159745 0.9265541880
-0.1463904555 -0.9891475568 0.0125277840 0.9159507950 -0.1403191848 -0.3759583321 0.3736361541 -0.0435618778 0.9265518804
-0.2589108918 -0.9658198236 0.0125386783 0.8937999363 -0.2444851723 -0.3759636610 0.3661786776 -0.0861340169 0.9265495708
-0.3680118341 -0.9297364133 0.0125495699 0.8598437723 -0.3454214853 -0.3759689944 0.3538869555 -0.1275703696 0.9265472592
-0.4722523756 -0.8813738869 0.0125604589 0.8145308553 -0.4417949605 -0.3759743325 0.3369231062 -0.1673238904 0.9265449456
-0.5702558021 -0.8213709768 0.0125713451 0.7584597369 -0.5323327074 -0.3759796752 0.3155109312 -0.2048697321 0.9265426300
-0.6607277736 -0.7505201508 0.0125822286 0.6923710615 -0.6158389205 -0.3759850225 0.2899329619 -0.2397121758 0.9265403123
-0.7424734195 -0.6697571463 0.0125931095 0.6171377831 -0.6912106734 -0.3759903744 0.2605267319 -0.2713911753 0.9265379927
-0.8144131189 -0.5801486113 0.0126039876 0.5337536345 -0.7574524856 -0.3759957309 0.2276803229 -0.2994884317 0.9265356711
-0.8755967594 -0.4828780178 0.0126148631 0.4433200013 -0.8136894710 -0.3760010921 0.1918272433 -0.3236329167 0.9265333475
-0.9252162853 -0.3792300307 0.0126257358 0.3470313748 -0.8591788921 -0.3760064579 0.1534407063 -0.3435057717 0.9265310218
-0.9626163695 -0.2705735416 0.0126366059 0.2461595734 -0.8933199703 -0.3760118283 0.1130273844 -0.3588445195 0.9265286942
-0.9873030685 -0.1583435895 0.0126474732 0.1420369452 -0.9156618202 -0.3760172033 0.0711207220 -0.3694465301 0.9265263646
-0.9989503462 -0.0440224080 0.0126583378 0.0360387689 -0.9259094039 -0.3760225829 0.0282738936 -0.3751716984 0.9265240330
-0.9974043792 0.0708801504 0.0126691997 -0.0704349108 -0.9239274275 -0.3760279671 -0.0149474978 -0.3759442950 0.9265216993
-0.9826855891 0.1848465555 0.0126800589 -0.1759777752 -0.9097421271 -0.3760333559 -0.0579728869 -0.3717539684 0.9265193637
-0.9549883721 0.2963716414 0.0126909154 -0.2791958070 -0.8835409217 -0.3760387493 -0.1002342783 -0.3626558834 0.9265170261
-0.9146785318 0.4039824854 0.0127017691 -0.3787257017 -0.8456699368 -0.3760441474 -0.1411737450 -0.3487699950 0.9265146865
-0.8622884481 0.5062578607 0.0127126202 -0.4732528751 -0.7966294322 -0.3760495500 -0.1802507933 -0.3302794669 0.9265123449
-0.7985100456 0.6018470075 0.0127234685 -0.5615288254 -0.7370671933 -0.3760549573 -0.2169494995 -0.3074282554 0.9265100013
-0.7241856555 0.6894874717 0.0127343141 -0.6423876239 -0.6677699749 -0.3760603691 -0.2507853205 -0.2805178906 0.9265076557
-0.6402968907 0.7680217788 0.0127451569 -0.7147613141 -0.5896531089 -0.3760657855 -0.2813114922 -0.2499034983 0.9265053081
-0.5479516816 0.8364127206 0.0127559970 -0.7776940167 -0.5037484134 -0.3760712066 -0.3081249278 -0.2159891126 0.9265029585
-0.4483696432 0.8937570537 0.0127668344 -0.8303545547 -0.4111905644 -0.3760766322 -0.3308715409 -0.1792223445 0.9265006069
-0.3428659681 0.9392974285 0.0127776691 -0.8720474310 -0.3132021078 -0.3760820625 -0.3492509213 -0.1400884739 0.9264982533
-0.2328340558 0.9724323919 0.0127885010 -0.9022220141 -0.2110773120 -0.3760874973 -0.3630203022 -0.0991040444 0.9264958978
-0.1197271105 0.9927243304 0.0127993302 -0.9204798099 -0.1061650722 -0.3760929368 -0.3719977670 -0.0568100456 0.9264935402
-0.0050389483 0.9999052500 0.0128101566 -0.9265797245 0.0001489059 -0.3760983808 -0.3760646530 -0.0137647717 0.9264911807
0.1097157318 0.9938803151 0.0128209803 -0.9204412479 0.1064604090 -0.3761038294 -0.3751671193 0.0294635478 0.9264888191
0.2230213529 0.9747291014 0.0128318012 -0.9021455165 0.2113652633 -0.3761092826 -0.3693168601 0.0723042491 0.9264864556
0.3333814762 0.9427045446 0.0128426194 -0.8719342408 0.3134778808 -0.3761147404 -0.3585909522 0.1141917678 0.9264840901
0.4393385651 0.8982296001 0.0128534348 -0.8302065118 0.4114495604 -0.3761202028 -0.3431308395 0.1545731049 0.9264817226
0.5394932343 0.8418916565 0.0128642475 -0.7775135293 0.5039863017 -0.3761256698 -0.3231404677 0.1929151276 0.9264793531
0.6325227325 0.7744347782 0.0128750575 -0.7145513207 0.5898658955 -0.3761311414 -0.2988835944 0.2287116080 0.9264769816
0.7171984114 0.6967498785 0.0128858646 -0.6421515470 0.6679540670 -0.3761366175 -0.2706803082 0.2614899067 0.9264746081
0.7924019529 0.6098629526 0.0128966690 -0.5612705179 0.7372194569 -0.3761420983 -0.2389028060 0.2908172131 0.9264722326
0.8571401387 0.5149215278 0.0129074707 -0.4729765595 0.7967472432 -0.3761475836 -0.2039704801 0.3163062609 0.9264698552
0.9105579678 0.4131795077 0.0129182696 -0.3784359036 0.8457512235 -0.3761530735 -0.1663443840 0.3376204412 0.9264674757
0.9519499486 0.3059806115 0.0129290657 -0.2788972836 0.8835841991 -0.3761585680 -0.1265211468 0.3544782482 0.9264650943
0.9807694163 0.1947406278 0.0129398590 -0.1756754401 0.9097465221 -0.3761640671 -0.0850264183 0.3666569971 0.9264627109
0.9966357527 0.0809287157 0.0129506496 -0.0701337562 0.9238926942 -0.3761695707 -0.0424079308 0.3739957656 0.9264603255
0.9993394133 -0.0339519984 0.0129614374 0.0363337514 0.9258359296 -0.3761750789 0.0007717313 0.3763975203 0.9264579381
0.9888446941 -0.1483842727 0.0129722224 0.1423208439 0.9155506211 -0.3761805917 0.0439425573 0.3738303998 0.9264555488
0.9652902038 -0.2608567885 0.0129830046 0.2464276352 0.8931726775 -0.3761861091 0.0865346353 0.3663281371 0.9264531574
0.9289870326 -0.3698841100 0.0129937841 0.3472790810 0.8589977279 -0.3761916311 0.1279856757 0.3539896164 0.9264507641
0.8804146439 -0.4740263032 0.0130045607 0.4435431407 0.8134772160 -0.3761971576 0.1677484340 0.3369775703 0.9264483688
0.8202145418 -0.5719079528 0.0130153346 0.5339483709 0.7572124367 -0.3762026887 0.2052979363 0.3155164326 0.9264459715
0.7491817985 -0.6622363275 0.0130261057 0.6173007186 0.6909465933 -0.3762082244 0.2401384095 0.2898893785 0.9264435722
0.6682545538 -0.7438184531 0.0130368740 0.6924992916 0.6155549809 -0.3762137646 0.2718098277 0.2604345874 0.9264411710
0.5785016252 -0.8155768687 0.0130476395 0.7585508993 0.5320334241 -0.3762193094 0.2998939860 0.2275407806 0.9264387677
0.4811083912 -0.8765638562 0.0130584022 0.8145831700 0.4414851241 -0.3762248588 0.3240200227 0.1916420912 0.9264363625
0.3773611365 -0.9259739573 0.0130691621 0.8598560726 0.3451060864 -0.3762304127 0.3438693167 0.1532123346 0.9264339553
0.2686300637 -0.9631546109 0.0130799193 0.8937716908 0.2441693239 -0.3762359712 0.3591796954 0.1127587545 0.9264315461
0.1563511968 -0.9876147718 0.0130906736 0.9158821191 0.1400080418 -0.3762415343 0.3697488975 0.0708153280 0.9264291350
0.0420074151 -0.9990313958 0.0131014251 0.9258953787 0.0339980290 -0.3762471019 0.3754372447 0.0279357171 0.9264267219
-0.0728911304 -0.9972537059 0.0131121738 0.9236792728 -0.0724605146 -0.3762526741 0.3761694885 -0.0153140396 0.9264243067
-0.1868269627 -0.9823051842 0.0131229197 0.9092631321 -0.1779614715 -0.3762582508 0.3719358045 -0.0583629992 0.9264218897
-0.2982953199 -0.9543832611 0.0131336627 0.8828374262 -0.2811113791 -0.3762638322 0.3627919252 -0.1006428512 0.9264194706
-0.4058240285 -0.9138567079 0.0131444030 0.8447512478 -0.3805478346 -0.3762694180 0.3488584057 -0.1415954202 0.9264170496
-0.5079929469 -0.8612607667 0.0131551405 0.7955077003 -0.4749574895 -0.3762750084 0.3303190347 -0.1806800348 0.9264146266
-0.6034527212 -0.7972900808 0.0131658751 0.7357572524 -0.5630933964 -0.3762806034 0.3074184100 -0.2173806660 0.9264122016
-0.6909426063 -0.7227895211 0.0131766069 0.6662891458 -0.6437914784 -0.3762862030 0.2804587117 -0.2512127396 0.9264097746
-0.7693071166 -0.6387430270 0.0131873359 0.5880209702 -0.7159859039 -0.3762918070 0.2497957145 -0.2817295350 0.9264073457
-0.8375112865 -0.5462606120 0.0131980620 0.5019865429 -0.7787231637 -0.3762974157 0.2158340932 -0.3085280832 0.9264049148
-0.8946543393 -0.4465637033 0.0132087854 0.4093222536 -0.8311746647 -0.3763030289 0.1790220819 -0.3312544879 0.9264024819
-0.9399815842 -0.3409690102 0.0132195059 0.3112520542 -0.8726476730 -0.3763086466 0.1398455578 -0.3496085994 0.9264000470
-0.9728943830 -0.2308711345 0.0132302235 0.2090712923 -0.9025944636 -0.3763142689 0.0988216287 -0.3633479785 0.9263976102
-0.9929580564 -0.1177241514 0.0132409384 0.1041296019 -0.9206195534 -0.3763198957 0.0564918071 -0.3722910986 0.9263951714
-0.9999076251 -0.0030224056 0.0132516504 -0.0021869231 -0.9264849243 -0.3763255271 0.0134148626 -0.3763197444 0.9263927307
-0.9936513094 0.1117192248 0.0132623595 -0.1084740370 -0.9201131664 -0.3763311630 -0.0298405542 -0.3753805746 0.9263902879
-0.9742717407 0.2249853352 0.0132730658 -0.2133278891 -0.9015884993 -0.3763368035 -0.0727034184 -0.3694858277 0.9263878432
-0.9420248708 0.3352800089 0.0132837693 -0.3153635669 -0.8711556590 -0.3763424485 -0.1146078687 -0.3587131633 0.9263853966
-0.8973365911 0.4411465736 0.0132944699 -0.4132333871 -0.8292166646 -0.3763480980 -0.1550006779 -0.3432046382 0.9263829479
-0.8407971079 0.5411868401 0.0133051677 -0.5056446964 -0.7763255079 -0.3763537521 -0.1933485568 -0.3231648338 0.9263804973
-0.7731531473 0.6340795680 0.0133158626 -0.5913769446 -0.7131808349 -0.3763594107 -0.2291451946 -0.2988581571 0.9263780447
-0.6952980933 0.7185979156 0.0133265547 -0.6692978052 -0.6406167178 -0.3763650739 -0.2619179439 -0.2706053521 0.9263755902
-0.6082601886 0.7936256428 0.0133372439 -0.7383781310 -0.5595916373 -0.3763707416 -0.2912340616 -0.2387792675 0.9263731337
-0.5131889542 0.8581718535 0.0133479303 -0.7977055467 -0.4711758227 -0.3763764138 -0.3167064226 -0.2037999362 0.9263706752
-0.4113400080 0.9113840822 0.0133586138 -0.8464964987 -0.3765371157 -0.3763820906 -0.3379986323 -0.1661290319 0.9263682148
-0.3040584815 0.9525595529 0.0133692944 -0.8841066045 -0.2769255443 -0.3763877719 -0.3548294686 -0.1262637758 0.9263657524
-0.1927612543 0.9811544604 0.0133799722 -0.9100391620 -0.1736568127 -0.3763934577 -0.3669765966 -0.0847303737 0.9263632880
-0.0789182414 0.9967911525 0.0133906471 -0.9239517103 -0.0680949222 -0.3763991481 -0.3742795056 -0.0420770701 0.9263608216
0.0359670200 0.9992631176 0.0134013191 -0.9256605513 0.0383658441 -0.3764048430 -0.3766416298 0.0011330881 0.9263583534
0.1503772284 0.9885377119 0.0134119883 -0.9151431758 0.1443193380 -0.3764105424 -0.3740316256 0.0443296846 0.9263558831
0.2628013564 0.9647565907 0.0134226546 -0.8925385599 0.2483661182 -0.3764162463 -0.3664837871 0.0869424634 0.9263534109
0.3717546079 0.9282338377 0.0134333180 -0.8581453280 0.3491319348 -0.3764219548 -0.3540975960 0.1284088571 0.9263509367
0.4757980269 0.8794518162 0.0134439785 -0.8124178088 0.4452858800 -0.3764276678 -0.3370364099 0.1681814140 0.9263484605
0.5735575029 0.8190547989 0.0134546362 -0.7559600325 0.5355579668 -0.3764333853 -0.3155253083 0.2057350253 0.9263459824
0.6637419184 0.7478404587 0.0134652909 -0.6895177528 0.6187559026 -0.3764391073 -0.2898481230 0.2405738581 0.9263435024
0.7451602007 0.6667493339 0.0134759428 -0.6139685959 0.6937808373 -0.3764448339 -0.2603436932 0.2722379023 0.9263410204
0.8167370528 0.5768524061 0.0134865918 -0.5303104681 0.7596418759 -0.3764505650 -0.2274013941 0.3003090441 0.9263385364
0.8775271548 0.4793369557 0.0134972379 -0.4396483745 0.8154691659 -0.3764563006 -0.1914559984 0.3244165876 0.9263360504
0.9267276488 0.3754908815 0.0135078812 -0.3431798239 0.8605253863 -0.3764620407 -0.1529819381 0.3442421495 0.9263335625
0.9636887422 0.2666856909 0.0135185215 -0.2421790111 0.8942154848 -0.3764677853 -0.1124870427 0.3595238643 0.9263310727
0.9879222896 0.1543583867 0.0135291589 -0.1379799869 0.9160945372 -0.3764735344 -0.0705058360 0.3700598429 0.9263285809
0.9991082398 0.0399924881 0.0135397934 -0.0319590378 0.9258736229 -0.3764792881 -0.0275924810 0.3757108401 0.9263260871
0.9970988627 -0.0749015624 0.0135504251 0.0744834926 0.9234236402 -0.3764850462 0.0156865353 0.3764020944 0.9263235914
0.9819207000 -0.1888063470 0.0135610538 0.1799416997 0.9087770109 -0.3764908089 0.0587598804 0.3721243177 0.9263210937
0.9537742153 -0.3002175141 0.0135716796 0.2830226871 0.8821272509 -0.3764965761 0.1010589177 0.3629338197 0.9263185941
0.9130311457 -0.4076636457 0.0135823025 0.3823649637 0.8438264138 -0.3765023478 0.1420252141 0.3489517666 0.9263160925
0.8602295929 -0.5097256909 0.0135929225 0.4766564271 0.7943804397 -0.3765081240 0.1811179119 0.3303625841 0.9263135889
0.7960669157 -0.6050557077 0.0136035396 0.5646516929 0.7344424724 -0.3765139047 0.2178208698 0.3074115245 0.9263110834
0.7213905206 -0.6923946646 0.0136141538 0.6451885440 0.6648042312 -0.3765196899 0.2516494773 0.2804014312 0.9263085760
0.6371866694 -0.7705890696 0.0136247650 0.7172032804 0.5863855539 -0.3765254796 0.2821570536 0.2496887425 0.9263060666
0.5445674536 -0.8386062038 0.0136353734 0.7797447688 0.5002222459 -0.3765312738 0.3089407450 0.2156787880 0.9263035552
0.4447561071 -0.8955477611 0.0136459788 0.8319870041 0.4074523996 -0.3765370725 0.3316468455 0.1788204396 0.9263010419
0.3390708507 -0.9406617118 0.0136565813 0.8732400190 0.3093013610 -0.3765428757 0.3499754669 0.1396001865 0.9262985267
0.2289074818 -0.9733522348 0.0136671809 0.9029589963 0.2070655451 -0.3765486834 0.3636845003 0.0985357148 0.9262960095
0.1157209407 -0.9931875867 0.0136777775 0.9207514643 0.1020953125 -0.3765544956 0.3725928138 0.0561690741 0.9262934903
0.0010060944 -0.9999058037 0.0136883712 0.9263824796 -0.0042228669 -0.3765603123 0.3765826459 0.0130595225 0.9262909692
-0.1137220061 -0.9934181616 0.0136989620 0.9197777298 -0.1104847264 -0.3765661335 0.3756011621 -0.0302238560 0.9262884462
-0.2269481352 -0.9738103471 0.0137095498 0.9010245139 -0.2152867505 -0.3765719592 0.3696611548 -0.0731096634 0.9262859212
-0.3371769042 -0.9413413266 0.0137201347 0.8703705883 -0.3172447125 -0.3765777894 0.3588408760 -0.1150317315 0.9262833942
-0.4429525117 -0.8964399254 0.0137307167 0.8282208940 -0.4150119575 -0.3765836241 0.3432830075 -0.1554365957 0.9262808653
