1973
41463
0.7602643678 -0.6491942618 0.0233431256 0.6059372383 0.6957366790 -0.3857337640 0.2341754775 0.3074041053 0.9223147845
0.6807604110 -0.7321339241 0.0233490918 0.6817579250 0.6216172009 -0.3857436808 0.2679018376 0.2785174551 0.9223104860
0.5922656306 -0.8054042241 0.0233550530 0.7485735105 0.5392882896 -0.3857536002 0.2980924725 0.2459515733 0.9223061864
0.4959487854 -0.8680374793 0.0233610092 0.8055015995 0.4498373908 -0.3857635221 0.3243485399 0.2101362805 0.9223018856
0.3930819403 -0.9192064912 0.0233669604 0.8517903953 0.3544460049 -0.3857734465 0.3463231304 0.1715443273 0.9222975838
0.2850236658 -0.9582354706 0.0233729066 0.8868286280 0.2543740816 -0.3857833735 0.3637258508 0.1306851540 0.9222932809
0.1732010960 -0.9846089629 0.0233788478 0.9101536266 0.1509433779 -0.3857933029 0.3763266617 0.0880981660 0.9222889769
0.0590910796 -0.9979786552 0.0233847839 0.9214574290 0.0455200006 -0.3858032349 0.3839589182 0.0443456126 0.9222846718
-0.0557993246 -0.9981679768 0.0233907151 0.9205908473 -0.0605036375 -0.3858131694 0.3865215741 0.0000051640 0.9222803656
-0.1699527516 -0.9851744309 0.0233966413 0.9075654373 -0.1657272083 -0.3858231065 0.3839805194 -0.0443377156 0.9222760583
-0.2818615701 -0.9591696280 0.0234025624 0.8825533441 -0.2687609634 -0.3858330460 0.3763690344 -0.0880974984 0.9222717499
-0.3900477940 -0.9204970187 0.0234084786 0.8458850273 -0.3682440891 -0.3858429881 0.3637873541 -0.1306963248 0.9222674404
-0.4930826021 -0.8696673582 0.0234143897 0.7980448946 -0.4628626801 -0.3858529326 0.3464013477 -0.1715716339 0.9222631299
-0.5896052086 -0.8073519603 0.0234202958 0.7396649029 -0.5513670915 -0.3858628797 0.3244403327 -0.2101835928 0.9222588182
-0.6783408353 -0.7343738316 0.0234261969 0.6715162098 -0.6325884441 -0.3858728292 0.2981940496 -0.2460222263 0.9222545055
-0.7581175473 -0.6516968019 0.0234320930 0.5944989877 -0.7054540613 -0.3858827813 0.2680088397 -0.2786141521 0.9222501917
-0.8278817311 -0.5604127945 0.0234379841 0.5096305331 -0.7690016359 -0.3858927359 0.2342830746 -0.3075288339 0.9222458768
-0.8867120096 -0.4617274055 0.0234438701 0.4180318295 -0.8223919388 -0.3859026930 0.1974618990 -0.3323842684 0.9222415608
-0.9338314107 -0.3569439811 0.0234497512 0.3209127409 -0.8649199023 -0.3859126525 0.1580313550 -0.3528520328 0.9222372438
-0.9686176287 -0.2474464041 0.0234556272 0.2195560316 -0.8960239308 -0.3859226146 0.1165119665 -0.3686616234 0.9222329256
-0.9906112434 -0.1346808173 0.0234614982 0.1153004232 -0.9152933173 -0.3859325791 0.0734518677 -0.3796040314 0.9222286064
-0.9995217873 -0.0201365237 0.0234673642 0.0095229125 -0.9224736664 -0.3859425462 0.0294195667 -0.3855345059 0.9222242861
-0.9952315819 0.0946736826 0.0234732251 -0.0963794151 -0.9174702524 -0.3859525157 -0.0150035602 -0.3863744684 0.9222199647
-0.9777972918 0.2082334959 0.0234790810 -0.2010078388 -0.9003492693 -0.3859624877 -0.0592309447 -0.3821125546 0.9222156423
-0.9474491767 0.3190431250 0.0234849319 -0.3029804757 -0.8713369554 -0.3859724622 -0.1026785714 -0.3728047674 0.9222113187
-0.9045880493 0.4256391011 0.0234907778 -0.4009505321 -0.8308166028 -0.3859824392 -0.1447726903 -0.3585737416 0.9222069941
-0.8497799829 0.5266136056 0.0234966186 -0.4936240915 -0.7793234945 -0.3859924187 -0.1849573924 -0.3396071280 0.9222026684
-0.7837488343 0.6206330634 0.0235024544 -0.5797772031 -0.7175378328 -0.3860024006 -0.2227019521 -0.3161551188 0.9221983417
-0.7073666841 0.7064557557 0.0235082852 -0.6582720475 -0.6462757540 -0.3860123850 -0.2575078364 -0.2885271478 0.9221940138
-0.6216423189 0.7829482192 0.0235141110 -0.7280719628 -0.5664785480 -0.3860223719 -0.2889152892 -0.2570878073 0.9221896849
-0.5277079085 0.8491002156 0.0235199317 -0.7882551364 -0.4792002253 -0.3860323613 -0.3165094046 -0.2222520369 0.9221853549
-0.4268040526 0.9040380744 0.0235257473 -0.8380267786 -0.3855935943 -0.3860423531 -0.3399256080 -0.1844796470 0.9221810239
-0.3202633967 0.9470362308 0.0235315580 -0.8767296186 -0.2868950349 -0.3860523474 -0.3588544728 -0.1442692499 0.9221766918
-0.2094930315 0.9775268090 0.0235373636 -0.9038525842 -0.1844081681 -0.3860623441 -0.3730458092 -0.1021516777 0.9221723586
-0.0959559091 0.9951071213 0.0235431641 -0.9190375510 -0.0794866376 -0.3860723433 -0.3823119713 -0.0586829746 0.9221680243
0.0188484778 0.9995449872 0.0235489596 -0.9220840704 0.0264837691 -0.3860823450 -0.3865303378 -0.0144370561 0.9221636890
0.1334039002 0.9907817990 0.0235547501 -0.9129520158 0.1321034243 -0.3860923492 -0.3856449354 0.0300018686 0.9221593526
0.2461974176 0.9689332963 0.0235605356 -0.8917621114 0.2359773455 -0.3861023557 -0.3796671809 0.0740470100 0.9221550152
0.3557393596 0.9342880374 0.0235663159 -0.8587943356 0.3367336200 -0.3861123648 -0.3686757344 0.1171167467 0.9221506767
0.4605829997 0.8873035878 0.0235720913 -0.8144842225 0.4330415244 -0.3861223763 -0.3528154642 0.1586423059 0.9221463371
0.5593436629 0.8286004774 0.0235778616 -0.7594171071 0.5236291002 -0.3861323902 -0.3322955373 0.1980752741 0.9221419965
0.6507170127 0.7589540052 0.0235836268 -0.6943203942 0.6072999523 -0.3861424066 -0.3073866615 0.2348948402 0.9221376548
0.7334962775 0.6792839993 0.0235893870 -0.6200539486 0.6829490502 -0.3861524255 -0.2784175134 0.2686146740 0.9221333120
0.8065881889 0.5906426693 0.0235951422 -0.5375987380 0.7495773220 -0.3861624467 -0.2457704018 0.2987893499 0.9221289682
0.8690274202 0.4942007090 0.0236008923 -0.4480438752 0.8063048486 -0.3861724705 -0.2098762226 0.3250202305 0.9221246233
0.9199893355 0.3912318357 0.0236066373 -0.3525722327 0.8523824846 -0.3861824966 -0.1712087713 0.3469607336 0.9221202774
0.9588008807 0.2830959674 0.0236123773 -0.2524448185 0.8872017511 -0.3861925252 -0.1302784890 0.3643209110 0.9221159304
0.9849494728 0.1712212625 0.0236181123 -0.1489841211 0.9103028711 -0.3862025563 -0.0876257247 0.3768712805 0.9221115824
0.9980897692 0.0570852582 0.0236238422 -0.0435566412 0.9213808412 -0.3862125897 -0.0438136010 0.3844458593 0.9221072333
0.9980482287 -0.0578046436 0.0236295670 0.0624451562 0.9202894577 -0.3862226256 0.0005794198 0.3869443594 0.9221028831
0.9848254035 -0.1719310846 0.0236352867 0.1676212336 0.9070432467 -0.3862326639 0.0449671736 0.3843335150 0.9220985319
0.9585959319 -0.2837867903 0.0236410014 0.2705824723 0.8818172706 -0.3862427047 0.0887635341 0.3766475261 0.9220941796
0.9197062318 -0.3918944759 0.0236467111 0.3699690191 0.8449448146 -0.3862527478 0.1313901523 0.3639876098 0.9220898263
0.8686699252 -0.4948263576 0.0236524157 0.4644682464 0.7969129830 -0.3862627934 0.1722840940 0.3465206679 0.9220854720
0.8061610552 -0.5912230093 0.0236581152 0.5528320888 0.7383562646 -0.3862728414 0.2109052742 0.3244770867 0.9220811166
0.7330051833 -0.6798113160 0.0236638096 0.6338935261 0.6700481512 -0.3862828919 0.2467435892 0.2981476977 0.9220767601
0.6501684865 -0.7594212888 0.0236694990 0.7065819964 0.5928909202 -0.3862929447 0.2793256549 0.2678799411 0.9220724026
0.5587449969 -0.8290015164 0.0236751833 0.7699375346 0.5079037163 -0.3863030000 0.3082210592 0.2340732808 0.9220680441
0.4599421524 -0.8876330510 0.0236808626 0.8231234503 0.4162090906 -0.3863130576 0.3330480477 0.1971739325 0.9220636845
0.3550648502 -0.9345415454 0.0236865368 0.8654373774 0.3190181726 -0.3863231177 0.3534785678 0.1576689742 0.9220593238
0.2454982130 -0.9691074795 0.0236922059 0.8963205496 0.2176146738 -0.3863331802 0.3692426028 0.1160799164 0.9220549622
0.1326892954 -0.9908743421 0.0236978699 0.9153651786 0.1133379318 -0.3863432451 0.3801317412 0.0729558179 0.9220505994
0.0181279725 -0.9995546605 0.0237035289 0.9223198390 0.0075652209 -0.3863533124 0.3860019315 0.0288660372 0.9220462357
-0.0966727368 -0.9950337967 0.0237091828 0.9170927875 -0.0983064395 -0.3863633821 0.3867753883 -0.0156072850 0.9220418709
-0.2101966524 -0.9773714617 0.0237148316 0.8997531731 -0.2028787356 -0.3863734541 0.3824416227 -0.0598769117 0.9220375050
-0.3209444574 -0.9468009264 0.0237204753 0.8705301223 -0.3047705284 -0.3863835286 0.3730575847 -0.1033582637 0.9220331382
-0.4274534994 -0.9037259415 0.0237261140 0.8298097113 -0.4026360946 -0.3863936055 0.3587469148 -0.1454771390 0.9220287702
-0.5283171083 -0.8487154042 0.0237317475 0.7781298657 -0.4951829001 -0.3864036848 0.3396983151 -0.1856772958 0.9220244013
-0.6222031736 -0.7824958452 0.0237373760 0.7161732540 -0.5811886711 -0.3864137664 0.3161630608 -0.2234277979 0.9220200313
-0.7078717383 -0.7059418334 0.0237429995 0.6447582702 -0.6595175364 -0.3864238505 0.2884516860 -0.2582300275 0.9220156603
-0.7841913745 -0.6200644251 0.0237486178 0.5648282232 -0.7291350291 -0.3864339369 0.2569298860 -0.2896242705 0.9220112882
-0.8501541268 -0.5259978109 0.0237542310 0.4774388769 -0.7891217484 -0.3864440257 0.2220136919 -0.3171957899 0.9220069151
-0.9048888239 -0.4249843367 0.0237598392 0.3837445051 -0.8386855015 -0.3864541169 0.1841639792 -0.3405803036 0.9220025410
-0.9476725842 -0.3183580953 0.0237654423 0.2849826450 -0.8771717654 -0.3864642105 0.1438803849 -0.3594687984 0.9219981658
-0.9779403633 -0.2075273077 0.0237710403 0.1824577522 -0.9040723307 -0.3864743064 0.1016947121 -0.3736116130 0.9219937896
-0.9952924162 -0.0939557238 0.0237766332 0.0775239705 -0.9190320119 -0.3864844047 0.0581639090 -0.3828217380 0.9219894124
-0.9994995766 0.0208567088 0.0237822210 -0.0284327528 -0.9218533375 -0.3864945054 0.0138627164 -0.3869772885 0.9219850342
-0.9905062840 0.1353936549 0.0237878037 -0.1340129727 -0.9124991566 -0.3865046085 -0.0306239208 -0.3860231178 0.9219806549
-0.9684313168 0.2481424182 0.0237933813 -0.2378222302 -0.8910931280 -0.3865147139 -0.0747085772 -0.3799715483 0.9219762746
-0.9335662239 0.3576139193 0.0237989538 -0.3384894690 -0.8579180856 -0.3865248217 -0.1178091035 -0.3689022135 0.9219718933
-0.8863714743 0.4623623625 0.0238045213 -0.4346851443 -0.8134123012 -0.3865349319 -0.1593563139 -0.3529610092 0.9219675109
-0.8274703752 0.5610043299 0.0238100836 -0.5251387824 -0.7581636947 -0.3865450444 -0.1988015026 -0.3323581712 0.9219631276
-0.7576408400 0.6522370526 0.0238156408 -0.6086557597 -0.6929020674 -0.3865551593 -0.2356236910 -0.3073655025 0.9219587432
-0.6778051147 0.7348556166 0.0238211930 -0.6841330807 -0.6184894622 -0.3865652765 -0.2693365078 -0.2783127877 0.9219543578
-0.5890175971 0.8077688758 0.0238267400 -0.7505739447 -0.5359087764 -0.3865753961 -0.2994946140 -0.2455834411 0.9219499713
-0.4924509118 0.8700138630 0.0238322820 -0.8071009103 -0.4462507791 -0.3865855180 -0.3256995855 -0.2096094473 0.9219455839
-0.3893804231 0.9207685076 0.0238378188 -0.8529674832 -0.3506997035 -0.3865956423 -0.3476051766 -0.1708656591 0.9219411954
-0.2811673907 0.9593624930 0.0238433505 -0.8875679742 -0.2505176054 -0.3866057689 -0.3649218952 -0.1298635296 0.9219368059
-0.1692409921 0.9852861095 0.0238488772 -0.9104454980 -0.1470276936 -0.3866158979 -0.3774208285 -0.0871443610 0.9219324154
-0.0550794471 0.9981969857 0.0238543987 -0.9212980057 -0.0415968530 -0.3866260293 -0.3849366691 -0.0432721579 0.9219280239
0.0598095053 0.9979246101 0.0238599151 -0.9199822731 0.0643824093 -0.3866361629 -0.3873699010 0.0011738187 0.9219236313
0.1739085196 0.9844725838 0.0238654264 -0.9065157907 0.1695103558 -0.3866462989 -0.3846881179 0.0456066995 0.9219192378
0.2857106833 0.9580185718 0.0238709326 -0.8810765310 0.2723985058 -0.3866564373 -0.3769264542 0.0894397564 0.9219148432
0.3937394193 0.9189119575 0.0238764337 -0.8440005968 0.3716879740 -0.3866665780 -0.3641871253 0.1320941495 0.9219104476
0.4965679863 0.8676692275 0.0238819297 -0.7957777804 0.4660674176 -0.3866767210 -0.3466380811 0.1730065717 0.9219060510
0.5928383228 0.8049671510 0.0238874206 -0.7370450929 0.5542903557 -0.3866868663 -0.3245107920 0.2116366872 0.9219016534
0.6812789822 0.7316338411 0.0238929063 -0.6685783501 0.6351916318 -0.3866970140 -0.2980971958 0.2474742682 0.9218972548
0.7607219256 0.6486378180 0.0238983870 -0.5912819239 0.7077028019 -0.3867071640 -0.2677458465 0.2800459342 0.9218928552
0.8301179476 0.5570752179 0.0239038625 -0.5061767969 0.7708662449 -0.3867173163 -0.2338573140 0.3089214044 0.9218884545
0.8885505335 0.4581553157 0.0239093329 -0.4143870763 0.8238478101 -0.3867274710 -0.1968788981 0.3337191821 0.9218840529
0.9352479633 0.3531845545 0.0239147982 -0.3171251463 0.8659478326 -0.3867376279 -0.1572987245 0.3541115950 0.9218796503
0.9695935045 0.2435492912 0.0239202583 -0.2156756546 0.8966103731 -0.3867477872 -0.1156393012 0.3698291250 0.9218752466
0.9911335567 0.1306974863 0.0239257134 -0.1113785447 0.9154305592 -0.3867579488 -0.0724506209 0.3806639703 0.9218708420
0.9995836426 0.0161195815 0.0239311633 -0.0056113577 0.9221599317 -0.3867681127 -0.0283029000 0.3864727927 0.9218664363
0.9948321647 -0.0986711856 0.0239366081 0.1002289621 0.9167097240 -0.3867782790 0.0162209500 0.3871786139 0.9218620296
0.9769418797 -0.2121587663 0.0239420478 0.2047445174 0.8991520336 -0.3867884475 0.0605330189 0.3827718359 0.9218576220
0.9461490690 -0.3228443238 0.0239474823 0.3065549208 0.8697188680 -0.3867986183 0.1040481612 0.3733103712 0.9218532133
0.9028604185 -0.4292660279 0.0239529117 0.4043155265 0.8287990793 -0.3868087915 0.1461917223 0.3589188815 0.9218488037
0.8476476475 -0.5300183619 0.0239583360 0.4967351895 0.7769332265 -0.3868189669 0.1864071279 0.3397871359 0.9218443930
0.7812399573 -0.6237706851 0.0239637552 0.5825933175 0.7148064348 -0.3868291447 0.2241632342 0.3161675081 0.9218399814
0.7045144012 -0.7092848070 0.0239691692 0.6607559922 0.6432393455 -0.3868393247 0.2589613431 0.2883716474 0.9218355687
0.6184843011 -0.7854313394 0.0239745781 0.7301909441 0.5631772758 -0.3868495071 0.2903417889 0.2567663669 0.9218311551
0.5242858640 -0.8512046130 0.0239799819 0.7899811857 0.4756777324 -0.3868596917 0.3178900108 0.2217688023 0.9218267404
0.4231631765 -0.9057359591 0.0239853805 0.8393371216 0.3818964433 -0.3868698786 0.3412420291 0.1838409070 0.9218223248
0.3164517738 -0.9483051817 0.0239907740 0.8776069756 0.2830720923 -0.3868800679 0.3600892544 0.1434833544 0.9218179082
0.2055610013 -0.9783500697 0.0239961624 0.9042853986 0.1805099585 -0.3868902594 0.3741825660 0.1012289284 0.9218134906
0.0919554010 -0.9954738219 0.0240015456 0.9190201407 0.0755646759 -0.3869004532 0.3833356038 0.0576354902 0.9218090720
-0.0228646302 -0.9994502871 0.0240069237 0.9216167031 -0.0303776585 -0.3869106492 0.3874272336 0.0132786129 0.9218046524
-0.1373826572 -0.9902269513 0.0240122966 0.9120409045 -0.1359177923 -0.3869208476 0.3864031497 -0.0312560174 0.9218002318
-0.2500862335 -0.9679256312 0.0240176644 0.8904193319 -0.2396617979 -0.3869310482 0.3802765957 -0.0753803357 0.9217958102
-0.3594868767 -0.9328408651 0.0240230271 0.8570376666 -0.3402394835 -0.3869412511 0.3691281938 -0.1185116627 0.9217913876
-0.4641397269 -0.8854360229 0.0240283846 0.8123369100 -0.4363224898 -0.3869514563 0.3531048831 -0.1600803995 0.9217869641
-0.5626626289 -0.8263371863 0.0240337370 0.7569075572 -0.5266418334 -0.3869616638 0.3324179838 -0.1995375499 0.9217825396
-0.6537543864 -0.7563248803 0.0240390842 0.6914817965 -0.6100046674 -0.3869718735 0.3073404095 -0.2363619706 0.9217781141
-0.7362119472 -0.6763237645 0.0240444263 0.6169238382 -0.6853100345 -0.3869820855 0.2782030675 -0.2700672549 0.9217736876
-0.8089462914 -0.5873904209 0.0240497633 0.5342184985 -0.7515634077 -0.3869922997 0.2453904919 -0.3002081573 0.9217692601
-0.8709968148 -0.4906993998 0.0240550951 0.4444581919 -0.8078898242 -0.3870025163 0.2093357690 -0.3263864749 0.9217648316
-0.9215440153 -0.3875277073 0.0240604217 0.3488285017 -0.8535454407 -0.3870127351 0.1705148211 -0.3482563090 0.9217604022
-0.9599203160 -0.2792379398 0.0240657432 0.2485925203 -0.8879273564 -0.3870229561 0.1294401246 -0.3655286345 0.9217559718
-0.9856188818 -0.1672602880 0.0240710595 0.1450741665 -0.9105815748 -0.3870331794 0.0866539443 -0.3779751206 0.9217515404
-0.9983003136 -0.0530736483 0.0240763707 0.0396406987 -0.9212089978 -0.3870434049 0.0427211749 -0.3854311484 0.9217471080
-0.9977971304 0.0618139088 0.0240816767 -0.0663153434 -0.9196693757 -0.3870536328 -0.0017781173 -0.3877979888 0.9217426746
-0.9841159812 0.1758850565 0.0240869776 -0.1713945313 -0.9059831570 -0.3870638628 -0.0462563534 -0.3850441094 0.9217382403
-0.9574375570 0.2876332505 0.0240922733 -0.2742090307 -0.8803312174 -0.3870740951 -0.0901261999 -0.3772055949 0.9217338050
-0.9181142048 0.3955826264 0.0240975639 -0.3734009316 -0.8430524693 -0.3870843297 -0.1328083250 -0.3643856743 0.9217293687
-0.8666652737 0.4983074914 0.0241028493 -0.4676601823 -0.7946393839 -0.3870945665 -0.1737390490 -0.3467533613 0.9217249315
-0.8037702560 0.5944511534 0.0241081295 -0.5557418922 -0.7357314855 -0.3871048055 -0.2123777881 -0.3245412261 0.9217204932
-0.7302598127 0.6827438390 0.0241134046 -0.6364827725 -0.6671069037 -0.3871150468 -0.2482141945 -0.2980423281 0.9217160540
-0.6471048034 0.7620194637 0.0241186745 -0.7088165001 -0.5896720943 -0.3871252903 -0.2807748967 -0.2676063493 0.9217116139
-0.5554034637 0.8312310317 0.0241239393 -0.7717878002 -0.5044498669 -0.3871355360 -0.3096297531 -0.2336349797 0.9217071728
-0.4563669009 0.8894644645 0.0241291989 -0.8245650620 -0.4125658741 -0.3871457840 -0.3343975334 -0.1965766160 0.9217027307
-0.3513030985 0.9359506724 0.0241344533 -0.8664513211 -0.3152337440 -0.3871560342 -0.3547509565 -0.1569204434 0.9216982876
-0.2415996421 0.9700757124 0.0241397025 -0.8968934637 -0.2137390496 -0.3871662866 -0.3704210142 -0.1151899777 0.9216938436
-0.1287053927 0.9913888962 0.0241449466 -0.9154895301 -0.1094223296 -0.3871765413 -0.3812005276 -0.0719361546 0.9216893986
-0.0141113523 0.9996087426 0.0241501856 -0.9219940225 -0.0036613820 -0.3871867982 -0.3869468854 -0.0277300560 0.9216849526
0.1006690285 0.9946266950 0.0241554193 -0.9163211461 0.1021469334 -0.3871970573 -0.3875839314 0.0168446301 0.9216805057
0.2141198382 0.9765085550 0.0241606479 -0.8985459402 0.2066051444 -0.3872073186 -0.3831029733 0.0611993164 0.9216760578
0.3247427259 0.9454936132 0.0241658713 -0.8689032861 0.3083336236 -0.3872175822 -0.3735629015 0.1047482882 0.9216716089
0.4310766890 0.9019914892 0.0241710895 -0.8277848030 0.4059888098 -0.3872278479 -0.3590894151 0.1469164380 0.9216671591
0.5317173699 0.8465767212 0.0241763026 -0.7757336746 0.4982809526 -0.3872381159 -0.3398733656 0.1871468605 0.9216627084
0.6253356026 0.7799811784 0.0241815105 -0.7134374729 0.5839911469 -0.3872483861 -0.3161682405 0.2249082072 0.9216582566
0.7106949673 0.7030843949 0.0241867132 -0.6417190764 0.6619874307 -0.3872586585 -0.2882868197 0.2597017044 0.9216538040
0.7866681200 0.6169019537 0.0241919107 -0.5615258000 0.7312397346 -0.3872689331 -0.2565970478 0.2910677415 0.9216493503
0.8522516812 0.5225720736 0.0241971030 -0.4739168823 0.7908334858 -0.3872792099 -0.2215171791 0.3185919421 0.9216448957
0.9065794875 0.4213405772 0.0242022902 -0.3800494945 0.8399816864 -0.3872894889 -0.1835102573 0.3419106382 0.9216404402
0.9489340313 0.3145444363 0.0242074722 -0.2811634563 0.8780353062 -0.3872997701 -0.1430780031 0.3607156756 0.9216359837
0.9787559368 0.2035941155 0.0242126490 -0.1785648597 0.9044918537 -0.3873100535 -0.1007541915 0.3747584860 0.9216315262
0.9956513473 0.0899549431 0.0242178206 -0.0736088183 0.9190020113 -0.3873203391 -0.0570976049 0.3838533723 0.9216270678
0.9993971275 -0.0248722410 0.0242229870 0.0323184310 0.9213742478 -0.3873306269 -0.0126846558 0.3878799649 0.9216226084
0.9899438101 -0.1393709070 0.0242281483 0.1378178371 0.9115773461 -0.3873409169 0.0318982238 0.3867848140 0.9216181481
0.9674162488 -0.2520288645 0.0242333043 0.2414960129 0.8897408143 -0.3873512090 0.0760623255 0.3805821000 0.9216136869
0.9321119698 -0.3613582337 0.0242384552 0.3419836387 0.8561531735 -0.3873615034 0.1192244383 0.3693534491 0.9216092247
0.8844972420 -0.4659150961 0.0242436009 0.4379535469 0.8112581460 -0.3873717999 0.1608145507 0.3532468597 0.9216047615
0.8252009190 -0.5643185641 0.0242487414 0.5281382508 0.7556487925 -0.3873820987 0.2002833775 0.3324747517 0.9216002974
0.7550061338 -0.6552690191 0.0242538767 0.6113466842 0.6900596789 -0.3873923996 0.2371096153 0.3073111650 0.9215958324
0.6748399558 -0.7375652749 0.0242590068 0.6864799316 0.6153571723 -0.3874027026 0.2708068270 0.2780881441 0.9215913664
0.5857611468 -0.8101204421 0.0242641317 0.7525457418 0.5325279972 -0.3874130079 0.3009298678 0.2451913568 0.9215868994
0.4889461783 -0.8719762830 0.0242692515 0.8086716317 0.4426662026 -0.3874233153 0.3270807651 0.2090550046 0.9215824316
0.3856736930 -0.9223158665 0.0242743660 0.8541164085 0.3469587107 -0.3874336249 0.3489139768 0.1701560912 0.9215779627
0.2773076184 -0.9604743577 0.0242794753 0.8882799584 0.2466696402 -0.3874439367 0.3661409568 0.1290081267 0.9215734930
0.1652791528 -0.9859477982 0.0242845794 0.9107111706 0.1431236090 -0.3874542506 0.3785339687 0.0861543481 0.9215690223
0.0510678636 -0.9983997620 0.0242896784 0.9211138942 0.0376882392 -0.3874645667 0.3859290960 0.0421605479 0.9215645507
-0.0638178534 -0.9976657986 0.0242947721 0.9193508485 -0.0682439068 -0.3874748850 0.3882284107 -0.0023923961 0.9215600781
-0.1778606958 -0.9837556046 0.0242998606 0.9054454341 -0.1732737182 -0.3874852054 0.3854012698 -0.0469161904 0.9215556046
-0.2895544932 -0.9568528963 0.0243049440 0.8795814226 -0.2760140155 -0.3874955280 0.3774847235 -0.0908228940 0.9215511301
-0.3974240998 -0.9173129824 0.0243100221 0.8421005279 -0.3751078712 -0.3875058527 0.3645830301 -0.1335326823 0.9215466548
-0.5000448763 -0.8656580721 0.0243150950 0.7934978913 -0.4692465313 -0.3875161796 0.3468662830 -0.1744815035 0.9215421785
-0.5960615054 -0.8025703779 0.0243201627 0.7344155406 -0.5571867002 -0.3875265087 0.3245681677 -0.2131285287 0.9215377012
-0.6842058917 -0.7288831053 0.0243252252 0.6656339090 -0.6377669613 -0.3875368399 0.2979828803 -0.2489632943 0.9215332230
-0.7633139089 -0.6455694492 0.0243302825 0.5880615263 -0.7099231154 -0.3875471732 0.2674612451 -0.2815124446 0.9215287439
-0.8323407753 -0.5537297403 0.0243353346 0.5027230179 -0.7727022355 -0.3875575087 0.2334060861 -0.3103459844 0.9215242639
-0.8903748514 -0.4545769130 0.0243403815 0.4107455712 -0.8252752512 -0.3875678463 0.1962669097 -0.3350829596 0.9215197829
-0.9366496805 -0.3494204864 0.0243454232 0.3133440468 -0.8669478981 -0.3875781861 0.1565339718 -0.3553964907 0.9215153010
-0.9705541113 -0.2396492690 0.0243504597 0.2118049329 -0.8971698855 -0.3875885280 0.1147318065 -0.3710180919 0.9215108182
-0.9916403690 -0.1267130167 0.0243554909 0.1074693528 -0.9155421632 -0.3875988720 0.0714123012 -0.3817412196 0.9215063345
-0.9996299694 -0.0121032861 0.0243605169 0.0017153515 -0.9218221908 -0.3876092182 0.0271474103 -0.3874240041 0.9215018498
-0.9944173965 0.1026662652 0.0243655378 -0.1040603052 -0.9159271393 -0.3876195665 -0.0174783959 -0.3879911255 0.9214973642
-0.9760714965 0.2160798690 0.0243705534 -0.2084605789 -0.8979349835 -0.3876299169 -0.0618758492 -0.3834348128 0.9214928777
-0.9448345680 0.3266396655 0.0243755637 -0.3101066097 -0.8680834707 -0.3876402695 -0.1054586640 -0.3738149500 0.9214883902
-0.9011191619 0.4328854858 0.0243805689 -0.4076559280 -0.8267669792 -0.3876506242 -0.1476512795 -0.3592582890 0.9214839019
-0.8455026335 0.5334141363 0.0243855689 -0.4998201845 -0.7745313079 -0.3876609810 -0.1878964608 -0.3399567798 0.9214794126
-0.7787195162 0.6268979307 0.0243905636 -0.5853821656 -0.7120664663 -0.3876713399 -0.2256626584 -0.3161650392 0.9214749224
-0.7016518213 0.7121022249 0.0243955531 -0.6632118693 -0.6401975595 -0.3876817010 -0.2604510282 -0.2881969919 0.9214704313
-0.6153173889 0.7879017227 0.0244005374 -0.7322814289 -0.5598738896 -0.3876920641 -0.2918020214 -0.2564217290 0.9214659392
-0.5208564452 0.8532953383 0.0244055164 -0.7916786878 -0.4721564164 -0.3877024294 -0.3193014545 -0.2212586364 0.9214614463
-0.4195165432 0.9074194168 0.0244104903 -0.8406192453 -0.3782037436 -0.3877127968 -0.3425859811 -0.1831718602 0.9214569524
-0.3126360865 0.9495591413 0.0244154589 -0.8784568158 -0.2792568157 -0.3877231663 -0.3613478935 -0.1426641796 0.9214524576
-0.2016266530 0.9791579728 0.0244204223 -0.9046917633 -0.1766225270 -0.3877335379 -0.3753391883 -0.1002703704 0.9214479619
-0.0879543517 0.9958250011 0.0244253804 -0.9189776987 -0.0716564608 -0.3877439116 -0.3843748449 -0.0565501442 0.9214434653
0.0268795403 0.9993401068 0.0244303333 -0.9211260535 0.0342550160 -0.3877542874 -0.3883352725 -0.0120807595 0.9214389678
0.1413584047 0.9896568691 0.0244352810 -0.9111085689 0.1397130629 -0.3877646653 -0.3871678926 0.0325506006 0.9214344694
0.2539703127 0.9669031781 0.0244402235 -0.8890576673 0.2433248415 -0.3877750453 -0.3808878372 0.0767545814 0.9214299700
0.3632279927 0.9313795464 0.0244451607 -0.8552647017 0.3437219114 -0.3877854274 -0.3695777529 0.1199474393 0.9214254698
0.4676884732 0.8835551398 0.0244500927 -0.8101761063 0.4395783039 -0.3877958116 -0.3533867128 0.1615587501 0.9214209686
0.5659721396 0.8240615809 0.0244550195 -0.7543874989 0.5296280340 -0.3878061979 -0.3325282524 0.2010389426 0.9214164666
0.6567809556 0.7536846076 0.0244599410 -0.6886358123 0.6126818207 -0.3878165863 -0.3072775528 0.2378665568 0.9214119636
0.7389156055 0.6733536951 0.0244648573 -0.6137895601 0.6876427939 -0.3878269768 -0.2779678107 0.2715551314 0.9214074597
0.8112913346 0.5841297809 0.0244697684 -0.5308373649 0.7535209798 -0.3878373693 -0.2449858414 0.3016596296 0.9214029550
0.8729522747 0.4871912524 0.0244746742 -0.4408748991 0.8094463759 -0.3878477639 -0.2087669742 0.3277823183 0.9213984493
0.9230840689 0.3838183844 0.0244795747 -0.3450904132 0.8546804397 -0.3878581606 -0.1697893063 0.3495780225 0.9213939427
0.9610246265 0.2753764298 0.0244844701 -0.2447490410 0.8886258423 -0.3878685594 -0.1285673920 0.3667586869 0.9213894352
0.9862728673 0.1632975888 0.0244893602 -0.1411760895 0.9108343559 -0.3878789603 -0.0856454496 0.3790971822 0.9213849268
0.9984953394 0.0490620942 0.0244942450 -0.0357395342 0.9210127728 -0.3878893632 -0.0415901770 0.3864303085 0.9213804175
0.9975306232 -0.0658213389 0.0244991246 0.0701680490 0.9190267758 -0.3878997683 0.0030167306 0.3886609534 0.9213759074
0.9833914628 -0.1798354382 0.0245039990 0.1751478762 0.9049027115 -0.3879101753 0.0475862612 0.3857593782 0.9213713963
0.9562645982 -0.2914744132 0.0245088681 0.2778134306 0.8788272401 -0.3879205845 0.0915298638 0.3777636146 0.9213668843
0.9165082986 -0.3992638421 0.0245137320 0.3768087742 0.8411448688 -0.3879309957 0.1342672200 0.3647789661 0.9213623714
0.8646476306 -0.5017801447 0.0245185906 0.4708264568 0.7923534002 -0.3879414090 0.1752339077 0.3469766212 0.9213578577
0.8013675241 -0.5976693835 0.0245234440 0.5586247834 0.7330973560 -0.3879518243 0.2138888557 0.3245913965 0.9213533430
0.7275037258 -0.6856651455 0.0245282921 0.6390442133 0.6641594632 -0.3879622417 0.2497214896 0.2979186395 0.9213488275
0.6440317617 -0.7646052676 0.0245331350 0.7110226739 0.5864503145 -0.3879726612 0.2822584757 0.2673103317 0.9213443110
0.5520540530 -0.8334471851 0.0245379726 0.7736095876 0.5009963409 -0.3879830827 0.3110699737 0.2331704441 0.9213397937
0.4527853568 -0.8912817015 0.0245428049 0.8259784249 0.4089262533 -0.3879935062 0.3357753151 0.1959496055 0.9213352755
0.3475367219 -0.9373449955 0.0245476321 0.8674376202 0.3114561348 -0.3880039318 0.3560480332 0.1561391541 0.9213307564
0.2376981747 -0.9710287095 0.0245524539 0.8974397040 0.2098733775 -0.3880143595 0.3716201763 0.1142646520 0.9213262364
0.1247203602 -0.9918879837 0.0245572705 0.9155885322 0.1055196792 -0.3880247892 0.3822858505 0.0708789467 0.9213217155
0.0100953836 -0.9996473315 0.0245620819 0.9216445171 -0.0002266778 -0.3880352209 0.3879039408 0.0265548725 0.9213171937
-0.1046628961 -0.9942042779 0.0245668879 0.9155277900 -0.1059690311 -0.3880456547 0.3883999792 -0.0181223134 0.9213126711
-0.2180388597 -0.9756307128 0.0245716888 0.8973192545 -0.2103107844 -0.3880560905 0.3837671313 -0.0625626580 0.9213081475
-0.3285351448 -0.9441719415 0.0245764843 0.8672595165 -0.3118738535 -0.3880665284 0.3740662904 -0.1061793032 0.9213036231
-0.4346924213 -0.9002434447 0.0245812746 0.8257457049 -0.4093168670 -0.3880769682 0.3594252770 -0.1483962350 0.9212990978
-0.5351086650 -0.8444253918 0.0245860597 0.7733262246 -0.5013528821 -0.3880874102 0.3400371553 -0.1886558913 0.9212945716
-0.6284576743 -0.7774549776 0.0245908394 0.7106935127 -0.5867663817 -0.3880978541 0.3161576864 -0.2264265247 0.9212900446
-0.7135065852 -0.7002166869 0.0245956140 0.6386748909 -0.6644293274 -0.3881083001 0.2881019553 -0.2612092268 0.9212855166
-0.7891321538 -0.6137306127 0.0246003832 0.5582216379 -0.7333160576 -0.3881187481 0.2562402131 -0.2925445174 0.9212809878
-0.8543355912 -0.5191389837 0.0246051472 0.4703964240 -0.7925168326 -0.3881291981 0.2209929908 -0.3200184147 0.9212764581
-0.9082557543 -0.4176910787 0.0246099059 0.3763592744 -0.8412498491 -0.3881396501 0.1828255488 -0.3432679044 0.9212719276
-0.9501805193 -0.3107267277 0.0246146593 0.2773522477 -0.8788715647 -0.3881501042 0.1422417359 -0.3619857365 0.9212673961
-0.9795561861 -0.1996586162 0.0246194075 0.1746830305 -0.9048851962 -0.3881605603 0.0997773377 -0.3759244853 0.9212628638
-0.9959947917 -0.0859536281 0.0246241504 0.0697076649 -0.9189472792 -0.3881710184 0.0559930034 -0.3848998205 0.9212583306
-0.9992792334 0.0288865278 0.0246288881 -0.0361873613 -0.9208722032 -0.3881814785 0.0114668433 -0.3887929447 0.9212537965
-0.9893661367 0.1433451508 0.0246336204 -0.1416034273 -0.9106346615 -0.3881919406 -0.0332132037 -0.3875521656 0.9212492616
-0.9663864275 0.2559105794 0.0246383475 -0.2451482515 -0.8883699836 -0.3882024047 -0.0774571339 -0.3811935828 0.9212447258
-0.9306436031 0.3650961561 0.0246430693 -0.3454542806 -0.8543723468 -0.3882128708 -0.1206806699 -0.3698008786 0.9212401891
-0.8826097240 0.4694598617 0.0246477859 -0.4411967507 -0.8090908887 -0.3882233389 -0.1623129760 -0.3535242171 0.9212356516
-0.8229191794 0.5676233597 0.0246524971 -0.5311111843 -0.7531237743 -0.3882338091 -0.2018041974 -0.3325782645 0.9212311132
-0.7523603084 0.6582902010 0.0246572031 -0.6140100897 -0.6872102937 -0.3882442812 -0.2386327221 -0.3072393586 0.9212265739
-0.6718649885 0.7402629450 0.0246619038 -0.6887986450 -0.6122210970 -0.3882547553 -0.2723120708 -0.2778418626 0.9212220338
-0.5824963283 0.8124589752 0.0246665992 -0.7544891562 -0.5291466935 -0.3882652314 -0.3023973226 -0.2447737533 0.9212174928
-0.4854346268 0.8739247969 0.0246712894 -0.8102141017 -0.4390843687 -0.3882757095 -0.3284909930 -0.2084715007 0.9212129509
-0.3819617852 0.9238486299 0.0246759742 -0.8552375888 -0.3432236905 -0.3882861896 -0.3502482853 -0.1694143068 0.9212084082
-0.2734443767 0.9615711301 0.0246806538 -0.8889650717 -0.2428307973 -0.3882966717 -0.3673816465 -0.1281177805 0.9212038646
-0.1613155980 0.9865940971 0.0246853281 -0.9109512026 -0.1392316747 -0.3883071557 -0.3796645681 -0.0851271303 0.9211993201
-0.0470563410 0.9985870542 0.0246899971 -0.9209057125 -0.0337946418 -0.3883176418 -0.3869345804 -0.0410099667 0.9211947748
0.0678243653 0.9973916128 0.0246946608 -0.9186972429 0.0720877215 -0.3883281298 -0.3890954015 0.0036511921 0.9211902286
0.1818092848 0.9830235641 0.0246993193 -0.9043550795 0.1770169669 -0.3883386198 -0.3861182127 0.0482666119 0.9211856816
0.2933930124 0.9556726710 0.0247039724 -0.8780687640 0.2796072480 -0.3883491118 -0.3780420426 0.0922471292 0.9211811337
0.4011018562 0.9157001611 0.0247086203 -0.8401855887 0.3785036237 -0.3883596057 -0.3649732558 0.1350119320 0.9211765850
0.5035133002 0.8636339567 0.0247132629 -0.7912060086 0.4723999535 -0.3883701016 -0.3470841517 0.1759962295 0.9211720354
0.5992747921 0.8001617018 0.0247179001 -0.7317770298 0.5600561477 -0.3883805995 -0.3246106934 0.2146587115 0.9211674850
0.6871216059 0.7261216807 0.0247225321 -0.6626836627 0.6403145455 -0.3883910994 -0.2978493948 0.2504886978 0.9211629337
0.7658935456 0.6424917466 0.0247271588 -0.5848385529 0.7121152036 -0.3884016012 -0.2671534089 0.2830128837 0.9211583815
0.8345502679 0.5503764069 0.0247317802 -0.4992699259 0.7745098952 -0.3884121050 -0.2329278673 0.3118015922 0.9211538285
0.8921850221 0.4509922362 0.0247363963 -0.4071080059 0.8266746319 -0.3884226107 -0.1956245331 0.3364744505 0.9211492747
0.9380366251 0.3456518083 0.0247410072 -0.3095700869 0.8679205458 -0.3884331184 -0.1557358382 0.3567054157 0.9211447200
0.9714995150 0.2357463617 0.0247456127 -0.2079444551 0.8977029862 -0.3884436280 -0.1137883824 0.3722270833 0.9211401644
0.9921317484 0.1227274247 0.0247502129 -0.1035733725 0.9156287118 -0.3884541396 -0.0703359817 0.3828342217 0.9211356080
0.9996608372 0.0080876455 0.0247548078 0.0021646514 0.9214610830 -0.3884646532 -0.0259523564 0.3883864860 0.9211310508
0.9939873474 -0.1066589214 0.0247593974 0.1078730663 0.9151231856 -0.3884751687 0.0187764438 0.3888102746 0.9211264927
0.9751862120 -0.2199968118 0.0247639818 0.2121557268 0.8966988453 -0.3884856862 0.0632597785 0.3840997052 0.9211219338
0.9435057417 -0.3304291661 0.0247685608 0.3136353316 0.8664315190 -0.3884962056 0.1069102155 0.3743166963 0.9211173740
0.8993643452 -0.4364974986 0.0247731345 0.4109716142 0.8247210774 -0.3885067269 0.1491512883 0.3595901531 0.9211128134
0.8433450034 -0.5368009601 0.0247777029 0.5028790443 0.7721185227 -0.3885172502 0.1894251095 0.3401142692 0.9211082519
0.7761875694 -0.6300148382 0.0247822660 0.5881438055 0.7093187097 -0.3885277754 0.2271997386 0.3161459659 0.9211036896
0.6987789978 -0.7149080539 0.0247868238 0.6656398265 0.6371511664 -0.3885383025 0.2619762080 0.2880015028 0.9210991265
0.6121416304 -0.7903594195 0.0247913763 0.7343436528 0.5565691377 -0.3885488316 0.2932951141 0.2560523051 0.9210945625
0.5174196937 -0.8553724468 0.0247959235 0.7933479628 0.4686369934 -0.3885593626 0.3207426857 0.2207200618 0.9210899977
0.4158641876 -0.9090885075 0.0248004654 0.8418735504 0.3745161698 -0.3885698955 0.3439562511 0.1824711598 0.9210854321
0.3088163627 -0.9507981731 0.0248050020 0.8792796147 0.2754498289 -0.3885804304 0.3626290298 0.1418105277 0.9210808656
0.1976900071 -0.9799505846 0.0248095332 0.9050722226 0.1727464387 -0.3885909672 0.3765141869 0.0992749704 0.9210762983
0.0839527735 -0.9961607271 0.0248140592 0.9189108305 0.0677624908 -0.3886015059 0.3854280962 0.0554260819 0.9210717301
-0.0308932034 -0.9992145155 0.0248185798 0.9206127809 -0.0381154160 -0.3886120465 0.3892527683 0.0108428308 0.9210671612
-0.1453311461 -0.9890716212 0.0248230951 0.9101557130 -0.1434888894 -0.3886225891 0.3879374126 -0.0338860844 0.9210625914
-0.2578496666 -0.9658660049 0.0248276052 0.8876778567 -0.2469662128 -0.3886331335 0.3814991117 -0.0781700086 0.9210580207
-0.3669627267 -0.9299041475 0.0248321099 0.8534762052 -0.3471807270 -0.3886436799 0.3700225998 -0.1214241296 0.9210534493
-0.4712292651 -0.8816610021 0.0248366092 0.8080025911 -0.4428088795 -0.3886542282 0.3536591474 -0.1630772017 0.9210488770
-0.5692722288 -0.8217737213 0.0248411033 0.7518577170 -0.5325877049 -0.3886647784 0.3326245675 -0.2025790894 0.9210443038
-0.6597967605 -0.7510332426 0.0248455920 0.6857832205 -0.6153315057 -0.3886753305 0.3071963693 -0.2394080338 0.9210397299
-0.7416072992 -0.6703738417 0.0248500755 0.6106518777 -0.6899475107 -0.3886858845 0.2777100973 -0.2730775438 0.9210351551
-0.8136233706 -0.5808607940 0.0248545536 0.5274560742 -0.7554503074 -0.3886964404 0.2445549031 -0.3031428227 0.9210305795
-0.8748938566 -0.4836763055 0.0248590264 0.4372946978 -0.8109748559 -0.3887069982 0.2081684101 -0.3292066443 0.9210260031
-0.9246095570 -0.3801038987 0.0248634938 0.3413586231 -0.8557879122 -0.3887175579 0.1690309367 -0.3509246010 0.9210214258
-0.9621138763 -0.2715114617 0.0248679560 0.2409149827 -0.8892977118 -0.3887281195 0.1276591562 -0.3680096547 0.9210168478
-0.9869114957 -0.1593331818 0.0248724128 0.1372904302 -0.9110617839 -0.3887386830 0.0845992760 -0.3802359308 0.9210122689
-0.9986749144 -0.0450506047 0.0248768643 0.0318536186 -0.9207927937 -0.3887492483 0.0404198261 -0.3874417041 0.9210076892
-0.9972487753 0.0698269329 0.0248813104 -0.0740028774 -0.9183623359 -0.3887598156 -0.0042958472 -0.3895315385 0.9210031087
-0.9826519164 0.1837822367 0.0248857513 -0.1788809536 -0.9038026291 -0.3887703847 -0.0489572834 -0.3864775505 0.9209985273
-0.9550771222 0.2953102930 0.0248901868 -0.2813954419 -0.8773060890 -0.3887809558 -0.0929747055 -0.3783197815 0.9209939452
-0.9148885775 0.4029381452 0.0248946170 -0.3801924049 -0.8392227848 -0.3887915287 -0.1357668076 -0.3651656729 0.9209893622
-0.8626170573 0.5052443470 0.0248990418 -0.4739670177 -0.7900558148 -0.3888021035 -0.1767684321 -0.3471886510 0.9209847784
-0.7989529173 0.6008777359 0.0249034614 -0.5614808008 -0.7304546599 -0.3888126801 -0.2154380335 -0.3246258405 0.9209801938
-0.7247369758 0.6885752782 0.0249078756 -0.6415779768 -0.6612066040 -0.3888232587 -0.2512648317 -0.2977749370 0.9209756084
-0.6409494091 0.7671787491 0.0249122844 -0.7132007345 -0.5832263351 -0.3888338391 -0.2837755579 -0.2669902789 0.9209710222
-0.5486968065 0.8356500303 0.0249166880 -0.7754031988 -0.4975438626 -0.3888444213 -0.3125407073 -0.2326781718 0.9209664351
-0.4491975551 0.8930848201 0.0249210861 -0.8273639227 -0.4052909130 -0.3888550055 -0.3371802129 -0.1952915253 0.9209618473
-0.3437657485 0.9387245766 0.0249254790 -0.8683967346 -0.3076859812 -0.3888655915 -0.3573684673 -0.1553238757 0.9209572586
-0.2337938318 0.9719665354 0.0249298665 -0.8979598006 -0.2060182363 -0.3888761794 -0.3728386256 -0.1133028701 0.9209526692
-0.1207342112 0.9923716710 0.0249342487 -0.9156627782 -0.1016304947 -0.3888867691 -0.3833861329 -0.0697833008 0.9209480789
-0.0060800720 0.9996704946 0.0249386256 -0.9212719712 0.0040985163 -0.3888973607 -0.3888714283 -0.0253397807 0.9209434878
0.1086543420 0.9937666129 0.0249429971 -0.9147134144 0.1097723678 -0.3889079541 -0.3892217922 0.0194408438 0.9209388960
0.2219537269 0.9747380018 0.0249473632 -0.8960738486 0.2139953734 -0.3889185494 -0.3844323101 0.0639672417 0.9209343033
0.3323217319 0.9428359762 0.0249517241 -0.8655995737 0.3153910222 -0.3889291466 -0.3745659414 0.1076514059 0.9209297098
0.4383007213 0.8984818706 0.0249560796 -0.8236931944 0.4126201592 -0.3889397456 -0.3597526917 0.1499164181 0.9209251155
0.5384910257 0.8422614750 0.0249604297 -0.7709083006 0.5043986718 -0.3889503465 -0.3401879001 0.1902040686 0.9209205204
0.6315694275 0.7749172977 0.0249647745 -0.7079421548 0.5895144490 -0.3889609491 -0.3161296629 0.2279822277 0.9209159245
0.7163066367 0.6973387596 0.0249691140 -0.6356264815 0.6668433897 -0.3889715537 -0.2878954293 0.2627518753 0.9209113279
0.7915835261 0.6105504468 0.0249734481 -0.5549164811 0.7353642486 -0.3889821601 -0.2558578125 0.2940536919 0.9209067304
0.8564059118 0.5156985794 0.0249777768 -0.4668782123 0.7941721231 -0.3889927683 -0.2204396721 0.3214741266 0.9209021321
0.9099176834 0.4140358730 0.0249821003 -0.3726745117 0.8424904035 -0.3890033783 -0.1821085331 0.3446508608 0.9208975330
0.9514121102 0.3069049941 0.0249864183 -0.2735496342 0.8796810292 -0.3890139902 -0.1413704145 0.3632775957 0.9208929332
0.9803411759 0.1957208271 0.0249907310 -0.1708128190 0.9052529141 -0.3890246039 -0.0987631494 0.3771081004 0.9208883325
0.9963228154 0.0819517885 0.0249950384 -0.0658209971 0.9188684315 -0.3890352195 -0.0548492838 0.3859594668 0.9208837310
0.9991459610 -0.0328995673 0.0249993404 0.0400391310 0.9203478716 -0.3890458368 -0.0102086501 0.3897145284 0.9208791288
0.9887733303 -0.1473163919 0.0250036371 0.1453694102 0.9096718137 -0.3890564560 0.0345692894 0.3883234117 0.9208745257
0.9653419181 -0.2597875761 0.0250079284 0.2487786970 0.8869813806 -0.3890670770 0.0788932260 0.3818041982 0.9208699219
0.9291611870 -0.3688277073 0.0250122144 0.3489012333 0.8525763736 -0.3890776999 0.1221778130 0.3702426899 0.9208653173
0.8807089808 -0.4729966872 0.0250164950 0.4444146839 0.8069113114 -0.3890883245 0.1638513957 0.3537912794 0.9208607119
