1975
42193
0.4884786880 0.8721798438 0.0262848127 -0.7937703625 0.4566708222 -0.4017217591 -0.3623771282 0.1753684126 0.9153844749
0.5853200197 0.8103762664 0.0262827203 -0.7361302568 0.5447227772 -0.4017329225 -0.3398716222 0.2157948165 0.9153796358
0.6744310113 0.7378700021 0.0262806223 -0.6687688030 0.6255797137 -0.4017440850 -0.3128755330 0.2533730092 0.9153747970
0.7546347684 0.6556186435 0.0262785186 -0.5925757388 0.6981738434 -0.4017552466 -0.2817452042 0.2876064649 0.9153699587
0.8248720352 0.5647084874 0.0262764094 -0.5085574297 0.7615465151 -0.4017664074 -0.2468916082 0.3180428109 0.9153651207
0.8842151835 0.4663401878 0.0262742945 -0.4178235774 0.8148608744 -0.4017775672 -0.2087749207 0.3442798056 0.9153602831
0.9318804639 0.3618128990 0.0262721740 -0.3215725628 0.8574129148 -0.4017887261 -0.1678984450 0.3659706542 0.9153554460
0.9672383576 0.2525071172 0.0262700479 -0.2210756181 0.8886407734 -0.4017998841 -0.1248019661 0.3828285929 0.9153506092
0.9898218896 0.1398664489 0.0262679161 -0.1176600372 0.9081321505 -0.4018110413 -0.0800546226 0.3946306801 0.9153457728
0.9993327966 0.0253785448 0.0262657787 -0.0126916457 0.9156297525 -0.4018221975 -0.0342473911 0.4012207444 0.9153409367
0.9956454662 -0.0894445480 0.0262636357 0.0924432380 0.9110346889 -0.4018333528 0.0120147194 0.4025114514 0.9153361011
0.9788085955 -0.2030863552 0.0262614871 0.1963561114 0.8944077759 -0.4018445072 0.0581206581 0.3984854612 0.9153312659
0.9490445485 -0.3140460035 0.0262593328 0.2976746260 0.8659687321 -0.4018556607 0.1034614031 0.3891956611 0.9153264311
0.9067464190 -0.4208580431 0.0262571730 0.3950607115 0.8260932748 -0.4018668132 0.1474380066 0.3747644713 0.9153215966
0.8524728390 -0.5221118015 0.0262550075 0.4872282470 0.7753081559 -0.4018779649 0.1894695068 0.3553822309 0.9153167626
0.7869406011 -0.6164700146 0.0262528364 0.5729600460 0.7142842042 -0.4018891156 0.2290006027 0.3313046886 0.9153119290
0.7110151914 -0.7026864880 0.0262506596 0.6511239310 0.6438274638 -0.4019002654 0.2655089904 0.3028496269 0.9153070957
0.6256993596 -0.7796225554 0.0262484773 0.7206876850 0.5648685473 -0.4019114143 0.2985122646 0.2703926689 0.9153022629
0.5321198749 -0.8462621172 0.0262462893 0.7807326827 0.4784503445 -0.4019225623 0.3275742923 0.2343623194 0.9152974305
0.4315126453 -0.9017250603 0.0262440957 0.8304660214 0.3857142474 -0.4019337093 0.3523109766 0.1952343079 0.9152925984
0.3252063948 -0.9452788814 0.0262418965 0.8692309916 0.2878850751 -0.4019448554 0.3723953329 0.1535253071 0.9152877668
0.2146051147 -0.9763483617 0.0262396917 0.8965157483 0.1862548969 -0.4019560006 0.3875618115 0.1097861105 0.9152829356
0.1011695212 -0.9945231634 0.0262374813 0.9119600694 0.0821659677 -0.4019671448 0.3976098084 0.0645943588 0.9152781048
-0.0136022366 -0.9995632496 0.0262352652 0.9153601116 -0.0230070001 -0.4019782881 0.4024063187 0.0185469115 0.9152732744
-0.1281943624 -0.9914020541 0.0262330435 0.9066711004 -0.1278749921 -0.4019894304 0.4018876973 -0.0277480363 0.9152684444
-0.2410934322 -0.9701473606 0.0262308162 0.8860079201 -0.2310530365 -0.4020005718 0.3960605034 -0.0736789867 0.9152636148
-0.3508083821 -0.9360798793 0.0262285833 0.8536435950 -0.3311784956 -0.4020117123 0.3850014179 -0.1186392162 0.9152587856
-0.4558902009 -0.8896495397 0.0262263448 0.8100056811 -0.4269290610 -0.4020228518 0.3688562338 -0.1620347904 0.9152539568
-0.5549510672 -0.8314695482 0.0262241007 0.7556706187 -0.5170402176 -0.4020339903 0.3478379350 -0.2032924096 0.9152491285
-0.6466826784 -0.7623082894 0.0262218509 0.6913561171 -0.6003219423 -0.4020451279 0.3222238862 -0.2418669831 0.9152443005
-0.7298735295 -0.6830791782 0.0262195956 0.6179116748 -0.6756744203 -0.4020562646 0.2923521728 -0.2772488307 0.9152394730
-0.8034249140 -0.5948285963 0.0262173346 0.5363073589 -0.7421025687 -0.4020674003 0.2586171387 -0.3089704170 0.9152346459
-0.8663654337 -0.4987220725 0.0262150680 0.4476209918 -0.7987291777 -0.4020785350 0.2214641800 -0.3366125296 0.9152298192
-0.9178638287 -0.3960288895 0.0262127958 0.3530239162 -0.8448064943 -0.4020896688 0.1813838651 -0.3598098190 0.9152249929
-0.9572399558 -0.2881053206 0.0262105180 0.2537655237 -0.8797260962 -0.4021008016 0.1389054570 -0.3782556277 0.9152201670
-0.9839737710 -0.1763767171 0.0262082346 0.1511567535 -0.9030269259 -0.4021119334 0.0945899242 -0.3917060438 0.9152153416
-0.9977121980 -0.0623186840 0.0262059456 0.0465527789 -0.9144013779 -0.4021230642 0.0490225329 -0.3999831267 0.9152105166
-0.9982737910 0.0525624089 0.0262036509 -0.0586648913 -0.9136993600 -0.4021341941 0.0028051171 -0.4029772608 0.9152056920
-0.9856511315 0.1667493214 0.0262013507 -0.1631066583 -0.9009302732 -0.4021453230 -0.0434518697 -0.4006486074 0.9152008678
-0.9600109260 0.2787339809 0.0261990448 -0.2653931852 -0.8762628864 -0.4021564510 -0.0891374179 -0.3930276348 0.9151960440
-0.9216918043 0.3870374002 0.0261967334 -0.3641736143 -0.8400231056 -0.4021675779 -0.1336480325 -0.3802147196 0.9151912207
-0.8711998474 0.4902292100 0.0261944163 -0.4581434066 -0.7926896676 -0.4021787039 -0.1763957052 -0.3623788246 0.9151863978
-0.8092019038 0.5869465505 0.0261920936 -0.5460615705 -0.7348878164 -0.4021898289 -0.2168156822 -0.3397552710 0.9151815753
-0.7365167819 0.6759120698 0.0261897653 -0.6267670507 -0.6673810438 -0.4022009529 -0.2543739256 -0.3126426335 0.9151767532
-0.6541044366 0.7559507950 0.0261874314 -0.6991940610 -0.5910610045 -0.4022120759 -0.2885741690 -0.2813987998 0.9151719316
-0.5630532906 0.8260056495 0.0261850919 -0.7623861592 -0.5069357389 -0.4022231979 -0.3189644749 -0.2464362468 0.9151671104
-0.4645658599 0.8851514139 0.0261827468 -0.8155088771 -0.4161163588 -0.4022343190 -0.3451432069 -0.2082165947 0.9151622897
-0.3599428721 0.9326069460 0.0261803961 -0.8578607401 -0.3198023723 -0.4022454390 -0.3667643376 -0.1672445126 0.9151574693
-0.2505660875 0.9677454965 0.0261780398 -0.8888825303 -0.2192658405 -0.4022565580 -0.3835420226 -0.1240610541 0.9151526494
-0.1378800503 0.9901029874 0.0261756778 -0.9081646698 -0.1158345775 -0.4022676761 -0.3952543792 -0.0792365132 0.9151478300
-0.0233730102 0.9993841405 0.0261733103 -0.9154526287 -0.0108746132 -0.4022787931 -0.4017464212 -0.0333628921 0.9151430109
0.0914427327 0.9954663775 0.0261709372 -0.9106502851 0.0942278480 -0.4022899091 -0.4029321096 0.0129539172 0.9151381923
0.2050508011 0.9784014388 0.0261685585 -0.8938211923 0.1980847346 -0.4023010241 -0.3987954928 0.0591021351 0.9151333742
0.3159507673 0.9484147004 0.0261661741 -0.8651877386 0.2993244403 -0.4023121381 -0.3893909214 0.1044721757 0.9151285565
0.4226779696 0.9059021969 0.0261637842 -0.8251282074 0.3966099380 -0.4023232511 -0.3748423339 0.1484646986 0.9151237392
0.5238228558 0.8514253916 0.0261613887 -0.7741717808 0.4886564376 -0.4023343631 -0.3553416236 0.1904985262 0.9151189223
0.6180495996 0.7857037608 0.0261589875 -0.7129915482 0.5742483537 -0.4023454741 -0.3311461076 0.2300183221 0.9151141059
0.7041137427 0.7096052921 0.0261565808 -0.6423956158 0.6522553580 -0.4023565840 -0.3025751313 0.2665019275 0.9151092900
0.7808786306 0.6241350204 0.0261541685 -0.5633164327 0.7216473075 -0.4023676929 -0.2700058535 0.2994672602 0.9151044745
0.8473304243 0.5304217548 0.0261517505 -0.4767984745 0.7815078473 -0.4023788008 -0.2338682679 0.3284786853 0.9150996594
0.9025914903 0.4297031701 0.0261493270 -0.3839844484 0.8310465123 -0.4023899077 -0.1946395260 0.3531527715 0.9150948448
0.9459319913 0.3233094608 0.0261468979 -0.2861002002 0.8696091650 -0.4024010135 -0.1528376367 0.3731633593 0.9150900306
0.9767795258 0.2126457734 0.0261444631 -0.1844385238 0.8966866331 -0.4024121183 -0.1090146268 0.3882458719 0.9150852168
0.9947266872 0.0991736482 0.0261420228 -0.0803420873 0.9119214327 -0.4024232221 -0.0637492500 0.3982008139 0.9150804036
0.9995364446 -0.0156082830 0.0261395769 0.0248143005 0.9151124875 -0.4024343248 -0.0176393444 0.4028964095 0.9150755907
0.9911452737 -0.1301840896 0.0261371254 0.1296418467 0.9062177830 -0.4024454265 0.0287060636 0.4022703476 0.9150707783
0.9696639953 -0.2430405630 0.0261346683 0.2327561166 0.8853549198 -0.4024565272 0.0746748038 0.3963306080 0.9150659664
0.9353763122 -0.3526872018 0.0261322056 0.3327953173 0.8527995580 -0.4024676268 0.1196596478 0.3851553602 0.9150611549
0.8887350619 -0.4576758969 0.0261297373 0.4284382823 0.8089817760 -0.4024787253 0.1630663304 0.3688919346 0.9150563439
0.8303562360 -0.5566200567 0.0261272634 0.5184219197 0.7544803879 -0.4024898228 0.2043214002 0.3477548804 0.9150515333
0.7610108452 -0.6482129197 0.0261247839 0.6015578929 0.6900152980 -0.4025009193 0.2428797955 0.3220231347 0.9150467232
0.6816147361 -0.7312448133 0.0261222988 0.6767483139 0.6164379918 -0.4025120147 0.2782320457 0.2920363424 0.9150419135
0.5932164959 -0.8046191302 0.0261198081 0.7430002419 0.5347202887 -0.4025231091 0.3099110025 0.2581903720 0.9150371043
0.4969836035 -0.8673668105 0.0261173119 0.7994387960 0.4459415067 -0.4025342024 0.3374980138 0.2209320908 0.9150322956
0.3941870105 -0.9186591411 0.0261148100 0.8453187079 0.3512742061 -0.4025452946 0.3606284554 0.1807534637 0.9150274873
0.2861843559 -0.9578187000 0.0261123026 0.8800341634 0.2519687035 -0.4025563858 0.3789965511 0.1381850583 0.9150226795
0.1744020356 -0.9843283034 0.0261097895 0.9031268017 0.1493365578 -0.4025674759 0.3923594144 0.0937890380 0.9150178721
0.0603163640 -0.9978378358 0.0261072709 0.9142917672 0.0447332480 -0.4025785649 0.4005402609 0.0481517381 0.9150130652
-0.0545659241 -0.9981688746 0.0261047467 0.9133817343 -0.0604597286 -0.4025896529 0.4034307466 0.0018759224 0.9150082588
-0.1687275724 -0.9853170457 0.0261022169 0.9004088511 -0.1648531020 -0.4026007398 0.4009924030 -0.0444271783 0.9150034528
-0.2806608422 -0.9594520823 0.0260996815 0.8755445771 -0.2670681773 -0.4026118256 0.3932571488 -0.0901459394 0.9149986473
-0.3888874247 -0.9209155825 0.0260971405 0.8391174177 -0.3657550428 -0.4026229104 0.3803268728 -0.1346764215 0.9149938422
-0.4919779654 -0.8702164982 0.0260945940 0.7916085833 -0.4596103977 -0.4026339940 0.3623720910 -0.1774303486 0.9149890377
-0.5885709417 -0.8080244130 0.0260920418 0.7336456327 -0.5473947643 -0.4026450766 0.3396296988 -0.2178428794 0.9149842335
-0.6773906441 -0.7351606995 0.0260894841 0.6659941834 -0.6279488562 -0.4026561581 0.3123998445 -0.2553800696 0.9149794299
-0.7572640254 -0.6525876710 0.0260869208 0.5895477990 -0.7002088886 -0.4026672385 0.2810419692 -0.2895459272 0.9149746267
-0.8271361925 -0.5613958725 0.0260843519 0.5053161863 -0.7632206261 -0.4026783178 0.2459700609 -0.3198889654 0.9149698241
-0.8860843387 -0.4627896775 0.0260817774 0.4144118593 -0.8161519841 -0.4026893961 0.2076471901 -0.3460081694 0.9149650218
-0.9333299314 -0.3580713820 0.0260791973 0.3180354452 -0.8583040164 -0.4027004732 0.1665793948 -0.3675582959 0.9149602201
-0.9682489940 -0.2486240052 0.0260766117 0.2174598271 -0.8891201447 -0.4027115493 0.1233089991 -0.3842544370 0.9149554188
-0.9903803469 -0.1358930235 0.0260740204 0.1140133325 -0.9081935080 -0.4027226242 0.0784074511 -0.3958757863 0.9149506180
-0.9994316986 -0.0213672803 0.0260714236 0.0090621897 -0.9152723339 -0.4027336981 0.0324677766 -0.4022685597 0.9149458177
-0.9952835055 0.0934406773 0.0260688212 -0.0960075160 -0.9102632622 -0.4027447708 -0.0139032539 -0.4033480301 0.9149410179
-0.9779905513 0.2070145746 0.0260662132 -0.1998081487 -0.8932325762 -0.4027558424 -0.0600931386 -0.3990996502 0.9149362185
-0.9477812230 0.3178544354 0.0260635997 -0.3009688474 -0.8644053255 -0.4027669130 -0.1054917354 -0.3895792489 0.9149314196
-0.9050544950 0.4244963914 0.0260609805 -0.3981536312 -0.8241623523 -0.4027779824 -0.1494993210 -0.3749122975 0.9149266212
-0.8503746598 0.5255320163 0.0260583558 -0.4900790425 -0.7730352597 -0.4027890507 -0.1915345141 -0.3552922560 0.9149218233
-0.7844638749 0.6196269266 0.0260557255 -0.5755310973 -0.7116993896 -0.4028001179 -0.2310419551 -0.3309780216 0.9149170259
-0.7081926261 0.7055384050 0.0260530896 -0.6533813165 -0.6409649018 -0.4028111840 -0.2674996442 -0.3022905122 0.9149122289
-0.6225682300 0.7821318131 0.0260504482 -0.7226016294 -0.5617660731 -0.4028222489 -0.3004258379 -0.2696084308 0.9149074324
-0.5287215314 0.8483955766 0.0260478012 -0.7822779497 -0.4751489572 -0.4028333127 -0.3293854151 -0.2333632665 0.9149026365
-0.4278919671 0.9034545449 0.0260451486 -0.8316222464 -0.3822575682 -0.4028443754 -0.3539956267 -0.1940335972 0.9148978410
-0.3214111974 0.9465815500 0.0260424904 -0.8699829500 -0.2843187709 -0.4028554370 -0.3739311552 -0.1521387710 0.9148930460
-0.2106855186 0.9772070096 0.0260398266 -0.8968535561 -0.1826260773 -0.4028664975 -0.3889284139 -0.1082320481 0.9148882514
-0.0971772898 0.9949264499 0.0260371573 -0.9118793130 -0.0785225621 -0.4028775568 -0.3987890330 -0.0628932942 0.9148834574
0.0176143803 0.9995058476 0.0260344824 -0.9148619054 0.0266168749 -0.4028886150 -0.4033824832 -0.0167213229 0.9148786639
0.1321734325 0.9908847204 0.0260318019 -0.9057620716 0.1314036677 -0.4028996720 -0.4026478031 0.0296740138 0.9148738708
0.2449868794 0.9691769261 0.0260291159 -0.8847001207 0.2344539224 -0.4029107280 -0.3965944091 0.0756798800 0.9148690783
0.3545647878 0.9346691588 0.0260264242 -0.8519543414 0.3344066942 -0.4029217827 -0.3853019742 0.1206885513 0.9148642862
0.4594599561 0.8878171627 0.0260237271 -0.8079573256 0.4299419605 -0.4029328364 -0.3689193798 0.1641054424 0.9148594947
0.5582870277 0.8292397126 0.0260210243 -0.7532902531 0.5197980542 -0.4029438888 -0.3476627524 0.2053569620 0.9148547036
0.6497407875 0.7597104424 0.0260183160 -0.6886752146 0.6027883252 -0.4029549402 -0.3218126130 0.2438980908 0.9148499131
0.7326134000 0.6801476270 0.0260156021 -0.6149656740 0.6778168119 -0.4029659904 -0.2917101746 0.2792195820 0.9148451230
0.8058103611 0.5916020554 0.0260128826 -0.5331351950 0.7438927137 -0.4029770394 -0.2577528386 0.3108546904 0.9148403334
0.8683649533 0.4952431520 0.0260101575 -0.4442645826 0.8001434760 -0.4029880873 -0.2203889484 0.3383853398 0.9148355444
0.9194510133 0.3923435329 0.0260074269 -0.3495276074 0.8458263118 -0.4029991340 -0.1801118700 0.3614476484 0.9148307558
0.9583938434 0.2842621976 0.0260046908 -0.2501755036 0.8803380104 -0.4030101795 -0.1374534770 0.3797367383 0.9148259677
0.9846791217 0.1724265813 0.0260019490 -0.1475204427 0.9032229027 -0.4030212239 -0.0929771277 0.3930107658 0.9148211802
0.9979596954 0.0583137021 0.0259992017 -0.0429182037 0.9141788771 -0.4030322672 -0.0472702246 0.4010941195 0.9148163931
0.9980601654 -0.0565693456 0.0259964488 0.0622497330 0.9130613679 -0.4030433092 -0.0009364569 0.4038797439 0.9148116066
0.9849792029 -0.1707052955 0.0259936904 0.1665944309 0.8998852629 -0.4030543501 0.0454121731 0.4013305566 0.9148068205
0.9588895669 -0.2825867482 0.0259909264 0.2687378405 0.8748247051 -0.4030653899 0.0911634333 0.3934799425 0.9148020350
0.9201358227 -0.3907360791 0.0259881568 0.3673309994 0.8382107908 -0.4030764284 0.1357129498 0.3804313167 0.9147972500
0.8692297911 -0.4937249540 0.0259853817 0.4610718467 0.7905271957 -0.4030874658 0.1784721896 0.3623567616 0.9147924655
0.8068437890 -0.5901931926 0.0259826010 0.5487224191 0.7324037851 -0.4030985020 0.2188762365 0.3394947583 0.9147876815
0.7338017499 -0.6788667329 0.0259798147 0.6291251996 0.6646082940 -0.4031095370 0.2563912541 0.3121470397 0.9147828980
0.6510683421 -0.7585744579 0.0259770229 0.7012184034 0.5880361861 -0.4031205708 0.2905215390 0.2806746082 0.9147781150
0.5597362288 -0.8282636620 0.0259742255 0.7640500001 0.5036988264 -0.4031316035 0.3208160712 0.2454929704 0.9147733325
0.4610116365 -0.8870139549 0.0259714226 0.8167902854 0.4127101230 -0.4031426349 0.3468744740 0.2070666515 0.9147685506
0.3561984250 -0.9340494168 0.0259686141 0.8587428377 0.3162718150 -0.4031536652 0.3683523052 0.1659030619 0.9147637691
0.2466808670 -0.9687488462 0.0259658000 0.8893537141 0.2156576002 -0.4031646943 0.3849656103 0.1225457970 0.9147589882
0.1339053657 -0.9906539641 0.0259629804 0.9082187646 0.1121963132 -0.4031757221 0.3964946767 0.0775674585 0.9147542078
0.0193613527 -0.9994754666 0.0259601552 0.9150889681 0.0072543748 -0.4031867488 0.4027869392 0.0315620925 0.9147494279
-0.0954383836 -0.9950968457 0.0259573245 0.9098737196 -0.0977822540 -0.4031977743 0.4037589991 -0.0148626565 0.9147446486
-0.2089776772 -0.9775759280 0.0259544882 0.8926420247 -0.2015263768 -0.4032087986 0.3993977294 -0.0610935713 0.9147398697
-0.3197570084 -0.9471441113 0.0259516463 0.8636215869 -0.3026078817 -0.4032198217 0.3897604524 -0.1065199619 0.9147350914
-0.4263133085 -0.9042033083 0.0259487989 0.8231957987 -0.3996918362 -0.4032308435 0.3749741858 -0.1505417327 0.9147303136
-0.5272392824 -0.8493206385 0.0259459460 0.7718986761 -0.4914961167 -0.4032418642 0.3552339693 -0.1925773097 0.9147255364
-0.6212019944 -0.7832209384 0.0259430875 0.7104078051 -0.5768083411 -0.4032528836 0.3308002912 -0.2320713237 0.9147207596
-0.7069604732 -0.7067771885 0.0259402234 0.6395353905 -0.6545018791 -0.4032639019 0.3019956517 -0.2685019480 0.9147159834
-0.7833821007 -0.6209989838 0.0259373538 0.5602175287 -0.7235507310 -0.4032749189 0.2692003061 -0.3013877929 0.9147112077
-0.8494575713 -0.5270192002 0.0259344786 0.4735018429 -0.7830430765 -0.4032859347 0.2328472447 -0.3302942672 0.9147064325
-0.9043142211 -0.4260790322 0.0259315979 0.3805336466 -0.8321933156 -0.4032969492 0.1934164763 -0.3548393210 0.9147016579
-0.9472275538 -0.3195116010 0.0259287116 0.2825408166 -0.8703524426 -0.4033079626 0.1514286903 -0.3746984955 0.9146968838
-0.9776308090 -0.2087243473 0.0259258198 0.1808175754 -0.8970166158 -0.4033189747 0.1074383809 -0.3896092117 0.9146921102
-0.9951224474 -0.0951804434 0.0259229224 0.0767073988 -0.9118338103 -0.4033299856 0.0620265240 -0.3993742424 0.9146873372
-0.9994714540 0.0196205307 0.0259200195 -0.0284147284 -0.9146084653 -0.4033409953 0.0157929049 -0.4038643213 0.9146825647
-0.9906203893 0.1341623928 0.0259171110 -0.1331604716 -0.9053040649 -0.4033520037 -0.0306518040 -0.4030198537 0.9146777927
-0.9686861478 0.2469323825 0.0259141970 -0.2361464817 -0.8840436192 -0.4033630109 -0.0766941088 -0.3968517076 0.9146730213
-0.9339584140 0.3564411404 0.0259112774 -0.3360126649 -0.8511080375 -0.4033740169 -0.1217257981 -0.3854410744 0.9146682504
-0.8868958371 0.4612423781 0.0259083523 -0.4314401447 -0.8069324172 -0.4033850216 -0.1651519773 -0.3689383997 0.9146634800
-0.8281199731 0.5599519794 0.0259054216 -0.5211686799 -0.7521002952 -0.4033960251 -0.2063989275 -0.3475613998 0.9146587102
-0.7584070761 0.6512662806 0.0259024854 -0.6040133071 -0.6873359405 -0.4034070273 -0.2449216850 -0.3215921899 0.9146539409
-0.6786778462 0.7339792876 0.0258995437 -0.6788799901 -0.6134947869 -0.4034180283 -0.2802112420 -0.2913735605 0.9146491721
-0.5899852701 0.8069986043 0.0258965964 -0.7447800670 -0.5315521340 -0.4034290280 -0.3118012715 -0.2573044529 0.9146444039
-0.4935007139 0.8693598591 0.0258936435 -0.8008433065 -0.4425902659 -0.4034400265 -0.3392742900 -0.2198346922 0.9146396363
-0.3904984529 0.9202394421 0.0258906852 -0.8463293994 -0.3477841560 -0.4034510238 -0.3622671749 -0.1794590486 0.9146348691
-0.2823388423 0.9589653821 0.0258877212 -0.8806377343 -0.2483859487 -0.4034620197 -0.3804759637 -0.1367107037 0.9146301026
-0.1704503512 0.9850262217 0.0258847518 -0.9033153284 -0.1457084217 -0.4034730144 -0.3936598726 -0.0921542100 0.9146253365
-0.0563106959 0.9980777721 0.0258817767 -0.9140628078 -0.0411076481 -0.4034840079 -0.4016444807 -0.0463780348 0.9146205711
0.0585726753 0.9979476588 0.0258787962 -0.9127383605 0.0640349140 -0.4034950001 -0.4043240371 0.0000132116 0.9146158061
0.1726824920 0.9846375980 0.0258758101 -0.8993596067 0.1683306659 -0.4035059910 -0.4016628621 0.0464067617 0.9146110417
0.2845116996 0.9583233745 0.0258728185 -0.8741033650 0.2704022071 -0.4035169807 -0.3936958218 0.0921897843 0.9146062779
0.3925833636 0.9193525194 0.0258698213 -0.8373033151 0.3689015270 -0.4035279691 -0.3805278716 0.1367574803 0.9146015146
0.4954701752 0.8682397210 0.0258668186 -0.7894455897 0.4625278065 -0.4035389562 -0.3623326736 0.1795210715 0.9145967519
0.5918133021 0.8056600268 0.0258638104 -0.7311623521 0.5500445975 -0.4035499420 -0.3393503062 0.2199155794 0.9145919897
0.6803403346 0.7324399282 0.0258607966 -0.6632234461 0.6302961519 -0.4035609266 -0.3118840966 0.2574072892 0.9145872281
0.7598820901 0.6495464452 0.0258577773 -0.5865262275 0.7022226841 -0.4035719099 -0.2802966172 0.2915008018 0.9145824670
0.8293880552 0.5580743550 0.0258547524 -0.5020837114 0.7648743663 -0.4035828919 -0.2450048994 0.3217455797 0.9145777065
0.8879402592 0.4592317329 0.0258517220 -0.4110111921 0.8174238717 -0.4035938726 -0.2064749282 0.3477419008 0.9145729465
0.9347653985 0.3543239974 0.0258486861 -0.3145115132 0.8591772992 -0.4036048520 -0.1652154888 0.3691461410 0.9145681871
0.9692450491 0.2447366695 0.0258456446 -0.2138591803 0.8895833365 -0.4036158301 -0.1217714488 0.3856753167 0.9145634283
0.9909238344 0.1319170742 0.0258425976 -0.1103835286 0.9082405393 -0.4036268070 -0.0767165623 0.3971108261 0.9145586700
0.9995154396 0.0173552252 0.0258395451 -0.0054511659 0.9149026316 -0.4036377825 -0.0306458925 0.4033013400 0.9145539123
0.9949063928 -0.0974358533 0.0258364871 0.0995520761 0.9094817564 -0.4036487568 0.0158320474 0.4041648045 0.9145491551
0.9771575637 -0.2109401096 0.0258334235 0.2032394445 0.8920496347 -0.4036597297 0.0621033317 0.3996895287 0.9145443985
0.9465033601 -0.3216584868 0.0258303544 0.3042415798 0.8628366160 -0.4036707014 0.1075567314 0.3899343431 0.9145396425
0.9033486315 -0.4281287209 0.0258272797 0.4012245999 0.8222286350 -0.4036816718 0.1515917888 0.3750278257 0.9145348870
0.8482633226 -0.5289446533 0.0258241996 0.4929077170 0.7707621127 -0.4036926408 0.1936267493 0.3551666080 0.9145301321
0.7819749462 -0.6227748016 0.0258211139 0.5780801510 0.7091168701 -0.4037036085 0.2331062473 0.3306127810 0.9145253777
0.7053589746 -0.7083799452 0.0258180226 0.6556171200 0.6381071493 -0.4037145750 0.2695086437 0.3016904363 0.9145206240
0.6194272771 -0.7846294909 0.0258149259 0.7244946937 0.5586708576 -0.4037255401 0.3023529182 0.2687813888 0.9145158708
0.5253147569 -0.8505164054 0.0258118236 0.7838033153 0.4718571800 -0.4037365039 0.3312050257 0.2323201363 0.9145111181
0.4242643616 -0.9051705152 0.0258087158 0.8327598124 0.3788127218 -0.4037474664 0.3556836323 0.1927881224 0.9145063661
0.3176106681 -0.9478699987 0.0258056025 0.8707177389 0.2807663642 -0.4037584275 0.3754651550 0.1507073797 0.9145016146
0.2067622563 -0.9780509195 0.0258024836 0.8971759111 0.1790130341 -0.4037693874 0.3902880397 0.1066336363 0.9144968637
0.0931831064 -0.9953146747 0.0257993592 0.9117850247 0.0748966017 -0.4037803459 0.3999562193 0.0611489763 0.9144921133
-0.0216267361 -0.9994332588 0.0257962293 0.9143522670 -0.0302078683 -0.4037913031 0.4043417070 0.0148541528 0.9144873636
-0.1361509718 -0.9903522753 0.0257930939 0.9048438612 -0.1349122772 -0.4038022589 0.4033862909 -0.0316393473 0.9144826144
-0.2488770731 -0.9681916550 0.0257899529 0.8833855108 -0.2378338244 -0.4038132135 0.3971023066 -0.0777173799 0.9144778658
-0.3583162598 -0.9332440723 0.0257868065 0.8502607378 -0.3376132701 -0.4038241667 0.3855724779 -0.1227712559 0.9144731177
-0.4630231626 -0.8859710797 0.0257836545 0.8059071369 -0.4329328860 -0.4038351185 0.3689488279 -0.1662057826 0.9144683703
-0.5616149108 -0.8269970121 0.0257804970 0.7509105942 -0.5225338573 -0.4038460690 0.3474506750 -0.2074471257 0.9144636234
-0.6527893970 -0.7571007411 0.0257773339 0.6859975482 -0.6052329078 -0.4038570182 0.3213617386 -0.2459503915 0.9144588771
-0.7353424738 -0.6772053888 0.0257741654 0.6120253943 -0.6799379256 -0.4038679660 0.2910263955 -0.2812068255 0.9144541314
-0.8081838569 -0.5883661356 0.0257709913 0.5299711603 -0.7456623856 -0.4038789125 0.2568451339 -0.3127505351 0.9144493862
-0.8703515245 -0.4917562848 0.0257678118 0.4409186011 -0.8015383772 -0.4038898577 0.2192692659 -0.3401646459 0.9144446417
-0.9210244233 -0.3886517666 0.0257646267 0.3460438856 -0.8468280651 -0.4039008015 0.1787949690 -0.3630868112 0.9144398977
-0.9595333117 -0.2804142867 0.0257614360 0.2466000614 -0.8809334327 -0.4039117439 0.1359567338 -0.3812140016 0.9144351544
-0.9853695987 -0.1684733424 0.0257582399 0.1439005062 -0.9034041780 -0.4039226850 0.0913203064 -0.3943065102 0.9144304116
-0.9981920609 -0.0543073432 0.0257550383 0.0393015809 -0.9139436594 -0.4039336247 0.0454752159 -0.4021911236 0.9144256694
-0.9978313493 0.0605759150 0.0257518311 -0.0658152834 -0.9124128114 -0.4039445631 -0.0009730109 -0.4047634125 0.9144209278
-0.9842922256 0.1746591629 0.0257486185 -0.1700618301 -0.8988319798 -0.4039555001 -0.0474108478 -0.4019891154 0.9144161868
-0.9577534996 0.2864356969 0.0257454003 -0.2720613113 -0.8733806511 -0.4039664357 -0.0932248731 -0.3939045949 0.9144114463
-0.9185656673 0.3944292778 0.0257421766 -0.3704666705 -0.8363950804 -0.4039773700 -0.1378098725 -0.3806163609 0.9144067065
-0.8672462825 0.4972136283 0.0257389474 -0.4639783319 -0.7883638491 -0.4039883029 -0.1805768342 -0.3622996677 0.9144019672
-0.8044731209 0.5934312688 0.0257357127 -0.5513613636 -0.7299214104 -0.4039992344 -0.2209607306 -0.3391962026 0.9143972286
-0.7310752292 0.6818114468 0.0257324724 -0.6314617858 -0.6618397087 -0.4040101646 -0.2584279828 -0.3116108967 0.9143924905
-0.6480219755 0.7611869194 0.0257292267 -0.7032218107 -0.5850179835 -0.4040210934 -0.2924835111 -0.2799079005 0.9143877531
-0.5564102467 0.8305093687 0.0257259755 -0.7656938112 -0.5004708919 -0.4040320208 -0.3226772766 -0.2445057766 0.9143830162
-0.4574499626 0.8888632479 0.0257227187 -0.8180528346 -0.4093151071 -0.4040429468 -0.3486102286 -0.2058719739 0.9143782800
-0.3524480955 0.9354778723 0.0257194565 -0.8596074966 -0.3127545694 -0.4040538715 -0.3699395784 -0.1645166551 0.9143735443
-0.2427914098 0.9697375980 0.0257161887 -0.8898091105 -0.2120645856 -0.4040647947 -0.3863833306 -0.1209859602 0.9143688092
-0.1299281464 0.9911899529 0.0257129155 -0.9082589321 -0.1085749855 -0.4040757166 -0.3977240111 -0.0758547940 0.9143640748
-0.0153488959 0.9995516125 0.0257096367 -0.9147134243 -0.0036525582 -0.4040866371 -0.4038115437 -0.0297192335 0.9143593409
0.0994330878 0.9947121415 0.0257063524 -0.9090874715 0.1013169985 -0.4040975561 -0.4045652359 0.0168113449 0.9143546077
0.2129018728 0.9767354530 0.0257030627 -0.8914555026 0.2049473794 -0.4041084738 -0.3999748486 0.0631223143 0.9143498750
0.3235588706 0.9458589637 0.0256997674 -0.8620505054 0.3058699800 -0.4041193901 -0.3901007349 0.1086019160 0.9143451430
0.4299426279 0.9024904589 0.0256964666 -0.8212609489 0.4027519713 -0.4041303050 -0.3750730470 0.1526493408 0.9143404115
0.5306481278 0.8472027065 0.0256931603 -0.7696256504 0.4943139020 -0.4041412185 -0.3550900205 0.1946826658 0.9143356807
0.6243453465 0.7807258930 0.0256898485 -0.7078266586 0.5793465946 -0.4041521306 -0.3304153593 0.2341465424 0.9143309505
0.7097968186 0.7039379791 0.0256865313 -0.6366802437 0.6567271148 -0.4041630413 -0.3013747561 0.2705195339 0.9143262209
0.7858739805 0.6178531052 0.0256832085 -0.5571261163 0.7254336002 -0.4041739506 -0.2683515928 0.3033210051 0.9143214919
0.8515720754 0.5236081972 0.0256798802 -0.4702150153 0.7845587547 -0.4041848584 -0.2317818799 0.3321174735 0.9143167635
0.9060234232 0.4224479513 0.0256765464 -0.3770948300 0.8333218303 -0.4041957649 -0.1921484995 0.3565283376 0.9143120357
0.9485088801 0.3157083951 0.0256732072 -0.2789954390 0.8710789362 -0.4042066699 -0.1499748290 0.3762309081 0.9143073085
0.9784673364 0.2047992427 0.0256698624 -0.1772124671 0.8973315412 -0.4042175735 -0.1058178301 0.3909646728 0.9143025820
0.9955031268 0.0911852765 0.0256665121 -0.0730901730 0.9117330563 -0.4042284757 -0.0602606929 0.4005347417 0.9142978560
0.9993912566 -0.0236329983 0.0256631564 0.0319963039 0.9140934105 -0.4042393765 -0.0139051336 0.4048144246 0.9142931307
0.9900803727 -0.1381391706 0.0256597951 0.1366591051 0.9043815586 -0.4042502758 0.0326365523 0.4037469084 0.9142884060
0.9676934422 -0.2508209514 0.0256564284 0.2395159824 0.8827258904 -0.4042611738 0.0787495786 0.3973460114 0.9142836819
0.9325261281 -0.3601901458 0.0256530561 0.3392085526 0.8494125329 -0.4042720703 0.1238247885 0.3856960044 0.9142789585
0.8850428849 -0.4648023085 0.0256496784 0.4344202370 0.8048815699 -0.4042829653 0.1672667021 0.3689505013 0.9142742356
0.8258708240 -0.5632758201 0.0256462952 0.5238936488 0.7497212284 -0.4042938589 0.2085013830 0.3473304336 0.9142695134
0.7557914322 -0.6543101347 0.0256429065 0.6064471983 0.6846601083 -0.4043047511 0.2469840210 0.3211211357 0.9142647918
0.6757302497 -0.7367029558 0.0256395123 0.6809906972 0.6105575584 -0.4043156419 0.2822061304 0.2906685790 0.9142600708
0.5867446471 -0.8093661154 0.0256361126 0.7465397549 0.5283923263 -0.4043265312 0.3137022687 0.2563748051 0.9142553505
0.4900098606 -0.8713399456 0.0256327074 0.8022287788 0.4392496307 -0.4043374190 0.3410561874 0.2186926179 0.9142506308
0.3868034703 -0.9218059527 0.0256292968 0.8473224039 0.3443068280 -0.4043483055 0.3639063331 0.1781196051 0.9142459117
0.2784885275 -0.9600976275 0.0256258806 0.8812252035 0.2448178625 -0.4043591904 0.3819506261 0.1351915674 0.9142411932
0.1664955524 -0.9857092475 0.0256224590 0.9034895515 0.1420967052 -0.4043700739 0.3949504543 0.0904754428 0.9142364754
0.0523036418 -0.9983025565 0.0256190319 0.9138215321 0.0374999996 -0.4043809560 0.4027338285 0.0445618196 0.9142317582
-0.0625790660 -0.9977112316 0.0256155992 0.9120848199 -0.0675908552 -0.4043918366 0.4051976576 -0.0019428642 0.9142270416
-0.1766353089 -0.9839430801 0.0256121612 0.8983024792 -0.1717879488 -0.4044027158 0.4023091144 -0.0484243308 0.9142223256
-0.2883587400 -0.9571799364 0.0256087176 0.8726566567 -0.2737151893 -0.4044135935 0.3941060727 -0.0942685764 0.9142176103
-0.3962738213 -0.9177752605 0.0256052685 0.8354861753 -0.3720264766 -0.4044244697 0.3806966109 -0.1388699822 0.9142128956
-0.4989553118 -0.8662494698 0.0256018140 0.7872820566 -0.4654234797 -0.4044353445 0.3622575881 -0.1816393146 0.9142081816
-0.5950470907 -0.8032830660 0.0255983540 0.7286810357 -0.5526727831 -0.4044462178 0.3390323114 -0.2220115101 0.9142034682
-0.6832800673 -0.7297076478 0.0255948885 0.6604571493 -0.6326221753 -0.4044570896 0.3113273255 -0.2594531403 0.9141987554
-0.7624889426 -0.6464949279 0.0255914175 0.5835115126 -0.7042158647 -0.4044679599 0.2795083668 -0.2934694603 0.9141940433
-0.8316275990 -0.5547438993 0.0255879411 0.4988604168 -0.7665084224 -0.4044788288 0.2439955350 -0.3236109463 0.9141893318
-0.8897829168 -0.4556663214 0.0255844591 0.4076219061 -0.8186772669 -0.4044896962 0.2052577470 -0.3494792357 0.9141846209
-0.9361868334 -0.3505707158 0.0255809717 0.3110010108 -0.8600335264 -0.4045005622 0.1638065449 -0.3707323923 0.9141799107
-0.9702264878 -0.2408450848 0.0255774788 0.2102738322 -0.8900311350 -0.4045114266 0.1201893414 -0.3870894262 0.9141752011
-0.9914523142 -0.1279385799 0.0255739805 0.1067706884 -0.9082740431 -0.4045222896 0.0749821899 -0.3983340086 0.9141704922
-0.9995839795 -0.0133423628 0.0255704766 0.0018585447 -0.9145214462 -0.4045331511 0.0287821774 -0.4043173331 0.9141657839
-0.9945140861 0.1014300882 0.0255669673 -0.1030770398 -0.9086909634 -0.4045440110 -0.0178004625 -0.4049600847 0.9141610762
-0.9763095899 0.2148629672 0.0255634525 -0.2066502111 -0.8908597240 -0.4045548695 -0.0641504094 -0.4002534916 0.9141563692
-0.9452109162 0.3254581597 0.0255599323 -0.3074931229 -0.8612633467 -0.4045657265 -0.1096553840 -0.3902594445 0.9141516629
-0.9016287847 0.4317550285 0.0255564066 -0.4042740011 -0.8202928265 -0.4045765821 -0.1537142368 -0.3751096827 0.9141469572
-0.8461387846 0.5323497043 0.0255528754 -0.4957147321 -0.7684893694 -0.4045874361 -0.1957448889 -0.3550040582 0.9141422521
-0.7794737732 0.6259136267 0.0255493387 -0.5806077413 -0.7065372429 -0.4045982886 -0.2351920229 -0.3302078985 0.9141375477
-0.7025141969 0.7112110906 0.0255457966 -0.6578319408 -0.6352547377 -0.4046091396 -0.2715344192 -0.3010485057 0.9141328440
-0.6162764632 0.7871155661 0.0255422489 -0.7263675344 -0.5555833595 -0.4046199891 -0.3042918433 -0.2679108362 0.9141281409
-0.5218995167 0.8526245771 0.0255386959 -0.7853094845 -0.4685753932 -0.4046308371 -0.3330313919 -0.2312324184 0.9141234384
-0.4206297974 0.9068729405 0.0255351373 -0.8338794636 -0.3753800049 -0.4046416836 -0.3573732135 -0.1914975760 0.9141187366
-0.3138047789 0.9491441932 0.0255315733 -0.8714361318 -0.2772280638 -0.4046525286 -0.3769955292 -0.1492310328 0.9141140355
-0.2028353039 0.9788800542 0.0255280038 -0.8974836056 -0.1754158857 -0.4046633721 -0.3916388862 -0.1049909830 0.9141093350
-0.0891869515 0.9956877981 0.0255244289 -0.9116780054 -0.0712881126 -0.4046742140 -0.4011095887 -0.0593617199 0.9141046352
0.0256393186 0.9993454416 0.0255208485 -0.9138319950 0.0337800467 -0.4046850545 -0.4052822599 -0.0129459188 0.9140999360
0.1401269900 0.9898046757 0.0255172626 -0.9039172545 0.1384009783 -0.4046958934 -0.4041015016 0.0336433234 0.9140952375
0.2527640176 0.9671915033 0.0255136713 -0.8820648524 0.2411929898 -0.4047067308 -0.3975826300 0.0797905865 0.9140905396
0.3620627976 0.9318045754 0.0255100745 -0.8485635126 0.3407985569 -0.4047175666 -0.3858114769 0.1248862560 0.9140858424
0.4665798146 0.8841112467 0.0255064723 -0.8038558003 0.4359022526 -0.4047284010 -0.3689432599 0.1683345766 0.9140811459
0.5649347056 0.8247414033 0.0255028645 -0.7485322750 0.5252481184 -0.4047392338 -0.3472005353 0.2095615227 0.9140764500
0.6558284910 0.7544791439 0.0254992514 -0.6833236900 0.6076562511 -0.4047500651 -0.3208702621 0.2480223819 0.9140717548
0.7380607303 0.6742524239 0.0254956327 -0.6090913395 0.6820383846 -0.4047608948 -0.2903000146 0.2832089525 0.9140670603
0.8105453762 0.5851208001 0.0254920087 -0.5268156831 0.7474122613 -0.4047717230 -0.2558933943 0.3146562586 0.9140623664
0.8723251181 0.4882614371 0.0254883791 -0.4375833951 0.8029146030 -0.4047825497 -0.2181047012 0.3419486940 0.9140576732
0.9225840256 0.3849535603 0.0254847441 -0.3425730128 0.8478125115 -0.4047933748 -0.1774329357 0.3647255157 0.9140529807
0.9606583243 0.2765615615 0.0254811036 -0.2430393703 0.8815131454 -0.4048041984 -0.1344152090 0.3826856115 0.9140482888
0.9860451627 0.1645169786 0.0254774577 -0.1402970258 0.9035715488 -0.4048150205 -0.0896196500 0.3955914812 0.9140435976
0.9984092530 0.0502995900 0.0254738064 -0.0357028998 0.9136965259 -0.4048258410 -0.0436379022 0.4032723767 0.9140389071
0.9975872995 -0.0645821294 0.0254701495 0.0693616453 0.9117544850 -0.4048366599 0.0029226905 0.4056265617 0.9140342172
0.9835901552 -0.1786109306 0.0254664873 0.1735090495 0.8977712013 -0.4048474773 0.0494471058 0.4026226590 0.9140295281
0.9566026789 -0.2902808288 0.0254628195 0.2753638795 0.8719314746 -0.4048582931 0.0953207671 0.3943000685 0.9140248396
0.9169812930 -0.3981169930 0.0254591464 0.3735809940 0.8345766872 -0.4048691074 0.1399376616 0.3807684508 0.9140201517
0.8652492771 -0.5006952243 0.0254554677 0.4668633084 0.7862002936 -0.4048799201 0.1827083462 0.3622062821 0.9140154646
0.8020898564 -0.5966607654 0.0254517837 0.5539789237 0.7274413020 -0.4048907313 0.2230677350 0.3388585002 0.9140107781
0.7283371786 -0.6847461929 0.0254480941 0.6337773960 0.6590758337 -0.4049015409 0.2604825648 0.3110332727 0.9140060923
0.6449652975 -0.7637881562 0.0254443992 0.7052049286 0.5820068714 -0.4049123489 0.2944584412 0.2790979293 0.9140014072
0.5530753083 -0.8327427419 0.0254406987 0.7673182885 0.4972523327 -0.4049231553 0.3245463718 0.2434741124 0.9139967227
0.4538808054 -0.8906992612 0.0254369929 0.8192972619 0.4059316254 -0.4049339602 0.3503486993 0.2046322106 0.9139920389
0.3486918548 -0.9368922769 0.0254332816 0.8604554854 0.3092508628 -0.4049447635 0.3715243573 0.1630851473 0.9139873559
0.2388976916 -0.9707117132 0.0254295648 0.8902495091 0.2084869340 -0.4049555653 0.3877933785 0.1193816073 0.9139826735
0.1259483724 -0.9917109125 0.0254258426 0.9082859724 0.1049706397 -0.4049663654 0.3989405968 0.0740987908 0.9139779918
0.0113356246 -0.9996125348 0.0254221150 0.9143267971 0.0000691161 -0.4049771640 0.4048184923 0.0278347901 0.9139733107
-0.1034268552 -0.9943122203 0.0254183819 0.9082923301 -0.1048322206 -0.4049879610 0.4053491441 -0.0187993099 0.9139686304
-0.2168233928 -0.9758799682 0.0254146433 0.8902623940 -0.2083479714 -0.4049987564 0.4005252629 -0.0651875032 0.9139639507
-0.3273563534 -0.9445592115 0.0254108994 0.8604752306 -0.3091110510 -0.4050095502 0.3904102912 -0.1107169999 0.9139592718
-0.4335659216 -0.9007636029 0.0254071500 0.8193243533 -0.4057907421 -0.4050203424 0.3751375692 -0.1547863213 0.9139545935
-0.5340493809 -0.8450715510 0.0254033951 0.7673533483 -0.4971102696 -0.4050311331 0.3549085764 -0.1968132456 0.9139499159
-0.6274796396 -0.7782185814 0.0253996348 0.7052486941 -0.5818636617 -0.4050419221 0.3299902746 -0.2362425000 0.9139452390
-0.7126227578 -0.7010876228 0.0253958691 0.6338306938 -0.6589316764 -0.4050527096 0.3007115839 -0.2725530976 0.9139405628
-0.7883542439 -0.6146973462 0.0253920980 0.5540426401 -0.7272965816 -0.4050634954 0.2674590417 -0.3052652207 0.9139358873
-0.8536739062 -0.5201887109 0.0253883214 0.4669383566 -0.7860555954 -0.4050742797 0.2306716994 -0.3339465616 0.9139312125
-0.9077190623 -0.4188098961 0.0253845393 0.3736682787 -0.8344328072 -0.4050850623 0.1908353252 -0.3582180358 0.9139265383
-0.9497759326 -0.3118998160 0.0253807519 0.2754642594 -0.8717894238 -0.4050958433 0.1484759901 -0.3777587924 0.9139218649
-0.9792890674 -0.2008704371 0.0253769590 0.1736232995 -0.8976322042 -0.4051066228 0.1041531200 -0.3923104554 0.9139171922
-0.9958686825 -0.0871881296 0.0253731606 0.0694904184 -0.9116199721 -0.4051174006 0.0584521084 -0.4016805404 0.9139125201
-0.9992958076 0.0276456984 0.0253693569 -0.0355591105 -0.9135681201 -0.4051281768 0.0119765843 -0.4057450004 0.9139078488
-0.9895251779 0.1421144304 0.0253655477 -0.1401379221 -0.9034510462 -0.4051389514 -0.0346595607 -0.4044498681 0.9139031782
-0.9666858320 0.2547062715 0.0253617330 -0.2428648826 -0.8814024902 -0.4051497243 -0.0808402810 -0.3978119727 0.9138985082
-0.9310794079 0.3639342145 0.0253579130 -0.3423833298 -0.8477137655 -0.4051604957 -0.1259555148 -0.3859187211 0.9138938390
-0.8831761591 0.4683556792 0.0253540875 -0.4373789893 -0.8028299106 -0.4051712654 -0.1694092434 -0.3689269471 0.9138891705
-0.8236087441 0.5665915647 0.0253502566 -0.5265973318 -0.7473438097 -0.4051820335 -0.2106273650 -0.3470608432 0.9138845027
-0.7531638706 0.6573444629 0.0253464203 -0.6088601402 -0.6819883610 -0.4051928000 -0.2490652799 -0.3206090026 0.9138798355
-0.6727719061 0.7394157938 0.0253425785 -0.6830810694 -0.6076267963 -0.4052035649 -0.2842150858 -0.2899206103 0.9138751691
-0.5834945896 0.8117216349 0.0253387313 -0.7482799922 -0.5252412793 -0.4052143281 -0.3156122892 -0.2554008337 0.9138705034
-0.4865110099 0.8733070372 0.0253348787 -0.8035959425 -0.4359199329 -0.4052250897 -0.3428419438 -0.2175054733 0.9138658384
-0.3831020330 0.9233586366 0.0253310207 -0.8482984843 -0.3408424677 -0.4052358496 -0.3655441340 -0.1767349443 0.9138611741
-0.2746333858 0.9612153965 0.0253271572 -0.8817973571 -0.2412646011 -0.4052466079 -0.3834187325 -0.1336276683 0.9138565105
-0.1625376187 0.9863773383 0.0253232883 -0.9036502700 -0.1385014726 -0.4052573646 -0.3962293679 -0.0887529633 0.9138518477
-0.0482951861 0.9985121443 0.0253194140 -0.9135687410 -0.0339102746 -0.4052681196 -0.4038065509 -0.0427035244 0.9138471855
0.0665851063 0.9974595467 0.0253155343 -0.9114219052 0.0711276722 -0.4052788730 -0.4060499160 0.0039124044 0.9138425241
0.1805860281 0.9832334447 0.0253116491 -0.8972382420 0.1752251616 -0.4052896248 -0.4029295517 0.0504790640 0.9138378633
0.2922019627 0.9560217206 0.0253077586 -0.8712051964 0.2770074221 -0.4053003748 -0.3944863987 0.0963813142 0.9138332033
