1972
41097
-0.2089956695 0.9777557195 0.0177359260 -0.9062207313 -0.1868249468 -0.3792893690 -0.3675388364 -0.0953424994 0.9251081080
-0.0954354553 0.9952774406 0.0177451409 -0.9216685475 -0.0816146102 -0.3792969073 -0.3760573924 -0.0525535112 0.9251048406
0.0193851461 0.9996544398 0.0177543519 -0.9249429055 0.0246729840 -0.3793044496 -0.3796114299 -0.0090688897 0.9251015715
0.1339496884 0.9908289141 0.0177635592 -0.9160006394 0.1306339868 -0.3793119958 -0.3781538174 0.0345372921 0.9250983006
0.2467451078 0.9689174272 0.0177727626 -0.8949599405 0.2348688721 -0.3793195458 -0.3717035871 0.0776893316 0.9250950281
0.3562817060 0.9342093704 0.0177819623 -0.8620987948 0.3360009217 -0.3793270998 -0.3603456868 0.1198174980 0.9250917539
0.4611128247 0.8871631404 0.0177911581 -0.8178513103 0.4326944091 -0.3793346577 -0.3442298608 0.1603655535 0.9250884780
0.5598539516 0.8284000848 0.0178003502 -0.7628019827 0.5236722407 -0.3793422195 -0.3235686760 0.1987980982 0.9250852004
0.6512010060 0.7586962963 0.0178095384 -0.6976779736 0.6077328242 -0.3793497851 -0.2986347181 0.2346076391 0.9250819212
0.7339475621 0.6789723627 0.0178187228 -0.6233395060 0.6837659378 -0.3793573547 -0.2697569951 0.2673212918 0.9250786402
0.8070007815 0.5902812081 0.0178279034 -0.5407685010 0.7507673938 -0.3793649282 -0.2373165967 0.2965070249 0.9250753575
0.8693958472 0.4937941873 0.0178370802 -0.4510556082 0.8078523011 -0.3793725056 -0.2017416643 0.3217793659 0.9250720732
0.9203087059 0.3907856154 0.0178462531 -0.3553857995 0.8542667518 -0.3793800868 -0.1635017414 0.3428044918 0.9250687872
0.9590669506 0.2826159377 0.0178554222 -0.2550227175 0.8893977782 -0.3793876720 -0.1231015755 0.3593046393 0.9250654994
0.9851587019 0.1707137623 0.0178645876 -0.1512919847 0.9127814477 -0.3793952610 -0.0810744565 0.3710617739 0.9250622100
0.9982393680 0.0565569922 0.0178737490 -0.0455636944 0.9241089893 -0.3794028539 -0.0379751764 0.3779204711 0.9250589189
0.9981361956 -0.0583466934 0.0178829067 0.0607656856 0.9232308711 -0.3794104508 0.0056272937 0.3797899710 0.9250556262
0.9848505519 -0.1724797515 0.0178920605 0.1662917582 0.9101587737 -0.3794180515 0.0491573154 0.3766453796 0.9250523317
0.9585579057 -0.2843348169 0.0179012105 0.2696207454 0.8850654355 -0.3794256560 0.0920401818 0.3685279999 0.9250490356
0.9196055107 -0.3924346109 0.0179103567 0.3693878981 0.8482823695 -0.3794332645 0.1337097057 0.3555447900 0.9250457377
0.8685078187 -0.4953514514 0.0179194990 0.4642755209 0.8002954840 -0.3794408769 0.1736156950 0.3378669530 0.9250424382
0.8059396854 -0.5917261084 0.0179286375 0.5530303758 0.7417386632 -0.3794484931 0.2112312166 0.3157276803 0.9250391370
0.7327274574 -0.6802857557 0.0179377721 0.6344802349 0.6733853946 -0.3794561132 0.2460595550 0.2894190749 0.9250358342
0.6498380585 -0.7598607810 0.0179469029 0.7075493623 0.5961385511 -0.3794637371 0.2776407710 0.2592882979 0.9250325296
0.5583662193 -0.8294002328 0.0179560299 0.7712727215 0.5110184656 -0.3794713650 0.3055577756 0.2257329874 0.9250292234
0.4595200191 -0.8879857011 0.0179651530 0.8248087214 0.4191494533 -0.3794789967 0.3294418389 0.1891960107 0.9250259155
0.3546049308 -0.9348434460 0.0179742722 0.8674503304 0.3217449613 -0.3794866323 0.3489774595 0.1501596194 0.9250226059
0.2450065791 -0.9693546172 0.0179833877 0.8986344148 0.2200915407 -0.3794942718 0.3639065331 0.1091390844 0.9250192946
0.1321724403 -0.9910634268 0.0179924992 0.9179491747 0.1155318535 -0.3795019151 0.3740317617 0.0666758940 0.9250159817
0.0175927259 -0.9996831689 0.0180016069 0.9251395827 0.0094469382 -0.3795095623 0.3792192618 0.0233306068 0.9250126671
-0.0972192995 -0.9951000061 0.0180107108 0.9201107510 -0.0967620308 -0.3795172133 0.3794003342 -0.0203245490 0.9250093508
-0.2107473034 -0.9773744730 0.0180198108 0.9029291836 -0.2016922504 -0.3795248682 0.3745723743 -0.0637132295 0.9250060328
-0.3214919121 -0.9467406767 0.0180289069 0.8738218965 -0.3039578165 -0.3795325270 0.3647989087 -0.1062625842 0.9250027132
-0.4279905128 -0.9036032047 0.0180379992 0.8331734186 -0.4022080294 -0.3795401897 0.3502087598 -0.1474108189 0.9249993919
-0.5288365709 -0.8485317813 0.0180470876 0.7815207118 -0.4951452331 -0.3795478561 0.3309943479 -0.1866146139 0.9249960689
-0.6226982055 -0.7822537437 0.0180561722 0.7195460774 -0.5815419545 -0.3795555265 0.3074091532 -0.2233562974 0.9249927443
-0.7083357803 -0.7056444353 0.0180652529 0.6480681434 -0.6602571152 -0.3795632007 0.2797643721 -0.2571506810 0.9249894180
-0.7846182752 -0.6197156452 0.0180743297 0.5680310515 -0.7302511024 -0.3795708787 0.2484248112 -0.2875514677 0.9249860900
-0.8505382238 -0.5256022455 0.0180834026 0.4804919857 -0.7905994991 -0.3795785606 0.2138040729 -0.3141571447 0.9249827603
-0.9052250191 -0.4245472027 0.0180924717 0.3866072085 -0.8405052932 -0.3795862464 0.1763590973 -0.3366162872 0.9249794290
-0.9479564116 -0.3178851618 0.0181015369 0.2876167880 -0.8793094035 -0.3795939360 0.1365841313 -0.3546321995 0.9249760960
-0.9781680482 -0.2070248193 0.0181105982 0.1848282192 -0.9064993835 -0.3796016294 0.0950042048 -0.3679668353 0.9249727613
-0.9954609252 -0.0934303187 0.0181196557 0.0795991536 -0.9217161894 -0.3796093267 0.0521682003 -0.3764439423 0.9249694250
-0.9996066585 0.0213980866 0.0181287092 -0.0266805328 -0.9247589207 -0.3796170279 0.0086416075 -0.3799513924 0.9249660870
-0.9905504994 0.1359438478 0.0181377589 -0.1326070967 -0.9155874727 -0.3796247328 -0.0350009421 -0.3784426642 0.9249627473
-0.9684120578 0.2486941491 0.0181468047 -0.2367814689 -0.8943230654 -0.3796324416 -0.0781832610 -0.3719374611 0.9249594060
-0.9334837222 0.3581598883 0.0181558466 -0.3378277324 -0.8612466409 -0.3796401543 -0.1203352133 -0.3605214528 0.9249560630
-0.8862267985 0.4628953429 0.0181648846 -0.4344112956 -0.8167951521 -0.3796478708 -0.1609002416 -0.3443451481 0.9249527184
-0.8272654171 0.5615172646 0.0181739187 -0.5252565196 -0.7615557897 -0.3796555911 -0.1993427159 -0.3236219102 0.9249493720
-0.7573782897 0.6527231470 0.0181829490 -0.6091635654 -0.6962582263 -0.3796633152 -0.2351550061 -0.2986251424 0.9249460241
-0.6774884254 0.7353084288 0.0181919753 -0.6850242418 -0.6217649774 -0.3796710432 -0.2678641851 -0.2696846813 0.9249426744
-0.5886509397 0.8081824020 0.0182009978 -0.7518366410 -0.5390600088 -0.3796787750 -0.2970382743 -0.2371824447 0.9249393231
-0.4920391200 0.8703826169 0.0182100163 -0.8087183714 -0.4492357392 -0.3796865106 -0.3222919486 -0.2015473913 0.9249359702
-0.3889289293 0.9210875935 0.0182190310 -0.8549182113 -0.3534786111 -0.3796942501 -0.3432916253 -0.1632498595 0.9249326156
-0.2806821550 0.9596276707 0.0182280417 -0.8898260296 -0.2530534198 -0.3797019934 -0.3597598712 -0.1227953597 0.9249292593
-0.1687284231 0.9854938505 0.0182370486 -0.9129808442 -0.1492866071 -0.3797097405 -0.3714790671 -0.0807179017 0.9249259014
-0.0545463175 0.9983445201 0.0182460515 -0.9240769090 -0.0435487416 -0.3797174914 -0.3782942842 -0.0375729457 0.9249225418
0.0603561484 0.9980099641 0.0182550505 -0.9229677513 0.0627635839 -0.3797252462 -0.3801153317 0.0060699304 0.9249191806
0.1744614475 0.9844946054 0.0182640457 -0.9096681052 0.1682461990 -0.3797330047 -0.3769179509 0.0496345499 0.9249158177
0.2862625818 0.9579769467 0.0182730369 -0.8843537160 0.2715059020 -0.3797407671 -0.3687441380 0.0925457443 0.9249124531
0.3942829848 0.9188072135 0.0182820242 -0.8473590177 0.3711788605 -0.3797485333 -0.3557015926 0.1342369471 0.9249090869
0.4970960231 0.8675027279 0.0182910075 -0.7991727150 0.4659486256 -0.3797563033 -0.3379622989 0.1741576740 0.9249057191
0.5933438379 0.8047410767 0.0182999870 -0.7404313269 0.5545635184 -0.3797640771 -0.3157602575 0.2117807914 0.9249023496
0.6817552783 0.7313511622 0.0183089625 -0.6719107791 0.6358531618 -0.3797718547 -0.2893883991 0.2466094772 0.9248989784
0.7611626894 0.6483022547 0.0183179342 -0.5945161543 0.7087439384 -0.3797796362 -0.2591947193 0.2781837815 0.9248956056
0.8305173339 0.5566911916 0.0183269019 -0.5092697373 0.7722731700 -0.3797874214 -0.2255776868 0.3060867002 0.9248922311
0.8889032422 0.4577278907 0.0183358657 -0.4172975117 0.8256018319 -0.3797952105 -0.1889809849 0.3299496829 0.9248888550
0.9355493106 0.3527193713 0.0183448255 -0.3198142872 0.8680256335 -0.3798030033 -0.1498876553 0.3494575006 0.9248854773
0.9698394841 0.2430524918 0.0183537814 -0.2181076540 0.8989843199 -0.3798108000 -0.1088137230 0.3643524101 0.9248820979
0.9913208938 0.1301756335 0.0183627334 -0.1135209758 0.9180690708 -0.3798186004 -0.0663013845 0.3744375590 0.9248787168
0.9997098370 0.0155795718 0.0183716815 -0.0074356464 0.9250278988 -0.3798264046 -0.0229118507 0.3795795878 0.9248753341
0.9948955247 -0.0992222127 0.0183806256 0.0987471559 0.9197689765 -0.3798342127 0.0207820619 0.3797103928 0.9248719498
0.9769415443 -0.2127135232 0.0183895658 0.2036249754 0.9023618486 -0.3798420245 0.0642034927 0.3748280289 0.9248685638
0.9460850198 -0.3233954706 0.0183985020 0.3058126021 0.8730365120 -0.3798498401 0.1067791538 0.3649967373 0.9248651762
0.9027334804 -0.4298062700 0.0184074343 0.4039603678 0.8321803769 -0.3798576596 0.1479468982 0.3503461010 0.9248617869
0.8474594776 -0.5305405465 0.0184163627 0.4967719718 0.7803331488 -0.3798654828 0.1871631425 0.3310693364 0.9248583960
0.7809930238 -0.6242678956 0.0184252871 0.5830216022 0.7181796989 -0.3798733097 0.2239100445 0.3074207453 0.9248550034
0.7042119510 -0.7097504548 0.0184342076 0.6615701260 0.6465410176 -0.3798811405 0.2577023409 0.2797123601 0.9248516092
0.6181303165 -0.7858592514 0.0184431241 0.7313801336 0.5663633700 -0.3798889751 0.2880937556 0.2483098270 0.9248482134
0.5238850110 -0.8515891131 0.0184520367 0.7915296405 0.4787057963 -0.3798968134 0.3146828935 0.2136275803 0.9248448159
0.4227207430 -0.9060719436 0.0184609453 0.8412242640 0.3847261239 -0.3799046556 0.3371185417 0.1761233734 0.9248414168
0.3159735997 -0.9485881872 0.0184698500 0.8798077143 0.2856656738 -0.3799125015 0.3551043089 0.1362922372 0.9248380160
0.2050534017 -0.9785763323 0.0184787507 0.9067704618 0.1828328648 -0.3799203511 0.3684025409 0.0946599457 0.9248346136
0.0914250826 -0.9956403272 0.0184876475 0.9217564660 0.0775859316 -0.3799282046 0.3768374606 0.0517760761 0.9248312096
-0.0234106577 -0.9995548105 0.0184965403 0.9245678768 -0.0286850150 -0.3799360618 0.3802974918 0.0082067539 0.9248278039
-0.1379371735 -0.9902680876 0.0185054291 0.9151676468 -0.1345763491 -0.3799439228 0.3787367349 -0.0354728208 0.9248243966
-0.2506419036 -0.9679028135 0.0185143140 0.8936800192 -0.2386894684 -0.3799517876 0.3721755760 -0.0786859668 0.9248209877
-0.3600363477 -0.9327543726 0.0185231949 0.8603888860 -0.3396492670 -0.3799596561 0.3607004203 -0.1208621358 0.9248175771
-0.4646757253 -0.8852869776 0.0185320719 0.8157340368 -0.4361222976 -0.3799675285 0.3444625546 -0.1614444451 0.9248141649
-0.5631780567 -0.8261275385 0.0185409449 0.7603053495 -0.5268343833 -0.3799754045 0.3236761529 -0.1998970304 0.9248107511
-0.6542424155 -0.7560573828 0.0185498139 0.6948349978 -0.6105874462 -0.3799832844 0.2986154510 -0.2357121220 0.9248073356
-0.7366661095 -0.6760019368 0.0185586789 0.6201877798 -0.6862753311 -0.3799911680 0.2696111290 -0.2684167495 0.9248039185
-0.8093605649 -0.5870185026 0.0185675400 0.5373496948 -0.7528984151 -0.3799990553 0.2370459479 -0.2975789882 0.9248004998
-0.8713657031 -0.4902822951 0.0185763970 0.4474149198 -0.8095768093 -0.3800069465 0.2013496981 -0.3228136629 0.9247970794
-0.9218626207 -0.3870709199 0.0185852501 0.3515713562 -0.8555619801 -0.3800148413 0.1629935276 -0.3437874359 0.9247936574
-0.9601844043 -0.2787475007 0.0185940993 0.2510849402 -0.8902466343 -0.3800227400 0.1224837233 -0.3602232099 0.9247902338
-0.9858249391 -0.1667426755 0.0186029444 0.1472829213 -0.9131727394 -0.3800306424 0.0803550278 -0.3719037889 0.9247868086
-0.9984455926 -0.0525357029 0.0186117856 0.0415363318 -0.9240375722 -0.3800385485 0.0371635814 -0.3786747485 0.9247833817
-0.9978796870 0.0623650755 0.0186206228 -0.0647581219 -0.9226977160 -0.3800464584 -0.0065204200 -0.3804464775 0.9247799532
-0.9841347008 0.1764421551 0.0186294559 -0.1701965071 -0.9091709538 -0.3800543720 -0.0501202522 -0.3771953640 0.9247765231
-0.9573921694 0.2881889106 0.0186382851 -0.2733862081 -0.8836360322 -0.3800622894 -0.0930602768 -0.3689641099 0.9247730914
-0.9180052882 0.3961294941 0.0186471103 -0.3729643193 -0.8464302993 -0.3800702105 -0.1347735410 -0.3558611700 0.9247696580
-0.8664942471 0.4988383264 0.0186559316 -0.4676156466 -0.7980452481 -0.3800781354 -0.1747092635 -0.3380593233 0.9247662230
-0.8035393609 0.5949589252 0.0186647488 -0.5560900778 -0.7391200236 -0.3800860640 -0.2123401066 -0.3157933946 0.9247627864
-0.7299720837 0.6832218198 0.0186735620 -0.6372190936 -0.6704329800 -0.3800939964 -0.2471691401 -0.2893571568 0.9247593482
-0.6467640284 0.7624613174 0.0186823712 -0.7099312004 -0.5928913996 -0.3801019325 -0.2787364030 -0.2590994553 0.9247559083
-0.5550141339 0.8316308984 0.0186911764 -0.7732660824 -0.5075195079 -0.3801098723 -0.3066249779 -0.2254196043 0.9247524668
-0.4559341515 0.8898170375 0.0186999777 -0.8263872841 -0.4154449454 -0.3801178159 -0.3304664976 -0.1887621176 0.9247490237
-0.3508326415 0.9362512694 0.0187087749 -0.8685932578 -0.3178838730 -0.3801257632 -0.3499460105 -0.1496108413 0.9247455790
-0.2410976901 0.9703203370 0.0187175681 -0.8993266277 -0.2161249083 -0.3801337142 -0.3648061410 -0.1084825678 0.9247421327
-0.1281785776 0.9915742916 0.0187263573 -0.9181815517 -0.1115121050 -0.3801416690 -0.3748504906 -0.0659202142 0.9247386847
-0.0135666373 0.9997324346 0.0187351425 -0.9249090800 -0.0054272007 -0.3801496275 -0.3799462332 -0.0224856555 0.9247352352
0.1012244409 0.9946870251 0.0187439236 -0.9194204421 0.1007286337 -0.3801575897 -0.3800258718 0.0212476929 0.9247317840
0.2146786015 0.9765047026 0.0187527008 -0.9017882185 0.2055533004 -0.3801655556 -0.3750881324 0.0647024452 0.9247283312
0.3252974463 0.9454256071 0.0187614739 -0.8722453805 0.3076622934 -0.3801735253 -0.3651979840 0.1073048680 0.9247248768
0.4316200241 0.9018602069 0.0187702431 -0.8311822124 0.4057069853 -0.3801814987 -0.3504857838 0.1484924555 0.9247214208
0.5322421251 0.8463838781 0.0187790082 -0.7791411549 0.4983924390 -0.3801894758 -0.3311455586 0.1877213564 0.9247179631
0.6258348267 0.7797293053 0.0187877693 -0.7168096403 0.5844945111 -0.3801974566 -0.3074324467 0.2244735552 0.9247145039
0.7111620446 0.7027768045 0.0187965263 -0.6450110112 0.6628760200 -0.3802054411 -0.2796593315 0.2582637124 0.9247110430
0.7870968579 0.6165426974 0.0188052794 -0.5646936454 0.7325017645 -0.3802134294 -0.2481927137 0.2886455739 0.9247075806
0.8526363925 0.5221658880 0.0188140284 -0.4769184283 0.7924521963 -0.3802214214 -0.2134478742 0.3152178642 0.9247041165
0.9069150655 0.4208928215 0.0188227734 -0.3828447408 0.8419355646 -0.3802294170 -0.1758833945 0.3376295869 0.9247006508
0.9492160179 0.3140610219 0.0188315143 -0.2837151448 0.8802983720 -0.3802374164 -0.1359951030 0.3555846605 0.9246971835
0.9789805814 0.2030814277 0.0188402512 -0.1808389716 0.9070340056 -0.3802454195 -0.0943095312 0.3688458302 0.9246937146
0.9958156571 0.0894197568 0.0188489841 -0.0755750274 0.9217894266 -0.3802534263 -0.0513769632 0.3772378031 0.9246902441
0.9994989071 -0.0254228507 0.0188577130 0.0306863539 0.9243698326 -0.3802614368 -0.0077641712 0.3806495650 0.9246867720
0.9899816908 -0.1399296585 0.0188664378 0.1365416744 0.9147412288 -0.3802694511 0.0359530659 0.3790358491 0.9246832983
0.9673897073 -0.2525883658 0.0188751585 0.2405928092 0.8930308767 -0.3802774690 0.0791975651 0.3724177368 0.9246798230
0.9320213351 -0.3619110804 0.0188838753 0.3414654733 0.8595256112 -0.3802854906 0.1213983583 0.3608823821 0.9246763460
0.8843436916 -0.4664539691 0.0188925879 0.4378273724 0.8146680513 -0.3802935159 0.1619982321 0.3445818638 0.9246728675
0.8249864633 -0.5648363271 0.0189012966 0.5284057996 0.7590507532 -0.3803015449 0.2004610844 0.3237311812 0.9246693874
0.7547335900 -0.6557588124 0.0189100012 0.6120044449 0.6934083823 -0.3803095776 0.2362790036 0.2986054176 0.9246659056
0.6745129109 -0.7380206066 0.0189187017 0.6875191951 0.6186080090 -0.3803176140 0.2689789758 0.2695361114 0.9246624223
0.5853839104 -0.8105352744 0.0189273982 0.7539527164 0.5356376558 -0.3803256541 0.2981291312 0.2369068819 0.9246589374
0.4885237257 -0.8723451117 0.0189360906 0.8104276263 0.4455932460 -0.3803336978 0.3233444480 0.2011483660 0.9246554508
0.3852115996 -0.9226337945 0.0189447790 0.8561980809 0.3496641289 -0.3803417453 0.3442918380 0.1627325355 0.9246519627
0.2768119863 -0.9607371599 0.0189534633 0.8906596255 0.2491173696 -0.3803497964 0.3606945463 0.1221664672 0.9246484730
0.1647565301 -0.9861519776 0.0189621436 0.9133571766 0.1452810137 -0.3803578513 0.3723358078 0.0799856497 0.9246449817
0.0505251577 -0.9985425962 0.0189708198 0.9239910318 0.0395265456 -0.3803659098 0.3790617121 0.0367469149 0.9246414887
-0.0643734668 -0.9977453762 0.0189794919 0.9224208271 -0.0667492256 -0.3803739719 0.3807832381 -0.0069789126 0.9246379942
-0.1784218676 -0.9837708508 0.0189881600 0.9086673897 -0.1721426159 -0.3803820378 0.3774774325 -0.0506145518 0.9246344981
-0.2901137985 -0.9568035873 0.0189968240 0.8829124615 -0.2752616058 -0.3803901074 0.3691877156 -0.0935838863 0.9246310004
-0.3979741355 -0.9171997487 0.0190054840 0.8454962977 -0.3747442257 -0.3803981806 0.3560233110 -0.1353195707 0.9246275011
-0.5005783596 -0.8654823906 0.0190141398 0.7969131718 -0.4692765451 -0.3804062575 0.3381578070 -0.1752705219 0.9246240002
-0.5965713702 -0.8023345522 0.0190227916 0.7378048457 -0.5576100259 -0.3804143380 0.3158268669 -0.2129091950 0.9246204977
-0.6846853818 -0.7285902362 0.0190314394 0.6689520926 -0.6385780128 -0.3804224223 0.2893251212 -0.2477385503 0.9246169936
-0.7637566681 -0.6452233933 0.0190400830 0.5912643833 -0.7111111417 -0.3804305102 0.2590022799 -0.2792986159 0.9246134880
-0.8327409310 -0.5533350594 0.0190487226 0.5057678737 -0.7742514632 -0.3804386017 0.2252585177 -0.3071725635 0.9246099807
-0.8907270931 -0.4541388143 0.0190573581 0.4135918497 -0.8271650939 -0.3804466970 0.1885391933 -0.3309922125 0.9246064719
-0.9369493301 -0.3489447533 0.0190659895 0.3159538118 -0.8691532299 -0.3804547959 0.1493289713 -0.3504428941 0.9246029615
-0.9707971850 -0.2391421850 0.0190746168 0.2141433930 -0.8996613753 -0.3804628984 0.1081454249 -0.3652676076 0.9245994494
-0.9918236304 -0.1261812825 0.0190832401 0.1095053256 -0.9182866645 -0.3804710047 0.0655322042 -0.3752704167 0.9245959358
-0.9997509728 -0.0115539308 0.0190918592 0.0034216793 -0.9247831830 -0.3804791145 0.0220518597 -0.3803190387 0.9245924206
-0.9944745193 0.1032259767 0.0191004743 -0.1027063930 -0.9190652132 -0.3804872281 -0.0217215843 -0.3803465941 0.9245889039
-0.9760639610 0.2166425324 0.0191090853 -0.2074771622 -0.9012083663 -0.3804953453 -0.0652102076 -0.3753524926 0.9245853855
-0.9447624520 0.3271978349 0.0191176922 -0.3095068361 -0.8714485818 -0.3805034661 -0.1078398246 -0.3654024440 0.9245818656
-0.9009833981 0.4334317723 0.0191262950 -0.4074478370 -0.8301790105 -0.3805115906 -0.1490475644 -0.3506275934 0.9245783440
-0.8453049971 0.5339413055 0.0191348937 -0.5000065999 -0.7779448205 -0.3805197187 -0.1882893040 -0.3312227929 0.9245748209
-0.7784626021 0.6273989990 0.0191434883 -0.5859606570 -0.7154359953 -0.3805278505 -0.2250468519 -0.3074440317 0.9245712962
-0.7013390099 0.7125705517 0.0191520788 -0.6641747840 -0.6434782200 -0.3805359860 -0.2588347919 -0.2796050594 0.9245677700
-0.6149528014 0.7883310986 0.0191606652 -0.7336159931 -0.5630219743 -0.3805441250 -0.2892068926 -0.2480732462 0.9245642421
-0.5204448895 0.8536800671 0.0191692475 -0.7933671757 -0.4751299780 -0.3805522677 -0.3157620013 -0.2132647347 0.9245607127
-0.4190634506 0.9077543916 0.0191778257 -0.8426392151 -0.3809631537 -0.3805604141 -0.3381493422 -0.1756389483 0.9245571817
-0.3121474399 0.9498399117 0.0191863998 -0.8807814075 -0.2817652928 -0.3805685641 -0.3560731498 -0.1356925272 0.9245536491
-0.2011089078 0.9793808046 0.0191949697 -0.9072900561 -0.1788466272 -0.3805767177 -0.3692965764 -0.0939527732 0.9245501149
-0.0874143506 0.9959869254 0.0192035356 -0.9218151222 -0.0735665231 -0.3805848750 -0.3776448222 -0.0509706892 0.9245465792
0.0274346575 0.9994389601 0.0192120973 -0.9241648479 0.0326844738 -0.3805930359 -0.3810074453 -0.0073137054 0.9245430419
0.1419212959 0.9896913217 0.0192206550 -0.9143082872 0.1385030042 -0.3806012005 -0.3793398236 0.0364418114 0.9245395030
0.2545335303 0.9668727525 0.0192292085 -0.8923757136 0.2424914313 -0.3806093686 -0.3726637462 0.0797181676 0.9245359626
0.3637840825 0.9312846235 0.0192377579 -0.8586568986 0.3432763003 -0.3806175404 -0.3610671292 0.1219439692 0.9245324205
0.4682300725 0.8833969544 0.0192463032 -0.8135972830 0.4395264788 -0.3806257158 -0.3447028580 0.1625616665 0.9245288769
0.5664920753 0.8238422055 0.0192548444 -0.7577920923 0.5299707378 -0.3806338949 -0.3237867715 0.2010349162 0.9245253317
0.6572723387 0.7534069252 0.0192633814 -0.6919784743 0.6134145416 -0.3806420776 -0.2985948155 0.2368556632 0.9245217850
0.7393719228 0.6730213615 0.0192719143 -0.6170257615 0.6887558249 -0.3806502638 -0.2694594021 0.2695508499 0.9245182367
0.8117065347 0.5837471765 0.0192804431 -0.5339239883 0.7549995472 -0.3806584538 -0.2367650234 0.2986886633 0.9245146868
0.8733208484 0.4867634245 0.0192889678 -0.4437708136 0.8112708356 -0.3806666473 -0.2009431779 0.3238842384 0.9245111353
0.9234011223 0.3833509805 0.0192974883 -0.3477570227 0.8568265379 -0.3806748444 -0.1624666750 0.3448047415 0.9245075823
0.9612859460 0.2748756230 0.0193060047 -0.2471507981 0.8910650381 -0.3806830452 -0.1218433950 0.3611737668 0.9245040277
0.9864749757 0.1627699967 0.0193145170 -0.1432809698 0.9135342009 -0.3806912496 -0.0796095853 0.3727749884 0.9245004716
0.9986355419 0.0485146908 0.0193230251 -0.0375194630 0.9239373425 -0.3806994575 -0.0363227809 0.3794550195 0.9244969139
0.9976070434 -0.0663813149 0.0193315291 0.0687368220 0.9221371481 -0.3807076691 0.0074455545 0.3811254401 0.9244933546
0.9834030681 -0.1804005791 0.0193400289 0.1740844602 0.9081574842 -0.3807158843 0.0511175740 0.3777639672 0.9244897937
0.9562112134 -0.2920372407 0.0193485247 0.2771320385 0.8821830822 -0.3807241031 0.0941166754 0.3694147527 0.9244862313
0.9163906087 -0.3998169059 0.0193570162 0.3765185327 0.8445570974 -0.3807323255 0.1358751149 0.3561878029 0.9244826673
0.8644671721 -0.5023161212 0.0193655036 0.4709312840 0.7957765755 -0.3807405516 0.1758415029 0.3382575294 0.9244791018
0.8011266647 -0.5981811730 0.0193739869 0.5591233360 0.7364858863 -0.3807487812 0.2134880846 0.3158604493 0.9244755347
0.7272056334 -0.6861459660 0.0193824660 0.6399299038 0.6674682121 -0.3807570144 0.2483177095 0.2892920654 0.9244719661
0.6436803630 -0.7650487447 0.0193909410 0.7122837579 0.5896352022 -0.3807652512 0.2798703960 0.2589029674 0.9244683958
0.5516539814 -0.8338474366 0.0193994118 0.7752293190 0.5040149314 -0.3807734916 0.3077294067 0.2250942055 0.9244648241
0.4523418915 -0.8916334154 0.0194078785 0.8279352788 0.4117383199 -0.3807817356 0.3315267521 0.1883119978 0.9244612507
0.3470557185 -0.9376435005 0.0194163410 0.8697055784 0.3140241958 -0.3807899832 0.3509480519 0.1490418413 0.9244576758
0.2371859873 -0.9712700369 0.0194247994 0.8999886015 0.2121631965 -0.3807982343 0.3657366876 0.1078021032 0.9244540994
0.1241837578 -0.9920689205 0.0194332536 0.9183844581 0.1075007208 -0.3808064891 0.3756971938 0.0651371788 0.9244505214
0.0095414607 -0.9997654628 0.0194417036 0.9246502658 0.0014191596 -0.3808147474 0.3806978413 0.0216103053 0.9244469419
-0.1052268134 -0.9942580195 0.0194501495 0.9187033564 -0.1046803637 -0.3808230094 0.3806723798 -0.0222038741 0.9244433607
-0.2186053106 -0.9756193322 0.0194585912 0.9006223662 -0.2093964986 -0.3808312749 0.3756209149 -0.0657268967 0.9244397781
-0.3290966325 -0.9440955679 0.0194670287 0.8706461967 -0.3113461770 -0.3808395440 0.3656099105 -0.1083841169 0.9244361939
-0.4352415121 -0.9001030677 0.0194754621 0.8291708579 -0.4091828796 -0.3808478167 0.3507713138 -0.1496122940 0.9244326081
-0.5356380871 -0.8442228483 0.0194838913 0.7767442363 -0.5016144214 -0.3808560929 0.3313008164 -0.1888670288 0.9244290208
-0.6289604136 -0.7771929283 0.0194923163 0.7140588580 -0.5874200175 -0.3808643727 0.3074552739 -0.2256299523 0.9244254319
-0.7139759785 -0.6998985807 0.0195007371 0.6419427400 -0.6654664066 -0.3808726561 0.2795493170 -0.2594155707 0.9244218415
-0.7895619772 -0.6133606419 0.0195091538 0.5613484536 -0.7347228190 -0.3808809431 0.2479512002 -0.2897776772 0.9244182495
-0.8547201425 -0.5187220282 0.0195175663 0.4733405415 -0.7942745894 -0.3808892337 0.2130779428 -0.3163152447 0.9244146560
-0.9085899287 -0.4172326423 0.0195259746 0.3790814569 -0.8433352372 -0.3808975278 0.1753898244 -0.3386777227 0.9244110610
-0.9504598769 -0.3102328648 0.0195343788 0.2798162089 -0.8812568532 -0.3809058254 0.1353843106 -0.3565696682 0.9244074644
-0.9797770115 -0.1991358522 0.0195427787 0.1768559184 -0.9075386561 -0.3809141267 0.0935894864 -0.3697546486 0.9244038662
-0.9961541427 -0.0854088730 0.0195511745 0.0715604999 -0.9218336054 -0.3809224315 0.0505570853 -0.3780583664 0.9244002665
-0.9993749808 0.0294460705 0.0195595661 -0.0346792999 -0.9239529845 -0.3809307399 0.0068552060 -0.3813709629 0.9243966653
-0.9893969924 0.1439120795 0.0195679535 -0.1404602715 -0.9138688915 -0.3809390518 -0.0369391872 -0.3796484722 0.9243930625
-0.9663519619 0.2564773924 0.0195763367 -0.2443852762 -0.8917146069 -0.3809473673 -0.0802478820 -0.3729134042 0.9243894582
-0.9305442512 0.3656553508 0.0195847157 -0.3450816988 -0.8577828316 -0.3809556863 -0.1224990522 -0.3612544508 0.9243858523
-0.8824467798 0.4700040337 0.0195930905 -0.4412195774 -0.8125218203 -0.3809640089 -0.1631348073 -0.3448253180 0.9243822449
-0.8226947790 0.5681453012 0.0196014611 -0.5315291687 -0.7565294593 -0.3809723351 -0.2016185593 -0.3238426994 0.9243786360
-0.7520774021 0.6587829960 0.0196098276 -0.6148177181 -0.6905453690 -0.3809806648 -0.2374421082 -0.2985834181 0.9243750255
-0.6715273021 0.7407200612 0.0196181898 -0.6899852132 -0.6154411337 -0.3809889980 -0.2701323530 -0.2693807748 0.9243714135
-0.5821083139 0.8128743504 0.0196265478 -0.7560389115 -0.5322087890 -0.3809973348 -0.2992575398 -0.2366201500 0.9243677999
-0.4850014041 0.8742929193 0.0196349016 -0.8121064523 -0.4419477182 -0.3810056752 -0.3244329640 -0.2007339177 0.9243641848
-0.3814890740 0.9241646115 0.0196432513 -0.8574473770 -0.3458501308 -0.3810140190 -0.3453260518 -0.1621957396 0.9243605682
-0.2729384213 0.9618307714 0.0196515967 -0.8914629086 -0.2451853154 -0.3810223665 -0.3616607537 -0.1215143127 0.9243569500
-0.1607830849 0.9867939433 0.0196599379 -0.9137038589 -0.1412828746 -0.3810307174 -0.3732211916 -0.0792266553 0.9243533303
-0.0465043104 0.9987244405 0.0196682749 -0.9238765604 -0.0355151629 -0.3810390719 -0.3798545119 -0.0358910174 0.9243497091
0.0683886126 0.9974647005 0.0196766077 -0.9218467438 0.0707208391 -0.3810474300 -0.3814729068 0.0079204884 0.9243460863
0.1823782839 0.9830313651 0.0196849362 -0.9076413100 0.1760219761 -0.3810557915 -0.3780547763 0.0516294400 0.9243424620
0.2939592332 0.9556150609 0.0196932606 -0.8814479740 0.2789974511 -0.3810641567 -0.3696450168 0.0946587427 0.9243388361
0.4016578027 0.9155778816 0.0197015807 -0.8436127838 0.3782871945 -0.3810725253 -0.3563544311 0.1364402478 0.9243352088
0.5040516102 0.8634486054 0.0197098966 -0.7946355492 0.4725798277 -0.3810808975 -0.3383582690 0.1764222555 0.9243315799
0.5997883343 0.7999157120 0.0197182083 -0.7351632389 0.5606299832 -0.3810892732 -0.3158939161 0.2140767985 0.9243279495
0.6876035746 0.7258182891 0.0197265158 -0.6659814344 0.6412747527 -0.3810976524 -0.2892577626 0.2489066148 0.9243243175
0.7663375510 0.6421349507 0.0197348190 -0.5880039530 0.7134490460 -0.3811060351 -0.2588012929 0.2804517140 0.9243206840
0.8349504205 0.5499709125 0.0197431181 -0.5022607773 0.7761996582 -0.3811144214 -0.2249264476 0.3082954526 0.9243170490
0.8925360109 0.4505433951 0.0197514129 -0.4098844506 0.8286978581 -0.3811228112 -0.1880803188 0.3320700366 0.9243134125
0.9383337885 0.3451655481 0.0197597034 -0.3120951172 0.8702503334 -0.3811312045 -0.1487492496 0.3514613800 0.9243097744
0.9717389021 0.2352291069 0.0197679898 -0.2101844067 0.9003083469 -0.3811396013 -0.1074524142 0.3662132545 0.9243061348
0.9923101720 0.1221860124 0.0197762719 -0.1054983735 0.9184749828 -0.3811480016 -0.0647349654 0.3761306746 0.9243024937
0.9997759160 0.0075292348 0.0197845497 0.0005802821 0.9245103882 -0.3811564055 -0.0211608378 0.3810824751 0.9242988511
0.9940375378 -0.1072269444 0.0197928234 0.1066504767 0.9183349396 -0.3811648129 0.0226946969 0.3810030461 0.9242952069
0.9751708290 -0.2205669310 0.0198010928 0.2113112492 0.9000302936 -0.3811732237 0.0662526248 0.3758932022 0.9242915613
0.9434249680 -0.3309938355 0.0198093579 0.3131802645 0.8698383072 -0.3811816381 0.1089378340 0.3658201747 0.9242879141
0.8992192292 -0.4370492418 0.0198176188 0.4109120713 0.8281578417 -0.3811900560 0.1501867085 0.3509167271 0.9242842654
0.8431374455 -0.5373324694 0.0198258755 0.5032158722 0.7755394940 -0.3811984774 0.1894545697 0.3313794057 0.9242806151
0.7759202973 -0.6305190716 0.0198341279 0.5888725718 0.7126783229 -0.3812069023 0.2262228691 0.3074659469 0.9242769634
0.6984555305 -0.7153783279 0.0198423761 0.6667508781 0.6404046676 -0.3812153307 0.2600060356 0.2794918777 0.9242733101
0.6117662317 -0.7907894983 0.0198506200 0.7358222438 0.5596731800 -0.3812237626 0.2903578883 0.2478263524 0.9242696553
0.5169973166 -0.8557566245 0.0198588597 0.7951744501 0.4715502149 -0.3812321980 0.3168775293 0.2128872812 0.9242659990
0.4154004082 -0.9094216841 0.0198670951 0.8440236547 0.3771997443 -0.3812406368 0.3392146388 0.1751358144 0.9242623412
0.3083173072 -0.9510759220 0.0198753263 0.8817247435 0.2778679836 -0.3812490792 0.3570741027 0.1350702564 0.9242586819
0.1971622704 -0.9801692116 0.0198835532 0.9077798500 0.1748669310 -0.3812575251 0.3702199119 0.0932194882 0.9242550210
0.0834033324 -0.9963173196 0.0198917759 0.9218449301 0.0695570382 -0.3812659744 0.3784782807 0.0501359855 0.9242513587
-0.0314570825 -0.9993069810 0.0198999943 0.9237343052 -0.0366707587 -0.3812744273 0.3817399447 0.0063885263 0.9242476948
-0.1459020036 -0.9890987153 0.0199082084 0.9134231129 -0.1424134105 -0.3812828836 0.3799616062 -0.0374453190 0.9242440294
-0.2584199478 -0.9658273484 0.0199164183 0.8910476347 -0.2462742865 -0.3812913434 0.3731665089 -0.0807868117 0.9242403625
-0.3675248825 -0.9298002313 0.0199246239 0.8569034943 -0.3468816208 -0.3812998067 0.3614441343 -0.1230636868 0.9242366941
-0.4717758513 -0.8814931813 0.0199328252 0.8114417523 -0.4429066304 -0.3813082735 0.3449490235 -0.1637177087 0.9242330242
-0.5697960051 -0.8215441973 0.0199410223 0.7552629469 -0.5330810650 -0.3813167438 0.3238987396 -0.2022120420 0.9242293528
-0.6602907862 -0.7507450343 0.0199492151 0.6891091617 -0.6162139578 -0.3813252175 0.2985709983 -0.2380383408 0.9242256799
-0.7420650252 -0.6700307458 0.0199574036 0.6138542222 -0.6912073547 -0.3813336947 0.2693000040 -0.2707234613 0.9242220054
-0.8140387264 -0.5804673352 0.0199655879 0.5304921546 -0.7570708151 -0.3813421754 0.2364720402 -0.2998357110 0.9242183295
-0.8752613306 -0.4832376763 0.0199737679 0.4401240551 -0.8129344934 -0.3813506595 0.2005203714 -0.3249905500 0.9242146520
-0.9249242696 -0.3796258914 0.0199819436 0.3439435460 -0.8580606261 -0.3813591472 0.1619195252 -0.3458556701 0.9242109731
-0.9623716450 -0.2710003916 0.0199901150 0.2432210104 -0.8918532753 -0.3813676383 0.1211790288 -0.3621553854 0.9242072926
-0.9871088903 -0.1587958040 0.0199982821 0.1392868118 -0.9138661988 -0.3813761328 0.0788366837 -0.3736742743 0.9242036107
-0.9988093031 -0.0444940246 0.0200064450 0.0335137229 -0.9238087430 -0.3813846308 0.0354514659 -0.3802600269 0.9241999272
-0.9973183593 0.0703953534 0.0200146036 -0.0727012063 -0.9215496803 -0.3813931323 -0.0084038528 -0.3818254588 0.9241962423
-0.9826557544 0.1843549768 0.0200227579 -0.1779551010 -0.9071189410 -0.3814016373 -0.0521502671 -0.3783496655 0.9241925558
-0.9550151429 0.2958797722 0.0200309079 -0.2808577899 -0.8807072173 -0.3814101457 -0.0952101819 -0.3698783013 0.9241888679
-0.9147615807 0.4034968238 0.0200390536 -0.3800501672 -0.8426634430 -0.3814186575 -0.1370150390 -0.3565229798 0.9241851784
-0.8624267040 0.5057848260 0.0200471950 -0.4742221425 -0.7934901835 -0.3814271729 -0.1770128238 -0.3384598033 0.9241814875
-0.7987017076 0.6013928549 0.0200553321 -0.5621299443 -0.7338369975 -0.3814356916 -0.2146753548 -0.3159270410 0.9241777950
-0.7244282162 0.6890582101 0.0200634650 -0.6426125471 -0.6644918555 -0.3814442139 -0.2495052582 -0.2892219858 0.9241741011
-0.6405871692 0.7676230910 0.0200715935 -0.7146070050 -0.5863707325 -0.3814527395 -0.2810425360 -0.2586970319 0.9241704056
-0.5482858649 0.8360498880 0.0200797178 -0.7771624908 -0.5005055079 -0.3814612687 -0.3088706416 -0.2247550251 0.9241667087
-0.4487433367 0.8934348866 0.0200878377 -0.8294528530 -0.4080303365 -0.3814698012 -0.3326219814 -0.1878439457 0.9241630103
-0.3432742528 0.9390202021 0.0200959534 -0.8707875267 -0.3101666674 -0.3814783372 -0.3519827705 -0.1484509967 0.9241593103
-0.2332715536 0.9722037898 0.0201040647 -0.9006206537 -0.2082071109 -0.3814868767 -0.3666971780 -0.1070961723 0.9241556089
-0.1201880550 0.9925473953 0.0201121717 -0.9185582906 -0.1034983653 -0.3814954196 -0.3765707081 -0.0643253945 0.9241519060
-0.0055172603 0.9997823435 0.0201202745 -0.9243636110 0.0025765707 -0.3815039659 -0.3814727704 -0.0207033062 0.9241482016
0.1092263637 0.9938130861 0.0201283729 -0.9179600321 0.1086166645 -0.3815125157 -0.3813384073 0.0231941830 0.9241444957
0.2225273891 0.9747184639 0.0201364670 -0.8994322253 0.2132213546 -0.3815210689 -0.3761691550 0.0667875000 0.9241407884
0.3328894408 0.9427506653 0.0201445568 -0.8690249962 0.3150090487 -0.3815296255 -0.3660330260 0.1095010603 0.9241370795
0.4388549597 0.8983318960 0.0201526423 -0.8271400503 0.4126353719 -0.3815381856 -0.3510636147 0.1507708675 0.9241333691
0.5390244524 0.8420488020 0.0201607234 -0.7743306858 0.5048109223 -0.3815467491 -0.3314583364 0.1900519607 0.9241296573
0.6320749745 0.7746447225 0.0201688003 -0.7112944850 0.5903183010 -0.3815553160 -0.3074758238 0.2268256102 0.9241259440
0.7167776029 0.6970098721 0.0201768728 -0.6388640992 0.6680281905 -0.3815638864 -0.2794325155 0.2606061681 0.9241222292
0.7920136662 0.6101695836 0.0201849410 -0.5579962504 0.7369142706 -0.3815724602 -0.2476984802 0.2909474817 0.9241185129
0.8567895189 0.5152707665 0.0201930049 -0.4697590939 0.7960667721 -0.3815810374 -0.2126925338 0.3174487857 0.9241147951
0.9102496649 0.4135667594 0.0202010645 -0.3753181094 0.8447044928 -0.3815896180 -0.1748767117 0.3397599966 0.9241110758
0.9516880555 0.3064007774 0.0202091197 -0.2759207069 0.8821851142 -0.3815982020 -0.1347501704 0.3575863363 0.9241073551
0.9805574148 0.1951881717 0.0202171707 -0.1728797505 0.9080136839 -0.3816067895 -0.0928425991 0.3706922275 0.9241036328
0.9964764669 0.0813977369 0.0202252172 -0.0675562174 0.9218491520 -0.3816153803 -0.0497072277 0.3789044067 0.9240999091
0.9992349719 -0.0334676868 0.0202332595 0.0386587777 0.9235088743 -0.3816239746 -0.0059135230 0.3821142147 0.9240961840
0.9887965026 -0.1478910627 0.0202412974 0.1443623566 0.9129710235 -0.3816325723 0.0379603287 0.3802790342 0.9240924573
0.9652989247 -0.2603611925 0.0202493310 0.2481584065 0.8903748761 -0.3816411734 0.0813350554 0.3734228560 0.9240887292
0.9290525771 -0.3693926751 0.0202573603 0.3486760200 0.8560189718 -0.3816497779 0.1236379477 0.3616359655 0.9240849995
0.8805361721 -0.4735455246 0.0202653852 0.4445876015 0.8103571688 -0.3816583859 0.1643104204 0.3450737531 0.9240812684
0.8203904737 -0.5714441877 0.0202734057 0.5346264012 0.7539926488 -0.3816669972 0.2028153883 0.3239546666 0.9240775359
0.7494098347 -0.6617957113 0.0202814220 0.6176032462 0.6876699482 -0.3816756119 0.2386443587 0.2985573293 0.9240738018
0.6685317054 -0.7434068185 0.0202894339 0.6924222458 0.6122651240 -0.3816842300 0.2713241464 0.2692168646 0.9240700663
0.5788242527 -0.8151996678 0.0202974414 0.7580952656 0.5287741818 -0.3816928515 0.3004231228 0.2363204738 0.9240663293
0.4814722527 -0.8762260888 0.0203054446 0.8137549776 0.4382999193 -0.3817014765 0.3255569171 0.2003023264 0.9240625908
0.3777614434 -0.9256801045 0.0203134435 0.8586663146 0.3420373607 -0.3817101048 0.3463934931 0.1616378298 0.9240588509
0.2690615435 -0.9629085756 0.0203214380 0.8922361781 0.2412579714 -0.3817187365 0.3626575359 0.1208373546 0.9240551095
0.1568081625 -0.9874198269 0.0203294281 0.9140212706 0.1372928647 -0.3817273716 0.3741340897 0.0784394974 0.9240513666
0.0424838406 -0.9988901405 0.0203374139 0.9237339495 0.0315152201 -0.3817360101 0.3806713987 0.0350039715 0.9240476223
-0.0724015313 -0.9971680316 0.0203453954 0.9212460251 -0.0746778541 -0.3817446519 0.3821829136 -0.0088957828 0.9240438764
-0.1863306531 -0.9822762483 0.0203533724 0.9065904523 -0.1798837735 -0.3817532972 0.3786484380 -0.0526801681 0.9240401292
-0.2977988546 -0.9544114720 0.0203613452 0.8799608939 -0.2827130027 -0.3817619459 0.3701143977 -0.0957710827 0.9240363804
-0.4053339673 -0.9139417191 0.0203693135 0.8417091621 -0.3818074082 -0.3817705979 0.3566932314 -0.1375995532 0.9240326302
-0.5075157682 -0.8614014811 0.0203772775 0.7923405701 -0.4758581961 -0.3817792533 0.3385619088 -0.1776132473 0.9240288785
-0.6029947361 -0.7974846646 0.0203852372 0.7325072566 -0.5636231980 -0.3817879121 0.3159595976 -0.2152837671 0.9240251254
-0.6905098752 -0.7230354279 0.0203931925 0.6629995719 -0.6439432767 -0.3817965742 0.2891845086 -0.2501136269 0.9240213708
-0.7689053688 -0.6390370311 0.0204011434 0.5847356376 -0.7157576357 -0.3818052398 0.2585899610 -0.2816428231 0.9240176147
-0.8371458448 -0.5465988506 0.0204090899 0.4987492192 -0.7781178288 -0.3818139087 0.2245797204 -0.3094549095 0.9240138571
-0.8943300493 -0.4469417274 0.0204170321 0.4061760716 -0.8302002864 -0.3818225809 0.1876026698 -0.3331824978 0.9240100981
-0.9397027498 -0.3413818430 0.0204249699 0.3082389372 -0.8713171920 -0.3818312566 0.1481468855 -0.3525121107 0.9240063377
-0.9726647093 -0.2313133368 0.0204329033 0.2062313955 -0.9009255658 -0.3818399356 0.1067331946 -0.3671883238 0.9240025758
-0.9927806009 -0.1181898935 0.0204408324 0.1015007771 -0.9186344350 -0.3818486180 0.0639083000 -0.3770171400 0.9239988124
-0.9997847566 -0.0035055441 0.0204487571 -0.0045696319 -0.9242099967 -0.3818573037 0.0202375633 -0.3818685548 0.9239950476
-0.9935846763 0.1112250659 0.0204566774 -0.1105788605 -0.9175787046 -0.3818659928 -0.0237024587 -0.3816782750 0.9239912813
-0.9742622494 0.2244866807 0.0204645933 -0.2151267569 -0.8988282390 -0.3818746853 -0.0673316262 -0.3764485715 0.9239875135
-0.9420726728 0.3347834459 0.0204725048 -0.3168324810 -0.8682063477 -0.3818833811 -0.1100738757 -0.3662482520 0.9239837443
-0.8974410810 0.4406586648 0.0204804120 -0.4143527429 -0.8261175724 -0.3818920803 -0.1513648260 -0.3512117562 0.9239799737
-0.8409569309 0.5407140365 0.0204883147 -0.5063995439 -0.7731179044 -0.3819007828 -0.1906592309 -0.3315373835 0.9239762016
-0.7733662169 0.6336281243 0.0204962131 -0.5917571879 -0.7099074397 -0.3819094887 -0.2274381788 -0.3074846779 0.9239724280
-0.6955616182 0.7181738069 0.0205041071 -0.6692983379 -0.6373211317 -0.3819181979 -0.2612159454 -0.2793710046 0.9239686530
-0.6085707096 0.7932344858 0.0205119967 -0.7379989046 -0.5563177615 -0.3819269105 -0.2915464084 -0.2475673620 0.9239648765
-0.5135423895 0.8578188321 0.0205198819 -0.7969515717 -0.4679672741 -0.3819356265 -0.3180289398 -0.2124934864 0.9239610986
-0.4117317069 0.9110738787 0.0205277627 -0.8453777787 -0.3734366453 -0.3819443457 -0.3403136977 -0.1746123118 0.9239573192
