1984
45480
0.6416306356 -0.7665500704 -0.0266667791 0.6973255609 0.5974615162 -0.3959505004 0.3194482582 0.2354585445 0.9178845702
0.5494457707 -0.8351037491 -0.0266659572 0.7612731560 0.5135127391 -0.3959391982 0.3443436176 0.1972470405 0.9178894694
0.4500043453 -0.8926281757 -0.0266651297 0.8151670764 0.4227809580 -0.3959278964 0.3646899049 0.1564327380 0.9178943685
0.3446196866 -0.9383636219 -0.0266642964 0.8582954220 0.3264644213 -0.3959165950 0.3802186741 0.1135548093 0.9178992674
0.2346836145 -0.9717060570 -0.0266634575 0.8900884694 0.2258351500 -0.3959052939 0.3907251180 0.0691796493 0.9179041662
0.1216480597 -0.9922151252 -0.0266626129 0.9101261974 0.1222221383 -0.3958939931 0.3960707695 0.0238933936 0.9179090648
0.0070058880 -0.9996199618 -0.0266617625 0.9181438364 0.0169938015 -0.3958826928 0.3961853269 -0.0217058231 0.9179139633
-0.1077288160 -0.9938227700 -0.0266609065 0.9140353668 -0.0884600960 -0.3958713927 0.3910675778 -0.0670157679 0.9179188616
-0.2210407457 -0.9749001132 -0.0266600448 0.8978549211 -0.1927467962 -0.3958600931 0.3807854113 -0.1114380626 0.9179237598
-0.3314333849 -0.9431019031 -0.0266591774 0.8698160701 -0.2944889415 -0.3958487938 0.3654749178 -0.1543860865 0.9179286577
-0.4374487727 -0.8988480996 -0.0266583043 0.8302890048 -0.3923427662 -0.3958374949 0.3453385872 -0.1952927233 0.9179335556
-0.5376867586 -0.8427231641 -0.0266574255 0.7797956482 -0.4850158445 -0.3958261963 0.3206426309 -0.2336178489 0.9179384533
-0.6308234945 -0.7754683408 -0.0266565410 0.7190027639 -0.5712841604 -0.3958148982 0.2917134627 -0.2688554639 0.9179433508
-0.7156289187 -0.6979718669 -0.0266556508 0.6487131517 -0.6500082744 -0.3958036004 0.2589333843 -0.3005403738 0.9179482481
-0.7909830016 -0.6112572414 -0.0266547549 0.5698550460 -0.7201483732 -0.3957923030 0.2227355329 -0.3282543304 0.9179531453
-0.8558905378 -0.5164697081 -0.0266538533 0.4834698580 -0.7807780042 -0.3957810059 0.1835981582 -0.3516315527 0.9179580423
-0.9094942899 -0.4148611300 -0.0266529460 0.3906984221 -0.8310963122 -0.3957697093 0.1420383036 -0.3703635547 0.9179629392
-0.9510863099 -0.3077734562 -0.0266520331 0.2927659303 -0.8704386185 -0.3957584130 0.0986049757 -0.3842032159 0.9179678358
-0.9801172895 -0.1966209983 -0.0266511144 0.1909657513 -0.8982852003 -0.3957471171 0.0538718916 -0.3929680419 0.9179727324
-0.9962038145 -0.0828717521 -0.0266501901 0.0866423493 -0.9142681569 -0.3957358217 0.0084299007 -0.3965425702 0.9179776287
-0.9991334289 0.0319719911 -0.0266492600 -0.0188264722 -0.9181762701 -0.3957245266 -0.0371208192 -0.3948798916 0.9179825249
-0.9888674403 0.1463934843 -0.0266483243 -0.1240477669 -0.9099577955 -0.3957132319 -0.0821786892 -0.3880022656 0.9179874209
-0.9655414316 0.2588815575 -0.0266473828 -0.2276318429 -0.8897211477 -0.3957019376 -0.1261486740 -0.3760008224 0.9179923167
-0.9294634697 0.3679505753 -0.0266464357 -0.3282106166 -0.8577334701 -0.3956906437 -0.1684501398 -0.3590343555 0.9179972124
-0.8811100374 0.4721600578 -0.0266454829 -0.4244556816 -0.8144171082 -0.3956793502 -0.2085245220 -0.3373272205 0.9180021079
-0.8211197402 0.5701337050 -0.0266445244 -0.5150958541 -0.7603440338 -0.3956680571 -0.2458427005 -0.3111663682 0.9180070032
-0.7502848720 0.6605775742 -0.0266435602 -0.5989339620 -0.6962282915 -0.3956567644 -0.2799119861 -0.2808975518 0.9180118983
-0.6695409519 0.7422971683 -0.0266425903 -0.6748626575 -0.6229165705 -0.3956454722 -0.3102826246 -0.2469207568 0.9180167933
-0.5799543682 0.8142132124 -0.0266416147 -0.7418790429 -0.5413770230 -0.3956341803 -0.3365537349 -0.2096849155 0.9180216880
-0.4827082946 0.8753759072 -0.0266406334 -0.7990979174 -0.4526864790 -0.3956228889 -0.3583785998 -0.1696819753 0.9180265826
-0.3790870643 0.9249774738 -0.0266396465 -0.8457634693 -0.3580162254 -0.3956115979 -0.3754692421 -0.1274403994 0.9180314771
-0.2704592074 0.9623628210 -0.0266386538 -0.8812592600 -0.2586165375 -0.3956003073 -0.3876002241 -0.0835181852 0.9180363713
-0.1582593770 0.9870381983 -0.0266376555 -0.9051163668 -0.1558001671 -0.3955890171 -0.3946116219 -0.0384954935 0.9180412653
-0.0439694014 0.9986777161 -0.0266366514 -0.9170195775 -0.0509250053 -0.3955777273 -0.3964111329 0.0070330150 0.9180461592
0.0709012863 0.9971276499 -0.0266356417 -0.9168115553 0.0546238515 -0.3955664380 -0.3929752914 0.0524660334 0.9180510529
0.1848355836 0.9824084709 -0.0266346263 -0.9044949188 0.1594523940 -0.3955551491 -0.3843497743 0.0972035510 0.9180559464
0.2963287547 0.9547145753 -0.0266336052 -0.8802322084 0.2621761117 -0.3955438606 -0.3706487939 0.1406547767 0.9180608397
0.4039083037 0.9144117169 -0.0266325784 -0.8443437423 0.3614382782 -0.3955325726 -0.3520535855 0.1822459414 0.9180657328
0.5061534224 0.8620321768 -0.0266315459 -0.7973033865 0.4559278703 -0.3955212850 -0.3288100103 0.2214278738 0.9180706258
0.6017137541 0.7982677334 -0.0266305077 -0.7397322991 0.5443968840 -0.3955099979 -0.3012253041 0.2576832523 0.9180755185
0.6893272287 0.7239605262 -0.0266294638 -0.6723907270 0.6256768173 -0.3954987111 -0.2696640168 0.2905334351 0.9180804110
0.7678367303 0.6400919333 -0.0266284143 -0.5961679675 0.6986941042 -0.3954874249 -0.2345431943 0.3195447788 0.9180853034
0.8362053798 0.5477696108 -0.0266273590 -0.5120706238 0.7624842947 -0.3954761391 -0.1963268677 0.3443343634 0.9180901956
0.8935302285 0.4482128635 -0.0266262981 -0.4212093120 0.8162047935 -0.3954648537 -0.1555199223 0.3645750458 0.9180950875
0.9390541838 0.3427365416 -0.0266252315 -0.3247839938 0.8591459901 -0.3954535688 -0.1126614277 0.3799997773 0.9180999793
0.9721760079 0.2327336758 -0.0266241592 -0.2240681296 0.8907406318 -0.3954422843 -0.0683175160 0.3904051268 0.9181048709
0.9924582586 0.1196570788 -0.0266230812 -0.1203918597 0.9105713174 -0.3954310003 -0.0230739042 0.3956539642 0.9181097623
0.9996330665 0.0050001584 -0.0266219975 -0.0151244379 0.9183760118 -0.3954197167 0.0224718427 0.3956772667 0.9181146534
0.9936056728 -0.1097228060 -0.0266209081 0.0903438528 0.9140515078 -0.3954084336 0.0677182041 0.3904750273 0.9181195444
0.9744556809 -0.2229966627 -0.0266198131 0.1946200614 0.8976547915 -0.3953971510 0.1120676479 0.3801162503 0.9181244352
0.9424360047 -0.3333253983 -0.0266187124 0.2963269664 0.8694022911 -0.3953858688 0.1549345217 0.3647380363 0.9181293258
0.8979695290 -0.4392518959 -0.0266176059 0.3941212650 0.8296670202 -0.3953745872 0.1957527868 0.3445437673 0.9181342162
0.8416435238 -0.5393771789 -0.0266164938 0.4867113152 0.7789736530 -0.3953633059 0.2339834920 0.3198004173 0.9181391063
0.7742018887 -0.6323788874 -0.0266153760 0.5728741954 0.7179915963 -0.3953520252 0.2691218901 0.2908350225 0.9181439963
0.6965353279 -0.7170287431 -0.0266142525 0.6514718567 0.6475261504 -0.3953407449 0.3007041019 0.2580303589 0.9181488861
0.6096695869 -0.7922087708 -0.0266131234 0.7214661540 0.5685078738 -0.3953294651 0.3283132398 0.2218198839 0.9181537756
0.5147519049 -0.8569260636 -0.0266119885 0.7819325590 0.4819802954 -0.3953181858 0.3515849109 0.1826820089 0.9181586650
0.4130358640 -0.9103258965 -0.0266108480 0.8320723710 0.3890861328 -0.3953069070 0.3702120264 0.1411337785 0.9181635541
0.3058648323 -0.9517030147 -0.0266097017 0.8712232677 0.2910522013 -0.3952956286 0.3839488537 0.0977240399 0.9181684430
0.1946542224 -0.9805109478 -0.0266085498 0.8988680537 0.1891732120 -0.3952843508 0.3926142582 0.0530261925 0.9181733317
0.0808727979 -0.9963692274 -0.0266073922 0.9146414931 0.0847946725 -0.3952730734 0.3960940918 0.0076306144 0.9181782202
-0.0339767245 -0.9990684115 -0.0266062290 0.9183351349 -0.0207048825 -0.3952617965 0.3943426963 -0.0378631360 0.9181831085
-0.1483775219 -0.9885728510 -0.0266050600 0.9099000676 -0.1259320982 -0.3952505201 0.3873835025 -0.0828542386 0.9181879966
-0.2608186973 -0.9650211606 -0.0266038853 0.8894475668 -0.2294972020 -0.3952392442 0.3753087169 -0.1267485459 0.9181928845
-0.3698152347 -0.9287243877 -0.0266027050 0.8572476278 -0.3300323580 -0.3952279689 0.3582780999 -0.1689664298 0.9181977721
-0.4739276114 -0.8801619046 -0.0266015190 0.8137254006 -0.4262097338 -0.3952166940 0.3365168518 -0.2089504355 0.9182026595
-0.5717808098 -0.8199750777 -0.0266003273 0.7594555774 -0.5167590370 -0.3952054196 0.3103126351 -0.2461726418 0.9182075468
-0.6620824777 -0.7489587966 -0.0265991299 0.6951548031 -0.6004842937 -0.3951941457 0.2800117720 -0.2801416321 0.9182124337
-0.7436399962 -0.6680509759 -0.0265979269 0.6216722124 -0.6762796446 -0.3951828724 0.2460146670 -0.3104089817 0.9182173205
-0.8153762306 -0.5783201684 -0.0265967181 0.5399782166 -0.7431439514 -0.3951715995 0.2087705158 -0.3365751776 0.9182222071
-0.8763437563 -0.4809514528 -0.0265955037 0.4511516877 -0.8001940205 -0.3951603272 0.1687713704 -0.3582948918 0.9182270934
-0.9257373717 -0.3772307818 -0.0265942836 0.3563657111 -0.8466762687 -0.3951490553 0.1265456382 -0.3752815387 0.9182319795
-0.9629047321 -0.2685279988 -0.0265930578 0.2568720932 -0.8819766773 -0.3951377840 0.0826511016 -0.3873110565 0.9182368654
-0.9873549656 -0.1562787464 -0.0265918264 0.1539848289 -0.9056289036 -0.3951265133 0.0376675496 -0.3942248628 0.9182417510
-0.9987651560 -0.0419655057 -0.0265905892 0.0490627481 -0.9173204410 -0.3951152430 -0.0078108801 -0.3959319447 0.9182466364
-0.9969846075 0.0729019831 -0.0265893464 -0.0565084300 -0.9168967486 -0.3951039733 -0.0531835484 -0.3924100575 0.9182515216
-0.9820368349 0.1868066595 -0.0265880979 -0.1613343988 -0.9043632937 -0.3950927041 -0.0978512480 -0.3837060138 0.9182564066
-0.9541192533 0.2982441789 -0.0265868437 -0.2640306792 -0.8798854811 -0.3950814354 -0.1412241161 -0.3699350617 0.9182612913
-0.9136005707 0.4057427805 -0.0265855838 -0.3632409046 -0.8437864707 -0.3950701673 -0.1827294241 -0.3512793587 0.9182661758
-0.8610159184 0.5078827249 -0.0265843183 -0.4576547356 -0.7965429108 -0.3950588997 -0.2218191407 -0.3279855622 0.9182710601
-0.7970597837 0.6033150444 -0.0265830471 -0.5460251663 -0.7387786446 -0.3950476326 -0.2579771675 -0.3003615679 0.9182759441
-0.7225768375 0.6907793594 -0.0265817702 -0.6271849949 -0.6712564724 -0.3950363661 -0.2907261532 -0.2687724407 0.9182808279
-0.6385507789 0.7691205240 -0.0265804876 -0.7000622397 -0.5948680785 -0.3950251001 -0.3196337956 -0.2336355897 0.9182857115
-0.5460913435 0.8373038820 -0.0265791993 -0.7636942989 -0.5106222560 -0.3950138347 -0.3443185479 -0.1954152527 0.9182905949
-0.4464196469 0.8944289317 -0.0265779054 -0.8172406642 -0.4196315843 -0.3950025698 -0.3644546550 -0.1546163627 0.9182954779
-0.3408520575 0.9397412191 -0.0265766058 -0.8599940240 -0.3230977364 -0.3949913054 -0.3797764521 -0.1117778770 0.9183003608
-0.2307828111 0.9726423019 -0.0265753005 -0.8913896057 -0.2222956084 -0.3949800417 -0.3900818695 -0.0674656577 0.9183052434
-0.1176655972 0.9926976530 -0.0265739895 -0.9110126368 -0.1185564827 -0.3949687784 -0.3952350981 -0.0222649969 0.9183101258
-0.0029943602 0.9996423995 -0.0265726729 -0.9186038245 -0.0132504460 -0.3949575158 -0.3951683785 0.0232271139 0.9183150079
0.1117164316 0.9933848208 -0.0265713505 -0.9140627818 0.0922317061 -0.3949462536 -0.3898828924 0.0684098687 0.9183198898
0.2249517871 0.9740075602 -0.0265700225 -0.8974493552 0.1964968369 -0.3949349921 -0.3794487427 0.1126865819 0.9183247715
0.3352162016 0.9417665332 -0.0265686889 -0.8689828358 0.2981678684 -0.3949237311 -0.3640040238 0.1554725676 0.9183296529
0.4410534072 0.8970875475 -0.0265673495 -0.8290390649 0.3959019693 -0.3949124707 -0.3437529938 0.1962028614 0.9183345341
0.5410656067 0.8405606799 -0.0265660045 -0.7781454720 0.4884082903 -0.3949012108 -0.3189633734 0.2343396794 0.9183394150
0.6339319337 0.7729324825 -0.0265646538 -0.7169741099 0.5744650136 -0.3948899516 -0.2899628064 0.2693795196 0.9183442956
0.7184258976 0.6950961235 -0.0265632974 -0.6463327809 0.6529354902 -0.3948786929 -0.2571345290 0.3008598093 0.9183491760
0.7934315819 0.6080795905 -0.0265619354 -0.5671543687 0.7227832532 -0.3948674347 -0.2209123060 0.3283650111 0.9183540562
0.8579583823 0.5130321146 -0.0265605677 -0.4804845193 0.7830857080 -0.3948561772 -0.1817746986 0.3515321086 0.9183589361
0.9111540893 0.4112089916 -0.0265591943 -0.3874678318 0.8330463182 -0.3948449202 -0.1402387425 0.3700553971 0.9183638158
0.9523161439 0.3039550040 -0.0265578152 -0.2893327423 0.8720051274 -0.3948336639 -0.0968531169 0.3836905178 0.9183686952
0.9809009160 0.1926866600 -0.0265564304 -0.1873753005 0.8994474764 -0.3948224081 -0.0521908968 0.3922576809 0.9183735744
0.9965308842 0.0788734857 -0.0265550400 -0.0829420530 0.9150108029 -0.3948111529 -0.0068419833 0.3956440368 0.9183784533
0.9989996217 -0.0359813830 -0.0265536439 0.0225877404 0.9184894307 -0.3947998982 0.0385946877 0.3938051622 0.9183833319
0.9882745228 -0.1503610525 -0.0265522422 0.1278203229 0.9098372885 -0.3947886442 0.0835190561 0.3867656428 0.9183882103
0.9644972334 -0.2627549047 -0.0265508347 0.2313658481 0.8891685195 -0.3947773908 0.1273378621 0.3746187448 0.9183930884
0.9279817804 -0.3716785487 -0.0265494216 0.3318567365 0.8567559762 -0.3947661380 0.1694724809 0.3575251791 0.9183979663
0.8792104241 -0.4756934241 -0.0265480028 0.4279657376 0.8130276180 -0.3947548858 0.2093665628 0.3357109749 0.9184028439
0.8188272892 -0.5734258013 -0.0265465784 0.5184234601 0.7585608606 -0.3947436341 0.2464933801 0.3094644908 0.9184077213
0.7476298579 -0.6635849235 -0.0265451483 0.6020351374 0.6940749520 -0.3947323831 0.2803627808 0.2791326035 0.9184125984
0.6665584373 -0.7449800541 -0.0265437125 0.6776964085 0.6204214739 -0.3947211327 0.3105276600 0.2451161228 0.9184174752
0.5766837407 -0.8165362032 -0.0265422710 0.7444079042 0.5385730967 -0.3947098829 0.3365898623 0.2078644954 0.9184223517
0.4791927469 -0.8773083244 -0.0265408239 0.8012884479 0.4496107336 -0.3946986337 0.3582054363 0.1678698669 0.9184272280
0.3753730236 -0.9264937965 -0.0265393711 0.8475866942 0.3547092667 -0.3946873852 0.3750891748 0.1256605793 0.9184321041
0.2665957225 -0.9634430237 -0.0265379126 0.8826910538 0.2551220301 -0.3946761372 0.3870183772 0.0817941919 0.9184369798
0.1542974702 -0.9876680149 -0.0265364485 0.9061377728 0.1521642579 -0.3946648899 0.3938357873 0.0368501157 0.9184418553
0.0399613949 -0.9988488283 -0.0265349787 0.9176170588 0.0471957140 -0.3946536432 0.3954516663 -0.0085780390 0.9184467305
-0.0749024615 -0.9968377975 -0.0265335032 0.9169771741 -0.0583972661 -0.3946423971 0.3918449739 -0.0538903037 0.9184516055
-0.1887770864 -0.9816614811 -0.0265320221 0.9042264417 -0.1632200853 -0.3946311516 0.3830636419 -0.0984882749 0.9184564802
-0.3001585322 -0.9535203124 -0.0265305352 0.8795331371 -0.2658883034 -0.3946199068 0.3692239378 -0.1417830169 0.9184613546
-0.4075757784 -0.9127859523 -0.0265290428 0.8432232672 -0.3650459219 -0.3946086626 0.3505089250 -0.1832028390 0.9184662287
-0.5096101601 -0.8599963803 -0.0265275446 0.7957762664 -0.4593832938 -0.3945974190 0.3271660412 -0.2222008443 0.9184711026
-0.6049141036 -0.7958487899 -0.0265260408 0.7378186666 -0.5476544211 -0.3945861761 0.2995038273 -0.2582621511 0.9184759762
-0.6922289247 -0.7211903806 -0.0265245313 0.6701158231 -0.6286934111 -0.3945749338 0.2678878486 -0.2909106903 0.9184808495
-0.7704014516 -0.6370071687 -0.0265230162 0.5935618087 -0.7014298768 -0.3945636922 0.2327358645 -0.3197154907 0.9184857225
-0.8383992553 -0.5444109651 -0.0265214954 0.5091676059 -0.7649030738 -0.3945524512 0.1945123074 -0.3442963676 0.9184905952
-0.8953242846 -0.4446246919 -0.0265199689 0.4180477565 -0.8182745910 -0.3945412109 0.1537221476 -0.3643289408 0.9184954677
-0.9404247270 -0.3389662305 -0.0265184367 0.3214056419 -0.8608394248 -0.3945299712 0.1109042213 -0.3795489156 0.9185003399
-0.9731049377 -0.2288310169 -0.0265168989 0.2205175907 -0.8920352920 -0.3945187321 0.0666241130 -0.3897555689 0.9185052118
-0.9929333066 -0.1156736119 -0.0265153555 0.1167160230 -0.9114500575 -0.3945074937 0.0214666844 -0.3948143971 0.9185100834
-0.9996479585 -0.0009884904 -0.0265138063 0.0113718526 -0.9188271791 -0.3944962560 -0.0239716501 -0.3946588880 0.9185149548
-0.9931602115 0.1137096955 -0.0265122515 -0.0941236183 -0.9140690971 -0.3944850189 -0.0690908012 -0.3892913957 0.9185198258
-0.9735557484 0.2269061215 -0.0265106911 -0.1983770745 -0.8972385253 -0.3944737825 -0.1132949294 -0.3787831052 0.9185246966
-0.9410934853 0.3371057967 -0.0265091249 -0.3000115898 -0.8685576235 -0.3944625467 -0.1560003136 -0.3632730882 0.9185295671
-0.8962021519 0.4428533083 -0.0265075531 -0.3976848125 -0.8284050656 -0.3944513116 -0.1966430596 -0.3429664630 0.9185344372
-0.8394746289 0.5427520434 -0.0265059757 -0.4901066953 -0.7773110399 -0.3944400772 -0.2346865454 -0.3181316813 0.9185393071
-0.7716601187 0.6354826342 -0.0265043926 -0.5760565332 -0.7159502483 -0.3944288434 -0.2696285069 -0.2890969796 0.9185441768
-0.6936542498 0.7198203825 -0.0265028038 -0.6543990872 -0.6451329966 -0.3944176103 -0.3010076684 -0.2562460410 0.9185490461
-0.6064872486 0.7946514350 -0.0265012094 -0.7240995782 -0.5657944944 -0.3944063779 -0.3284098326 -0.2200129245 0.9185539151
-0.5113103333 0.8589874934 -0.0264996093 -0.7842373552 -0.4789825042 -0.3943951462 -0.3514733473 -0.1808763302 0.9185587838
-0.4093805091 0.9119788674 -0.0264980035 -0.8340180556 -0.3858435049 -0.3943839152 -0.3698938788 -0.1393532746 0.9185636523
-0.3020439678 0.9529256963 -0.0264963921 -0.8727840983 -0.2876075506 -0.3943726848 -0.3834284277 -0.0959922609 0.9185685204
-0.1907183078 0.9812871924 -0.0264947750 -0.9000233697 -0.1855720257 -0.3943614551 -0.3918985342 -0.0513660327 0.9185733883
-0.0768738122 0.9966887829 -0.0264931523 -0.9153759890 -0.0810845109 -0.3943502261 -0.3951926312 -0.0060640098 0.9185782558
0.0379859695 0.9989270570 -0.0264915239 -0.9186390632 0.0244750148 -0.3943389978 -0.3932675141 0.0393154978 0.9185831231
0.1523440786 0.9879724528 -0.0264898898 -0.9097693681 0.1297123990 -0.3943277702 -0.3861489072 0.0841731911 0.9185879900
0.2646901820 0.9639696469 -0.0264882501 -0.8888839211 0.2332377294 -0.3943165433 -0.3739311197 0.1279166972 0.9185928566
0.3735405189 0.9272356445 -0.0264866047 -0.8562584373 0.3336836906 -0.3943053171 -0.3567757968 0.1699683915 0.9185977230
0.4774574975 0.8782555923 -0.0264849537 -0.8123236897 0.4297236233 -0.3942940916 -0.3349097807 0.2097730255 0.9186025890
0.5750686806 0.8176763709 -0.0264832970 -0.7576598216 0.5200890460 -0.3942828667 -0.3086221110 0.2468050580 0.9186074548
0.6650849120 0.7462980523 -0.0264816346 -0.6929886858 0.6035864091 -0.3942716426 -0.2782602042 0.2805755939 0.9186123202
0.7463173423 0.6650633323 -0.0264799666 -0.6191643125 0.6791128595 -0.3942604192 -0.2442252624 0.3106388386 0.9186171853
0.8176931300 0.5750450810 -0.0264782930 -0.5371616312 0.7456708074 -0.3942491965 -0.2069669711 0.3365979825 0.9186220502
0.8782696107 0.4774321730 -0.0264766136 -0.4480635958 0.8023811024 -0.3942379745 -0.1669775584 0.3581104391 0.9186269147
0.9272467469 0.3735137862 -0.0264749287 -0.3530468824 0.8484946469 -0.3942267533 -0.1247852920 0.3748923656 0.9186317789
0.9639776942 0.2646623750 -0.0264732380 -0.2533663500 0.8834022903 -0.3942155327 -0.0809475000 0.3867224079 0.9186366428
0.9879773440 0.1523155450 -0.0264715417 -0.1503384675 0.9066428762 -0.3942043129 -0.0360432100 0.3934446210 0.9186415063
0.9989287306 0.0379570660 -0.0264698398 -0.0453239274 0.9179093345 -0.3941930938 0.0093344997 0.3949705238 0.9186463696
0.9966872172 -0.0769027242 -0.0264681322 0.0602903246 0.9170527389 -0.3941818754 0.0545863332 0.3912802642 0.9186512326
0.9812824066 -0.1907468668 -0.0264664190 0.1651094077 0.9040842749 -0.3941706577 0.0991146911 0.3824228768 0.9186560952
0.9529177495 -0.3020718165 -0.0264647001 0.2677489285 0.8791750944 -0.3941594408 0.1423315634 0.3685156322 0.9186609575
0.9119678582 -0.4094072991 -0.0264629755 0.3668532652 0.8426540565 -0.3941482246 0.1836662937 0.3497424832 0.9186658195
0.8589735587 -0.5113357292 -0.0264612453 0.4611134720 0.7950033861 -0.3941370091 0.2225731145 0.3263516326 0.9186706812
0.7946347483 -0.6065109325 -0.0264595094 0.5492845679 0.7368523066 -0.3941257943 0.2585383536 0.2986522512 0.9186755426
0.7198011516 -0.6936759248 -0.0264577679 0.6302019797 0.6689687305 -0.3941145803 0.2910872154 0.2670103911 0.9186804037
0.6354610987 -0.7716795131 -0.0264560207 0.7027969239 0.5922491197 -0.3941033671 0.3197900494 0.2318441487 0.9186852644
0.5427284719 -0.8394914993 -0.0264542679 0.7661105242 0.5077066461 -0.3940921546 0.3442680213 0.1936181398 0.9186901248
0.4428279948 -0.8962162862 -0.0264525095 0.8193064758 0.4164578121 -0.3940809428 0.3641981132 0.1528373614 0.9186949849
0.3370790572 -0.9411047058 -0.0264507453 0.8616820933 0.3197077051 -0.3940697317 0.3793173860 0.1100405200 0.9186998447
0.2268782899 -0.9735639133 -0.0264489756 0.8926775917 0.2187340828 -0.3940585215 0.3894264486 0.0657929157 0.9187047041
0.1136811195 -0.9931652172 -0.0264472001 0.9118834819 0.1148704981 -0.3940473119 0.3943920872 0.0206789746 0.9187095632
-0.0010174538 -0.9996497410 -0.0264454191 0.9190459805 0.0094886865 -0.3940361032 0.3941490208 -0.0247054696 0.9187144220
-0.1157026004 -0.9929318418 -0.0264436323 0.9140703627 -0.0960195499 -0.3940248952 0.3887007592 -0.0697610456 0.9187192805
-0.2288596680 -0.9731002422 -0.0264418400 0.8970222160 -0.2002607246 -0.3940136879 0.3781195531 -0.1138927597 0.9187241386
-0.3389941854 -0.9404168578 -0.0264400420 0.8681265746 -0.3018580712 -0.3940024814 0.3625454355 -0.1565178533 0.9187289964
-0.4446516004 -0.8953133383 -0.0264382383 0.8277649499 -0.3994697266 -0.3939912757 0.3421843685 -0.1970734983 0.9187338539
-0.5444364899 -0.8383853671 -0.0264364290 0.7764702928 -0.4918064541 -0.3939800707 0.3173055198 -0.2350242285 0.9187387110
-0.6370309894 -0.7703847933 -0.0264346140 0.7149199567 -0.5776486715 -0.3939688665 0.2882377041 -0.2698690099 0.9187435678
-0.7212121980 -0.6922097030 -0.0264327934 0.6439267529 -0.6558625592 -0.3939576631 0.2553650374 -0.3011478550 0.9187484243
-0.7958683296 -0.6048925573 -0.0264309672 0.5644282168 -0.7254150359 -0.3939464605 0.2191218609 -0.3284478951 0.9187532804
-0.8600133961 -0.5095865572 -0.0264291353 0.4774742270 -0.7853874041 -0.3939352586 0.1799870022 -0.3514088305 0.9187581362
-0.9128002294 -0.4075504129 -0.0264272977 0.3842131403 -0.8349874848 -0.3939240575 0.1384774495 -0.3697276851 0.9187629917
-0.9535316701 -0.3001317203 -0.0264254545 0.2858766256 -0.8735600814 -0.3939128572 0.0951415213 -0.3831628043 0.9187678468
-0.9816697748 -0.1887491626 -0.0264236057 0.1837633984 -0.9005956348 -0.3939016577 0.0505516241 -0.3915370431 0.9187727016
-0.9968429209 -0.0748737744 -0.0264217512 0.0792220682 -0.9157369548 -0.3938904589 0.0052966914 -0.3947401014 0.9187775560
-0.9988507147 0.0399904867 -0.0264198911 -0.0263666725 -0.9187839389 -0.3938792610 -0.0400255949 -0.3927299767 0.9187824101
-0.9876666379 0.1543266028 -0.0264180253 -0.1316082829 -0.9096962175 -0.3938680638 -0.0848166979 -0.3855335154 0.9187872639
-0.9634383977 0.2666245311 -0.0264161539 -0.2351127923 -0.8885936883 -0.3938568674 -0.1284851302 -0.3732460536 0.9187921173
-0.9264859765 0.3754011472 -0.0264142768 -0.3355131577 -0.8557549344 -0.3938456718 -0.1704542648 -0.3560301544 0.9187969704
-0.8772974054 0.4792198326 -0.0264123941 -0.4314833195 -0.8116135470 -0.3938344771 -0.2101699491 -0.3341134574 0.9188018231
-0.8165223190 0.5767094483 -0.0264105058 -0.5217557157 -0.7567523999 -0.3938232831 -0.2471078220 -0.3077856680 0.9188066755
-0.7449633758 0.6665824435 -0.0264086118 -0.6051380234 -0.6918959535 -0.3938120899 -0.2807802368 -0.2773947288 0.9188115275
-0.6635656571 0.7476518604 -0.0264067122 -0.6805289073 -0.6179006874 -0.3938008975 -0.3107426993 -0.2433422203 0.9188163792
-0.5734041856 0.8188470102 -0.0264048069 -0.7469325663 -0.5357437904 -0.3937897060 -0.3365997347 -0.2060780554 0.9188212305
-0.4756697275 0.8792276141 -0.0264028960 -0.8034718867 -0.4465102554 -0.3937785152 -0.3580101083 -0.1660945343 0.9188260815
-0.3716530657 0.9279962215 -0.0264009795 -0.8494000280 -0.3513785508 -0.3937673253 -0.3746913279 -0.1239198409 0.9188309321
-0.2627279528 0.9645087416 -0.0263990573 -0.8841102876 -0.2516050568 -0.3937561361 -0.3864233717 -0.0801110654 0.9188357824
-0.1503329678 0.9882829506 -0.0263971295 -0.9071441157 -0.1485074729 -0.3937449478 -0.3930515898 -0.0352468459 0.9188406323
-0.0359525162 0.9990048600 -0.0263951960 -0.9181971728 -0.0434474148 -0.3937337603 -0.3944887431 0.0100802750 0.9188454819
0.0789027738 0.9965328636 -0.0263932569 -0.9171233512 0.0621875681 -0.3937225737 -0.3907161513 0.0552716754 0.9188503311
0.1927160028 0.9808996080 -0.0263913122 -0.9039367062 0.1670023184 -0.3937113878 -0.3817839357 0.0997305607 0.9188551800
0.3039840336 0.9523115608 -0.0263893618 -0.8788112719 0.2696124973 -0.3937002028 -0.3678103529 0.1428698443 0.9188600285
0.4112373438 0.9111462846 -0.0263874058 -0.8420787649 0.3686628682 -0.3936890186 -0.3489802299 0.1841199004 0.9188648766
0.5130594330 0.8579474497 -0.0263854441 -0.7942242043 0.4628451959 -0.3936778352 -0.3255425187 0.2229360853 0.9188697244
0.6081055314 0.7934176547 -0.0263834768 -0.7358795079 0.5509155256 -0.3936666527 -0.2978070053 0.2588059290 0.9188745718
0.6951203597 0.7184091465 -0.0263815039 -0.6678151477 0.6317106131 -0.3936554710 -0.2661402149 0.2912559006 0.9188794188
0.7729547079 0.6339125650 -0.0263795253 -0.5909299750 0.7041632889 -0.3936442902 -0.2309605684 0.3198576596 0.9188842655
0.8405806130 0.5410438599 -0.0263775411 -0.5062393508 0.7673165542 -0.3936331102 -0.1927328533 0.3442337104 0.9188891119
0.8971049352 0.4410295518 -0.0263755513 -0.4148617365 0.8203362207 -0.3936219310 -0.1519620837 0.3640623839 0.9188939578
0.9417811538 0.3351905338 -0.0263735559 -0.3180039230 0.8625219304 -0.3936107527 -0.1091868280 0.3790820830 0.9188988034
0.9740192264 0.2249246266 -0.0263715548 -0.2169450931 0.8933164059 -0.3935995752 -0.0649720950 0.3890947332 0.9189036486
0.9933933820 0.1116881169 -0.0263695480 -0.1130199278 0.9123128128 -0.3935883986 -0.0199018705 0.3939683948 0.9189084935
0.9996477438 -0.0030234754 -0.0263675357 -0.0076009786 0.9192601345 -0.3935772228 0.0254285954 0.3936390019 0.9189133380
0.9926997086 -0.1176951487 -0.0263655177 0.0979194593 0.9140664885 -0.3935660479 0.0704206507 0.3881112038 0.9189181821
0.9726410381 -0.2308124286 -0.0263634940 0.2021477357 0.8968003425 -0.3935548738 0.1144801467 0.3774583004 0.9189230259
0.9397366467 -0.3408813694 -0.0263614648 0.3037072518 0.8676896109 -0.3935437006 0.1570252847 0.3618212695 0.9189278692
0.8944211030 -0.4464482848 -0.0263594299 0.4012566420 0.8271186471 -0.3935325283 0.1974942983 0.3414069017 0.9189327122
0.8372928902 -0.5461189468 -0.0263573894 0.4935074896 0.7756231685 -0.3935213568 0.2353528708 0.3164850652 0.9189375549
0.7691065022 -0.6385769994 -0.0263553432 0.5792413446 0.7138831823 -0.3935101862 0.2701011902 0.2873851385 0.9189423971
0.6907624788 -0.7226013437 -0.0263532914 0.6573258169 0.6427140068 -0.3934990165 0.3012805476 0.2544916572 0.9189472390
0.6032955124 -0.7970822650 -0.0263512340 0.7267295327 0.5630555036 -0.3934878476 0.3284793922 0.2182392327 0.9189520805
0.5078607824 -0.8610360892 -0.0263491710 0.7865357580 0.4759596663 -0.3934766796 0.3513387640 0.1791068092 0.9189569216
0.4057186992 -0.9136181737 -0.0263471023 0.8359545071 0.3825767277 -0.3934655125 0.3695570311 0.1376113370 0.9189617624
0.2982182577 -0.9541340631 -0.0263450280 0.8743329775 0.2841399688 -0.3934543463 0.3828938695 0.0943009429 0.9189666027
0.1867792209 -0.9820486606 -0.0263429481 0.9011641736 0.1819494315 -0.3934431809 0.3911734333 0.0497476898 0.9189714427
0.0728733693 -0.9969932954 -0.0263408625 0.9160936040 0.0773547490 -0.3934320165 0.3942866734 0.0045400210 0.9189762823
-0.0419949372 -0.9987705915 -0.0263387713 0.9189239650 -0.0282626787 -0.3934208529 0.3921927737 -0.0407250122 0.9189811215
-0.1563086271 -0.9873570746 -0.0263366745 0.9096177486 -0.1335079293 -0.3934096902 0.3849196859 -0.0854496351 0.9189859603
-0.2685579538 -0.9629034820 -0.0263345721 0.8882977387 -0.2369909814 -0.3933985284 0.3725637567 -0.1290432446 0.9189907988
-0.3772604347 -0.9257327723 -0.0263324640 0.8552453921 -0.3373450731 -0.3933873675 0.3552884513 -0.1709302078 0.9189956368
-0.4809804303 -0.8763358593 -0.0263303503 0.8108971222 -0.4332447536 -0.3933762074 0.3333221906 -0.2105574629 0.9190004745
-0.5783481049 -0.8153651291 -0.0263282310 0.7558385370 -0.5234233895 -0.3933650483 0.3069553315 -0.2474018219 0.9190053117
-0.6680775180 -0.7436258240 -0.0263261061 0.6907967061 -0.6066898944 -0.3933538901 0.2765363281 -0.2809768780 0.9190101486
-0.7489836078 -0.6620654073 -0.0263239755 0.6166305599 -0.6819444605 -0.3933427328 0.2424671273 -0.3108394269 0.9190149851
-0.8199978428 -0.5717610503 -0.0263218394 0.5343195461 -0.7481930858 -0.3933315764 0.2051978570 -0.3365953174 0.9190198212
-0.8801823331 -0.4739054062 -0.0263196975 0.4449506955 -0.8045607031 -0.3933204209 0.1652208795 -0.3579046535 0.9190246569
-0.9287422180 -0.3697908585 -0.0263175501 0.3497042664 -0.8503027385 -0.3933092663 0.1230642863 -0.3744862799 0.9190294922
-0.9650361633 -0.2607924525 -0.0263153971 0.2498381565 -0.8848149468 -0.3932981126 0.0792849227 -0.3861214920 0.9190343272
-0.9885848317 -0.1483497352 -0.0263132384 0.1466712914 -0.9076413937 -0.3932869599 0.0344610320 -0.3926569197 0.9190391617
-0.9990772133 -0.0339477425 -0.0263110741 0.0415662045 -0.9184804785 -0.3932758080 -0.0108153821 -0.3940065498 0.9190439958
-0.9963747331 0.0809026128 -0.0263089042 -0.0640889574 -0.9171889200 -0.3932646571 -0.0559463737 -0.3901528575 0.9190488295
-0.9805130814 0.1946844964 -0.0263067287 -0.1688987679 -0.9037836496 -0.3932535071 -0.1003359522 -0.3811470340 0.9190536628
-0.9517017424 0.3058951852 -0.0263045475 -0.2714789509 -0.8784415900 -0.3932423580 -0.1433979525 -0.3671083063 0.9190584958
-0.9103212272 0.4130659137 -0.0263023607 -0.3704746633 -0.8414973199 -0.3932312099 -0.1845637751 -0.3482223593 0.9190633283
-0.8569180491 0.5147812723 -0.0263001684 -0.4645783898 -0.7934386568 -0.3932200626 -0.2232898944 -0.3247388791 0.9190681604
-0.7921975049 0.6096979006 -0.0262979704 -0.5525472115 -0.7349002158 -0.3932089163 -0.2590650349 -0.2969682522 0.9190729921
-0.7170143609 0.6965622290 -0.0262957667 -0.6332192231 -0.6666550296 -0.3931977710 -0.2914169209 -0.2652774635 0.9190778234
-0.6323615634 0.7742270352 -0.0262935575 -0.7055288789 -0.5896043400 -0.3931866266 -0.3199185118 -0.2300852457 0.9190826544
-0.5393571249 0.8416665950 -0.0262913426 -0.7685210676 -0.5047656963 -0.3931754831 -0.3441936379 -0.1918565474 0.9190874849
-0.4392293589 0.8979902295 -0.0262891222 -0.8213637274 -0.4132595173 -0.3931643405 -0.3639219663 -0.1510963899 0.9190923149
-0.3333006568 0.9424540685 -0.0262868961 -0.8633588370 -0.3162942945 -0.3931531989 -0.3788432271 -0.1083431954 0.9190971446
-0.2229700237 0.9744708743 -0.0262846644 -0.8939516360 -0.2151506320 -0.3931420583 -0.3887606474 -0.0641616753 0.9191019739
-0.1096946012 0.9936177980 -0.0262824270 -0.9127379535 -0.1111643337 -0.3931309186 -0.3935435461 -0.0191353707 0.9191068028
0.0050295768 0.9996419635 -0.0262801841 -0.9194695475 -0.0057087614 -0.3931197798 -0.3931290559 0.0261410551 0.9191116312
0.1196873426 0.9924638080 -0.0262779356 -0.9140573853 0.0998233034 -0.3931086420 -0.3875229495 0.0710696698 0.9191164593
0.2327644052 0.9721781320 -0.0262756814 -0.8965728212 0.2040380545 -0.3930975052 -0.3767995593 0.1150571688 0.9191212869
0.3427673500 0.9390528479 -0.0262734216 -0.8672466556 0.3055590691 -0.3930863693 -0.3611007923 0.1575227101 0.9191261141
0.4482433623 0.8935254415 -0.0262711562 -0.8264660882 0.4030454877 -0.3930752343 -0.3406342513 0.1979055844 0.9191309409
0.5477994145 0.8361971940 -0.0262688852 -0.7747696064 0.4952097232 -0.3930641004 -0.3156704904 0.2356726179 0.9191357673
0.6401206641 0.7678252410 -0.0262666086 -0.7128398741 0.5808344676 -0.3930529674 -0.2865394378 0.2703252125 0.9191405932
0.7239878188 0.6893125731 -0.0262643264 -0.6414947173 0.6587887699 -0.3930418353 -0.2536260356 0.3014059277 0.9191454188
0.7982932400 0.6016961097 -0.0262620386 -0.5616763243 0.7280429742 -0.3930307043 -0.2173651531 0.3285045196 0.9191502439
0.8620555709 0.5061330047 -0.0262597451 -0.4744388029 0.7876823196 -0.3930195742 -0.1782358411 0.3512633554 0.9191550686
0.9144326980 0.4038853640 -0.0262574461 -0.3809342594 0.8369190237 -0.3930084451 -0.1367550028 0.3693821335 0.9191598929
0.9547328727 0.2963035765 -0.0262551414 -0.2823975836 0.8751026875 -0.3929973169 -0.0934705658 0.3826218458 0.9191647167
0.9824238468 0.1848084795 -0.0262528311 -0.1801301397 0.9017288880 -0.3929861898 -0.0489542440 0.3908079304 0.9191695401
0.9971399029 0.0708725940 -0.0262505152 -0.0754825794 0.9164458411 -0.3929750636 -0.0037939866 0.3938325733 0.9191743631
0.9986866835 -0.0439993234 -0.0262481938 0.0301629963 0.9190590497 -0.3929639384 0.0414137874 0.3916561282 0.9191791857
0.9870437588 -0.1582901536 -0.0262458667 0.1354112908 0.9095338741 -0.3929528142 0.0860720661 0.3843076360 0.9191840079
0.9623648957 -0.2704904518 -0.0262435340 0.2388722399 0.8879959913 -0.3929416909 0.1295911285 0.3718844377 0.9191888296
0.9249760276 -0.3791183826 -0.0262411957 0.3391793711 0.8547297365 -0.3929305687 0.1713963320 0.3545508843 0.9191936509
0.8753709496 -0.4827392912 -0.0262388517 0.4350078517 0.8101743496 -0.3929194475 0.2109357002 0.3325361633 0.9191984717
0.8142047969 -0.5799846503 -0.0262365022 0.5250919863 0.7549181759 -0.3929083272 0.2476872112 0.3061312677 0.9192032922
0.7422853926 -0.6695701348 -0.0262341471 0.6082419348 0.6896908965 -0.3928972080 0.2811656889 0.2756851499 0.9192081122
0.6605625786 -0.7503125836 -0.0262317864 0.6833594273 0.6153538930 -0.3928860897 0.3109292089 0.2416001100 0.9192129317
0.5701156708 -0.8211456262 -0.0262294201 0.7494522706 0.5328888722 -0.3928749725 0.3365849314 0.2043264801 0.9192177509
0.4721392052 -0.8811337656 -0.0262270481 0.8056474537 0.4433849013 -0.3928638563 0.3577942862 0.1643566743 0.9192225696
0.3679271608 -0.9294847341 -0.0262246706 0.8512026795 0.3480240255 -0.3928527410 0.3742774410 0.1222186837 0.9192273878
0.2588558706 -0.9655599566 -0.0262222875 0.8855161693 0.2480656570 -0.3928416268 0.3858169931 0.0784691018 0.9192322056
0.1463658441 -0.9888829843 -0.0262198987 0.9081346130 0.1448299422 -0.3928305136 0.3922608370 0.0336857722 0.9192370230
0.0319427423 -0.9991457870 -0.0262175044 0.9187591575 0.0396803268 -0.3928194014 0.3935241691 -0.0115398433 0.9192418400
-0.0829022434 -0.9962128218 -0.0262151044 0.9172493551 -0.0659944517 -0.3928082902 0.3895906038 -0.0566104761 0.9192466565
-0.1966523494 -0.9801228229 -0.0262126989 0.9036250205 -0.1707987052 -0.3927971801 0.3805123859 -0.1009309389 0.9192514725
-0.3078052724 -0.9510882899 -0.0262102878 0.8780659704 -0.2733482286 -0.3927860710 0.3664096968 -0.1439159853 0.9192562881
-0.4148930095 -0.9094926817 -0.0262078710 0.8409096508 -0.3722885813 -0.3927749629 0.3474690632 -0.1849980381 0.9192611033
-0.5165012472 -0.8558853522 -0.0262054487 0.7926466812 -0.4663129768 -0.3927638558 0.3239408902 -0.2236346833 0.9192659180
-0.6112880396 -0.7909742943 -0.0262030207 0.7339143769 -0.5541795422 -0.3927527497 0.2961361510 -0.2593158321 0.9192707323
-0.6980015319 -0.7156167904 -0.0262005872 0.6654883329 -0.6347277206 -0.3927416447 0.2644222762 -0.2915704547 0.9192755462
-0.7754964935 -0.6308080894 -0.0261981481 0.5882721820 -0.7068936004 -0.3927305407 0.2292182988 -0.3199727989 0.9192803595
-0.8427494433 -0.5376682629 -0.0261957034 0.5032856609 -0.7697239679 -0.3927194378 0.1909893172 -0.3441480094 0.9192851725
-0.8988721670 -0.4374274122 -0.0261932530 0.4116511442 -0.8223888973 -0.3927083358 0.1502403506 -0.3637770754 0.9192899850
-0.9431234473 -0.3314094224 -0.0261907971 0.3145788207 -0.8641927141 -0.3926972350 0.1075096678 -0.3786010401 0.9192947970
-0.9749188539 -0.2210144778 -0.0261883356 0.2133507119 -0.8945831839 -0.3926861351 0.0633616765 -0.3884244169 0.9192996086
-0.9938384615 -0.1077005694 -0.0261858685 0.1093037396 -0.9131588078 -0.3926750364 0.0183794685 -0.3931177674 0.9193044197
-0.9996323964 0.0070357607 -0.0261833958 0.0038120696 -0.9196741268 -0.3926639386 -0.0268428812 -0.3926194069 0.9193092304
-0.9922241358 0.1216791840 -0.0261809175 -0.1017310372 -0.9140429650 -0.3926528419 -0.0717081609 -0.3869362149 0.9193140406
-0.9717115195 0.2347155992 -0.0261784336 -0.2059316261 -0.8963395698 -0.3926417463 -0.1156239087 -0.3761435405 0.9193188504
-0.9383654568 0.3446521282 -0.0261759441 -0.3074134590 -0.8667976330 -0.3926306517 -0.1580102361 -0.3603842033 0.9193236597
-0.8926263492 0.4500368333 -0.0261734491 -0.4048361915 -0.8258072054 -0.3926195582 -0.1983074855 -0.3398666034 0.9193284685
-0.8350982737 0.5494778928 -0.0261709484 -0.4969130755 -0.7739095477 -0.3926084658 -0.2359836193 -0.3148619655 0.9193332769
-0.7665410051 0.6416619828 -0.0261684422 -0.5824279547 -0.7117899825 -0.3925973744 -0.2705412447 -0.2857007537 0.9193380849
-0.6878599811 0.7253716223 -0.0261659303 -0.6602513274 -0.6402688452 -0.3925862840 -0.3015241797 -0.2527683037 0.9193428923
-0.6000943448 0.7995012528 -0.0261634129 -0.7293552655 -0.5602906506 -0.3925751948 -0.3285234756 -0.2164997313 0.9193476993
-0.5044032201 0.8630718390 -0.0261608899 -0.7888269915 -0.4729116193 -0.3925641066 -0.3511828142 -0.1773741834 0.9193525059
-0.4020504036 0.9152437998 -0.0261583613 -0.8378809357 -0.3792857293 -0.3925530194 -0.3692032103 -0.1359085077 0.9193573120
-0.2943876732 0.9553280958 -0.0261558271 -0.8758691126 -0.2806494755 -0.3925419334 -0.3823469569 -0.0926504254 0.9193621176
-0.1828369353 0.9827953300 -0.0261532873 -0.9022896805 -0.1783055399 -0.3925308484 -0.3904407607 -0.0481712961 0.9193669227
-0.0688714457 0.9972827396 -0.0261507419 -0.9167935711 -0.0736055873 -0.3925197645 -0.3933780268 -0.0030585716 0.9193717274
0.0460036478 0.9985989868 -0.0261481910 -0.9191891017 0.0320675868 -0.3925086817 -0.3911202625 0.0420919633 0.9193765316
0.1602711842 0.9867266862 -0.0261456344 -0.9094445081 0.1373183186 -0.3924976000 -0.3836975816 0.0866840588 0.9193813354
0.2724220262 0.9618226341 -0.0261430723 -0.8876883661 0.2407565092 -0.3924865193 -0.3712083031 0.1301288740 0.9193861386
0.3809749916 0.9242157377 -0.0261405046 -0.8542078948 0.3410159844 -0.3924754398 -0.3538176482 0.1718527528 0.9193909414
0.4844964155 0.8744026715 -0.0261379313 -0.8094451648 0.4367725383 -0.3924643613 -0.3317555554 0.2113047983 0.9193957438
0.5816190843 0.8130413176 -0.0261353524 -0.7539912614 0.5267614238 -0.3924532840 -0.3053136397 0.2479641469 0.9194005456
0.6710602931 0.7409420770 -0.0261327679 -0.6885784792 0.6097940567 -0.3924422077 -0.2748413379 0.2813468445 0.9194053470
0.7516387863 0.6590571665 -0.0261301779 -0.6140706519 0.6847737150 -0.3924311325 -0.2407412912 0.3110122355 0.9194101479
0.8222903585 0.5684680429 -0.0261275823 -0.5314517448 0.7507100244 -0.3924200584 -0.2034640247 0.3365687797 0.9194149483
0.8820819092 0.4703711204 -0.0261249811 -0.4418128599 0.8067320404 -0.3924089854 -0.1635019949 0.3576792197 0.9194197483
0.9302237669 0.3660619688 -0.0261223743 -0.3463378269 0.8520997519 -0.3923979136 -0.1213830842 0.3740650316 0.9194245477
0.9660801181 0.2569182037 -0.0261197619 -0.2462875682 0.8862138564 -0.3923868428 -0.0776636279 0.3855101001 0.9194293467
0.9891774044 0.1443812917 -0.0261171439 -0.1429834467 0.9086236771 -0.3923757732 -0.0329210656 0.3918635681 0.9194341452
0.9992105770 0.0299375130 -0.0261145204 -0.0377898141 0.9190331161 -0.3923647046 0.0122536856 0.3930418258 0.9194389433
0.9960471254 -0.0849016676 -0.0261118913 0.0679040080 0.9173045672 -0.3923536372 0.0572640353 0.3890296104 0.9194437408
0.9797288276 -0.1986195635 -0.0261092566 0.1727020775 0.9034607349 -0.3923425709 0.1015155983 0.3798802041 0.9194485379
0.9504711985 -0.3097142963 -0.0261066164 0.2752202684 0.8776843359 -0.3923315057 0.1444240444 0.3657147265 0.9194533344
0.9086606433 -0.4167186318 -0.0261039705 0.3741045516 0.8403156880 -0.3923204416 0.1854228136 0.3467205307 0.9194581305
