1978
43289
0.9430512412 0.3324951166 0.0100674644 -0.2977302888 0.8571728484 -0.4202515711 -0.1483611522 0.3933213767 0.9073517858
0.9749717978 0.2221010349 0.0100560342 -0.1974229873 0.8856687773 -0.4202558518 -0.1022455751 0.4077523110 0.9073499299
0.9940157981 0.1087736141 0.0100446019 -0.0945089806 0.9024685467 -0.4202601276 -0.0547781503 0.4167959011 0.9073480760
0.9999317229 -0.0059904183 0.0100331675 0.0096526503 0.9073503522 -0.4202643986 -0.0065860385 0.4203325508 0.9073462243
0.9926414368 -0.1206753611 0.0100217309 0.1136863546 0.9002497777 -0.4202686647 0.0416940119 0.4183154253 0.9073443747
0.9722412205 -0.2337665570 0.0100102921 0.2162182770 0.8812606450 -0.4202729260 0.0894240784 0.4107710706 0.9073425272
0.9390004989 -0.3437703973 0.0099988512 0.3158944004 0.8506337742 -0.4202771824 0.1359734934 0.3977990651 0.9073406818
0.8933582830 -0.4492340481 0.0099874082 0.4113984270 0.8087736708 -0.4202814340 0.1807271771 0.3795707042 0.9073388386
0.8359173718 -0.5487646378 0.0099759630 0.5014691611 0.7562331830 -0.4202856807 0.2230937650 0.3563267394 0.9073369974
0.7674363914 -0.6410476531 0.0099645157 0.5849171636 0.6937062006 -0.4202899225 0.2625134221 0.3283741978 0.9073351583
0.6888197754 -0.7248643001 0.0099530663 0.6606404599 0.6220184902 -0.4202941595 0.2984652405 0.2960823268 0.9073333213
0.6011058199 -0.7991076007 0.0099416147 0.7276390913 0.5421167907 -0.4202983916 0.3304741231 0.2598777168 0.9073314864
0.5054529713 -0.8627970131 0.0099301610 0.7850283204 0.4550563093 -0.4203026189 0.3581170618 0.2202386651 0.9073296537
0.4031245257 -0.9150913813 0.0099187051 0.8320503142 0.3619867867 -0.4203068413 0.3810287278 0.1776888577 0.9073278230
0.2954719451 -0.9553000451 0.0099072471 0.8680841512 0.2641373131 -0.4203110589 0.3989062999 0.1327904503 0.9073259945
0.1839170082 -0.9828919612 0.0098957870 0.8926540209 0.1628000968 -0.4203152716 0.4115134665 0.0861366413 0.9073241680
0.0699330330 -0.9975027173 0.0098843248 0.9054355062 0.0593133992 -0.4203194794 0.4186835499 0.0383438347 0.9073223437
-0.0449745817 -0.9989393443 0.0098728605 0.9062598676 -0.0449561385 -0.4203236824 0.4203217093 -0.0099565046 0.9073205215
-0.1592882381 -0.9871828656 0.0098613940 0.8951162703 -0.1486315429 -0.4203278805 0.4164061957 -0.0581261933 0.9073187014
-0.2714981825 -0.9623885473 0.0098499254 0.8721519268 -0.2503436925 -0.4203320737 0.4069886405 -0.1055287626 0.9073168833
-0.3801224448 -0.9248838477 0.0098384547 0.8376701522 -0.3487493984 -0.4203362620 0.3921933746 -0.1515378677 0.9073150674
-0.4837264111 -0.8751640930 0.0098269819 0.7921263580 -0.4425491417 -0.4203404455 0.3722157872 -0.1955455637 0.9073132537
-0.5809417708 -0.8138859347 0.0098155070 0.7361220370 -0.5305042352 -0.4203446242 0.3473197454 -0.2369703393 0.9073114420
-0.6704845882 -0.7418586779 0.0098040300 0.6703968200 -0.6114531804 -0.4203487979 0.3178341088 -0.2752648001 0.9073096324
-0.7511722591 -0.6600335925 0.0097925509 0.5958187074 -0.6843270061 -0.4203529668 0.2841483858 -0.3099229027 0.9073078250
-0.8219391302 -0.5694913493 0.0097810697 0.5133726058 -0.7481633847 -0.4203571308 0.2467075878 -0.3404866413 0.9073060196
-0.8818505731 -0.4714277483 0.0097695864 0.4241473214 -0.8021193400 -0.4203612900 0.2060063506 -0.3665521006 0.9073042164
-0.9301153281 -0.3671379250 0.0097581010 0.3293211805 -0.8454823791 -0.4203654443 0.1625823994 -0.3877747938 0.9073024153
-0.9660959542 -0.2579992456 0.0097466135 0.2301464686 -0.8776799005 -0.4203695937 0.1170094448 -0.4038742151 0.9073006162
-0.9893172486 -0.1454531160 0.0097351239 0.1279328925 -0.8982867556 -0.4203737382 0.0698896030 -0.4146375475 0.9072988194
-0.9994725220 -0.0309859452 0.0097236322 0.0240302842 -0.9070308624 -0.4203778778 0.0218454404 -0.4199224761 0.9072970246
-0.9964276495 0.0838904862 0.0097121385 -0.0801892251 -0.9037967978 -0.4203820126 -0.0264882518 -0.4196590696 0.9072952319
-0.9802228422 0.1976589921 0.0097006426 -0.1833493249 -0.8886273213 -0.4203861425 -0.0744728452 -0.4138507057 0.9072934413
-0.9510721159 0.3088170185 0.0096891447 -0.2840877012 -0.8617228098 -0.4203902675 -0.1214743120 -0.4025740281 0.9072916529
-0.9093604645 0.4158964880 0.0096776447 -0.3810740264 -0.8234386105 -0.4203943877 -0.1668716031 -0.3859779347 0.9072898666
-0.8556387760 0.5174831889 0.0096661426 -0.4730275281 -0.7742803474 -0.4203985029 -0.2100648536 -0.3642816120 0.9072880824
-0.7906165560 0.6122354526 0.0096546385 -0.5587339017 -0.7148972442 -0.4204026133 -0.2504833098 -0.3377716401 0.9072863003
-0.7151525579 0.6989018736 0.0096431322 -0.6370613468 -0.6460735494 -0.4204067188 -0.2875928708 -0.3067982071 0.9072845203
-0.6302434412 0.7763378367 0.0096316239 -0.7069755126 -0.5687181793 -0.4204108194 -0.3209031465 -0.2717704838 0.9072827424
-0.5370106081 0.8435206341 0.0096201136 -0.7675531576 -0.4838527146 -0.4204149152 -0.3499739378 -0.2331512178 0.9072809667
-0.4366853935 0.8995629727 0.0096086012 -0.8179943406 -0.3925979089 -0.4204190060 -0.3744210541 -0.1914506205 0.9072791931
-0.3305928026 0.9437246923 0.0095970867 -0.8576329850 -0.2961588878 -0.4204230920 -0.3939213906 -0.1472196264 0.9072774216
-0.2201340110 0.9754225413 0.0095855702 -0.8859456733 -0.1958092338 -0.4204271731 -0.4082171984 -0.1010426143 0.9072756522
-0.1067678597 0.9942378798 0.0095740516 -0.9025585597 -0.0928741673 -0.4204312492 -0.4171194918 -0.0535296868 0.9072738849
0.0080084120 0.9999222086 0.0095625309 -0.9072523055 0.0112869541 -0.4204353206 -0.4205105462 -0.0053086089 0.9072721197
0.1226789412 0.9924004512 0.0095510082 -0.8999649758 0.1152985876 -0.4204393870 -0.4183454551 0.0429834859 0.9072703567
0.2357292608 0.9717719454 0.0095394835 -0.8807928559 0.2177871703 -0.4204434485 -0.4106527250 0.0907085144 0.9072685958
0.3456663019 0.9383091312 0.0095279567 -0.8499891801 0.3173992581 -0.4204475051 -0.3975338996 0.1372358742 0.9072668370
0.4510381127 0.8924539532 0.0095164278 -0.8079607860 0.4128193994 -0.4204515569 -0.3791622201 0.1819507762 0.9072650803
0.5504530345 0.8348120230 0.0095048970 -0.7552627417 0.5027875062 -0.4204556037 -0.3557803366 0.2242623684 0.9072633257
0.6425980817 0.7661446218 0.0094933641 -0.6925910146 0.5861154945 -0.4204596457 -0.3276971040 0.2636115431 0.9072615733
0.7262562823 0.6873586453 0.0094818291 -0.6207732806 0.6617029738 -0.4204636827 -0.2952835019 0.2994783249 0.9072598230
0.8003227511 0.5994946269 0.0094702921 -0.5407579928 0.7285517785 -0.4204677149 -0.2589677340 0.3313887422 0.9072580748
0.8638192815 0.5037129946 0.0094587531 -0.4536018563 0.7857791484 -0.4204717422 -0.2192295714 0.3589210902 0.9072563287
0.9159072651 0.4012787459 0.0094472121 -0.3604558725 0.8326293866 -0.4204757646 -0.1765940139 0.3817115045 0.9072545848
0.9558987675 0.2935447402 0.0094356690 -0.2625501393 0.8684838382 -0.4204797820 -0.1316243544 0.3994587692 0.9072528430
0.9832656135 0.1819338317 0.0094241239 -0.1611776062 0.8928690597 -0.4204837946 -0.0849147366 0.4119282986 0.9072511032
0.9976463634 0.0679200777 0.0094125768 -0.0576769991 0.9054630704 -0.4204878023 -0.0370823049 0.4189552377 0.9072493657
0.9988510860 -0.0469907294 0.0094010276 0.0465848584 0.9060996043 -0.4204918051 0.0112409492 0.4204466417 0.9072476302
0.9868638675 -0.1612809496 0.0093894765 0.1502310954 0.8947703044 -0.4204958030 0.0594165376 0.4163827057 0.9072458969
0.9618430217 -0.2734411386 0.0093779233 0.2518929765 0.8716248333 -0.4204997960 0.1068079121 0.4068170274 0.9072441657
0.9241189987 -0.3819899833 0.0093663682 0.3502279772 0.8369688952 -0.4205037840 0.1527888747 0.3918759000 0.9072424366
0.8741900214 -0.4854938660 0.0093548110 0.4439375127 0.7912601990 -0.4205077672 0.1967518520 0.3717566455 0.9072407096
0.8127155050 -0.5825857977 0.0093432518 0.5317840867 0.7351024126 -0.4205117455 0.2381159237 0.3467250082 0.9072389848
0.7405073478 -0.6719834726 0.0093316906 0.6126076336 0.6692371907 -0.4205157188 0.2763344986 0.3171116445 0.9072372621
0.6585192090 -0.7525062037 0.0093201274 0.6853408376 0.5945343799 -0.4205196873 0.3109025373 0.2833077558 0.9072355415
0.5678339134 -0.8230905160 0.0093085622 0.7490232271 0.5119805313 -0.4205236509 0.3413632262 0.2457599196 0.9072338231
0.4696491501 -0.8828041922 0.0092969950 0.8028138582 0.4226658713 -0.4205276095 0.3673140141 0.2049641908 0.9072321068
0.3652616551 -0.9308585844 0.0092854258 0.8460024196 0.3277699046 -0.4205315632 0.3884119325 0.1614595475 0.9072303926
0.2560500848 -0.9666190303 0.0092738546 0.8780186124 0.2285458366 -0.4205355121 0.4043781280 0.1158207705 0.9072286805
0.1434568079 -0.9896132348 0.0092622815 0.8984396805 0.1263040241 -0.4205394560 0.4150015480 0.0686508492 0.9072269706
0.0289688562 -0.9995375080 0.0092507063 0.9069959932 0.0223946704 -0.4205433950 0.4201417305 0.0205730147 0.9072252627
-0.0859017152 -0.9962607760 0.0092391292 0.9035746051 -0.0818100055 -0.4205473291 0.4197306616 -0.0277774944 0.9072235571
-0.1996377974 -0.9798263122 0.0092275501 0.8882207471 -0.1849338899 -0.4205512583 0.4137736752 -0.0757618255 0.9072218535
-0.3107372646 -0.9504511657 0.0092159690 0.8611372282 -0.2856151479 -0.4205551826 0.4023493838 -0.1227459531 0.9072201521
-0.4177328126 -0.9085232944 0.0092043859 0.8226817569 -0.3825242067 -0.4205591019 0.3856086412 -0.1681090562 0.9072184528
-0.5192113380 -0.8545964421 0.0091928008 0.7733622166 -0.4743813142 -0.4205630163 0.3637725504 -0.2112517216 0.9072167556
-0.6138326010 -0.7893828243 0.0091812138 0.7138299579 -0.5599734387 -0.4205669259 0.3371295436 -0.2516038645 0.9072150606
-0.7003469261 -0.7137437223 0.0091696248 0.6448711964 -0.6381702881 -0.4205708305 0.3060315722 -0.2886322614 0.9072133677
-0.7776117068 -0.6286781083 0.0091580339 0.5673966297 -0.7079392353 -0.4205747302 0.2708894573 -0.3218475962 0.9072116769
-0.8446064962 -0.5353094518 0.0091464409 0.4824294100 -0.7683589555 -0.4205786249 0.2321674630 -0.3508109267 0.9072099883
-0.9004464843 -0.4348708815 0.0091348461 0.3910916324 -0.8186315919 -0.4205825148 0.1903771625 -0.3751394849 0.9072083018
-0.9443941833 -0.3286888998 0.0091232492 0.2945895160 -0.8580932918 -0.4205863997 0.1460706799 -0.3945117359 0.9072066174
-0.9758691685 -0.2181658632 0.0091116504 0.1941974747 -0.8862229727 -0.4205902797 0.0998333953 -0.4086716271 0.9072049352
-0.9944557433 -0.1047614613 0.0091000497 0.0912412870 -0.9026492034 -0.4205941548 0.0522762109 -0.4174319726 0.9072032551
-0.9999084299 0.0100265613 0.0090884470 -0.0129194122 -0.9071551081 -0.4205980250 0.0040274792 -0.4206769282 0.9072015771
-0.9921552113 0.1246821863 0.0090768423 -0.1169090868 -0.8996812298 -0.4206018902 -0.0442752986 -0.4183635226 0.9071999013
-0.9712984823 0.2376911435 0.0090652357 -0.2193544648 -0.8803263153 -0.4206057506 -0.0919938963 -0.4105222271 0.9071982276
-0.9376136974 0.3475609101 0.0090536272 -0.3189026734 -0.8493460098 -0.4206096060 -0.1384977953 -0.3972565537 0.9071965560
-0.8915457327 0.4528404227 0.0090420167 -0.4142391046 -0.8071494809 -0.4206134564 -0.1831725163 -0.3787416891 0.9071948866
-0.8337030105 0.5521392416 0.0090304042 -0.5041047759 -0.7542940144 -0.4206173020 -0.2254277382 -0.3552221808 0.9071932193
-0.7648494639 0.6441459144 0.0090187899 -0.5873129560 -0.6914776541 -0.4206211426 -0.2647050988 -0.3270087075 0.9071915541
-0.6858944472 0.7276452969 0.0090071736 -0.6627648358 -0.6195299832 -0.4206249783 -0.3004855731 -0.2944739749 0.9071898911
-0.5978807266 0.8015346011 0.0089955553 -0.7294640394 -0.5394011682 -0.4206288090 -0.3322963316 -0.2580477921 0.9071882302
-0.5019707073 0.8648379605 0.0089839352 -0.7865297812 -0.4521494108 -0.4206326349 -0.3597169890 -0.2182113938 0.9071865714
-0.3994310827 0.9167193179 0.0089723131 -0.8332084973 -0.3589269733 -0.4206364558 -0.3823851596 -0.1754910824 0.9071849148
-0.2916161039 0.9564934678 0.0089606891 -0.8688837960 -0.2609649611 -0.4206402717 -0.4000012463 -0.1304512747 0.9071832604
-0.1799496949 0.9836351059 0.0089490631 -0.8930845977 -0.1595570649 -0.4206440827 -0.4123324006 -0.0836870448 0.9071816080
-0.0659066460 0.9977857667 0.0089374353 -0.9054913553 -0.0560424761 -0.4206478888 -0.4192156003 -0.0358162619 0.9071799578
0.0490068633 0.9987585581 0.0089258055 -0.9059402730 0.0482117985 -0.4206516900 -0.4205598045 0.0125285732 0.9071783098
0.1632731573 0.9865406295 0.0089141738 -0.8944254692 0.1518289891 -0.4206554862 -0.4163471582 0.0607086853 0.9071766638
0.2753831076 0.9612933417 0.0089025402 -0.8710990535 0.2534407448 -0.4206592775 -0.4066332291 0.1080874647 0.9071750200
0.3838560645 0.9233501359 0.0088909047 -0.8362691173 0.3517052035 -0.4206630639 -0.3915462747 0.1540388792 0.9071733784
0.4872594123 0.8732121298 0.0088792673 -0.7903956643 0.4453247120 -0.4206668453 -0.3712855491 0.1979557455 0.9071717389
0.5842274900 0.8115414993 0.0088676280 -0.7340845356 0.5330629630 -0.4206706218 -0.3461186712 0.2392577529 0.9071701015
0.6734796274 0.7391527332 0.0088559868 -0.6680794083 0.6137613209 -0.4206743933 -0.3163780897 0.2773991313 0.9071684663
0.7538370596 0.6570018760 0.0088443436 -0.5932519740 0.6863541222 -0.4206781599 -0.2824566920 0.3118758628 0.9071668332
0.8242384948 0.5661739018 0.0088326986 -0.5105904270 0.7498827486 -0.4206819216 -0.2448026133 0.3422323425 0.9071652023
0.8837541310 0.4678683842 0.0088210517 -0.4211864138 0.8035082855 -0.4206856783 -0.2039133167 0.3680673990 0.9071635735
0.9315979359 0.3633836543 0.0088094029 -0.3262206167 0.8465226002 -0.4206894301 -0.1603290211 0.3890395959 0.9071619469
0.9671380285 0.2540996526 0.0087977522 -0.2269471615 0.8783576929 -0.4206931769 -0.1146255634 0.4048717448 0.9071603223
0.9899050239 0.1414597048 0.0087860996 -0.1246770553 0.8985931974 -0.4206969188 -0.0674067913 0.4153545685 0.9071587000
0.9995982333 0.0269514591 0.0087744451 -0.0207608736 0.9069619310 -0.4207006558 -0.0192965842 0.4203494671 0.9071570797
0.9960896345 -0.0879127612 0.0087627888 0.0834290757 0.9033534233 -0.4207043878 0.0290693891 0.4197903512 0.9071554617
0.9794255633 -0.2016159310 0.0087511306 0.1865168744 0.8878153736 -0.4207081148 0.0770520700 0.4136845159 0.9071538457
0.9498261013 -0.3126563590 0.0087394704 0.2871411646 0.8605530209 -0.4207118370 0.1240174535 0.4021125456 0.9071522319
0.9076821695 -0.4195675209 0.0087278085 0.3839731265 0.8219264326 -0.4207155541 0.1693449656 0.3852272508 0.9071506203
0.8535503649 -0.5209374275 0.0087161446 0.4757340260 0.7724457492 -0.4207192663 0.2124356635 0.3632516499 0.9071490108
0.7881456103 -0.6154272736 0.0087044789 0.5612121017 0.7127644467 -0.4207229736 0.2527201495 0.3364760237 0.9071474034
0.7123317114 -0.7017891193 0.0086928113 0.6392785669 0.6436707063 -0.4207266759 0.2896660954 0.3052540810 0.9071457982
0.6271099493 -0.7788823719 0.0086811418 0.7089025158 0.5660770055 -0.4207303733 0.3227852763 0.2699982863 0.9071441951
0.5336058557 -0.8456888500 0.0086694705 0.7691645371 0.4810080674 -0.4207340657 0.3516400229 0.2311744104 0.9071425942
0.4330543484 -0.9013262306 0.0086577973 0.8192688550 0.3895873281 -0.4207377531 0.3758490050 0.1892953772 0.9071409954
0.3267834214 -0.9450597019 0.0086461223 0.8585538382 0.2930221003 -0.4207414357 0.3950922708 0.1449144873 0.9071393988
0.2161966062 -0.9763116684 0.0086344454 0.8865007359 0.1925876294 -0.4207451132 0.4091154761 0.0986181077 0.9071378043
0.1027544348 -0.9946693793 0.0086227666 0.9027405286 0.0896102524 -0.4207487858 0.4177332453 0.0510179246 0.9071362120
-0.0120448494 -0.9998903794 0.0086110861 0.9070588002 -0.0145501172 -0.4207524534 0.4208316226 0.0027428615 0.9071346218
-0.1266850790 -0.9919057118 0.0085994036 0.8993985693 -0.1185179489 -0.4207561161 0.4183695785 -0.0455692305 0.9071330338
-0.2396521871 -0.9708208281 0.0085877193 0.8798610410 -0.2209202599 -0.4207597739 0.4103795533 -0.0932800004 0.9071314479
-0.3494542036 -0.9369141963 0.0085760332 0.8487042695 -0.3204047467 -0.4207634266 0.3969670294 -0.1397590322 0.9071298642
-0.4546409598 -0.8906336226 0.0085643452 0.8063397502 -0.4156576431 -0.4207670744 0.3783091393 -0.1843921746 0.9071282826
-0.5538232409 -0.8325903374 0.0085526554 0.7533269846 -0.5054210698 -0.4207707173 0.3546523257 -0.2265896562 0.9071267031
-0.6456911338 -0.7635509228 0.0085409638 0.6903660911 -0.5885096451 -0.4207743552 0.3263090868 -0.2657938787 0.9071251259
-0.7290313269 -0.6844271882 0.0085292703 0.6182885589 -0.6638261389 -0.4207779881 0.2936538478 -0.3014867848 0.9071235507
-0.8027431349 -0.5962641280 0.0085175750 0.5380462671 -0.7303759621 -0.4207816161 0.2571180154 -0.3331967041 0.9071219777
-0.8658530353 -0.5002261202 0.0085058779 0.4506989137 -0.7872803006 -0.4207852391 0.2171842777 -0.3605045865 0.9071204069
-0.9175275262 -0.3975815484 0.0084941789 0.3574000210 -0.8337877204 -0.4207888571 0.1743802275 -0.3830495394 0.9071188382
-0.9570841342 -0.2896860502 0.0084824781 0.2593817021 -0.8692840903 -0.4207924702 0.1292713920 -0.4005335974 0.9071172717
-0.9840004281 -0.1779646130 0.0084707755 0.1579383894 -0.8933006916 -0.4207960783 0.0824537609 -0.4127256606 0.9071157073
-0.9979209188 -0.0638927541 0.0084590711 0.0544097406 -0.9055204074 -0.4207996815 0.0345459121 -0.4194645489 0.9071141451
-0.9986617540 0.0510229665 0.0084473649 -0.0498370531 -0.9057819097 -0.4208032796 -0.0138191613 -0.4206611331 0.9071125850
-0.9862131469 0.1652648437 0.0084356568 -0.1534253219 -0.8940817895 -0.4208068729 -0.0620024149 -0.4162995137 0.9071110271
-0.9607395050 0.2773240714 0.0084239470 -0.2549870975 -0.8705746010 -0.4208104611 -0.1093671961 -0.4064372319 0.9071094713
-0.9225772592 0.3857206699 0.0084122353 -0.3531811781 -0.8355708202 -0.4208140444 -0.1552876567 -0.3912045109 0.9071079177
-0.8722304200 0.4890230319 0.0084005219 -0.4467108403 -0.7895327439 -0.4208176227 -0.1991570226 -0.3708025359 0.9071063662
-0.8103639217 0.5858668299 0.0083888066 -0.5343409628 -0.7330683846 -0.4208211960 -0.2403956112 -0.3455007977 0.9071048169
-0.7377948401 0.6749730352 0.0083770895 -0.6149143376 -0.6669234402 -0.4208247644 -0.2784584911 -0.3156335322 0.9071032698
-0.6554816014 0.7551648103 0.0083653707 -0.6873669511 -0.5919714462 -0.4208283278 -0.3128426838 -0.2815953055 0.9071017248
-0.5645113244 0.8253830512 0.0083536500 -0.7507420349 -0.5092022394 -0.4208318862 -0.3430938090 -0.2438358016 0.9071001819
-0.4660854623 0.8847003753 0.0083419276 -0.8042027008 -0.4197088858 -0.4208354396 -0.3688120903 -0.2028538811 0.9070986413
-0.3615039356 0.9323333697 0.0083302033 -0.8470429918 -0.3246732453 -0.4208389881 -0.3896576377 -0.1591909908 0.9070971027
-0.2521479636 0.9676529375 0.0083184773 -0.8786972044 -0.2253503640 -0.4208425316 -0.4053549400 -0.1134240101 0.9070955664
-0.1394618226 0.9901926065 0.0083067495 -0.8987473589 -0.1230519002 -0.4208460701 -0.4156965058 -0.0661576291 0.9070940322
-0.0249337708 0.9996546902 0.0082950199 -0.9069287183 -0.0191288023 -0.4208496037 -0.4205456064 -0.0180163593 0.9070925001
0.0899236066 0.9959142193 0.0082832885 -0.9031332839 0.0850465315 -0.4208531323 -0.4198380836 0.0303637179 0.9070909702
0.2035933747 0.9790205918 0.0082715553 -0.8874112213 0.1880983771 -0.4208566558 -0.4135831984 0.0783433558 0.9070894425
0.3145742835 0.9491969214 0.0082598204 -0.8599701969 0.2886658519 -0.4208601745 -0.4018635100 0.1252885884 0.9070879169
0.4214005944 0.9068370902 0.0082480837 -0.8211726348 0.3854208867 -0.4208636881 -0.3848337860 0.1705791077 0.9070863934
0.5226614391 0.8525005470 0.0082363452 -0.7715309308 0.4770857633 -0.4208671967 -0.3627189585 0.2136164596 0.9070848722
0.6170194526 0.7869049187 0.0082246050 -0.7117006846 0.5624499880 -0.4208707004 -0.3358111533 0.2538319522 0.9070833531
0.7032284361 0.7109165321 0.0082128630 -0.6424720418 0.6403862772 -0.4208741991 -0.3044658308 0.2906941700 0.9070818361
0.7801498159 0.6255389728 0.0082011192 -0.5647592589 0.7098654430 -0.4208776928 -0.2690970908 0.3237159965 0.9070803213
0.8467676804 0.5318998304 0.0081893737 -0.4795886292 0.7699699850 -0.4208811815 -0.2301722010 0.3524610513 0.9070788087
0.9022021978 0.4312358064 0.0081776264 -0.3880849294 0.8199062057 -0.4208846653 -0.1882054247 0.3765494564 0.9070772982
0.9457212356 0.3248763812 0.0081658774 -0.2914565657 0.8590146917 -0.4208881440 -0.1437512258 0.3956628570 0.9070757899
0.9767500304 0.2142262550 0.0081541266 -0.1909796155 0.8867790213 -0.4208916178 -0.0973969435 0.4095486285 0.9070742838
0.9948787789 0.1007467962 0.0081423741 -0.0879809751 0.9028325837 -0.4208950866 -0.0497550321 0.4180232158 0.9070727798
0.9998680502 -0.0140632592 0.0081306198 0.0161791625 0.9069634199 -0.4208985504 -0.0014549693 0.4209745595 0.9070712780
0.9916519477 -0.1286876014 0.0081188638 0.1201252710 0.8991170213 -0.4209020092 0.0468650614 0.4183635779 0.9070697783
0.9703389799 -0.2416123734 0.0081071060 0.2224846552 0.8793970488 -0.4209054630 0.0945666028 0.4102246843 0.9070682808
0.9362106271 -0.3513461641 0.0080953465 0.3219055789 0.8480639635 -0.4209089118 0.1410193600 0.3966653335 0.9070667855
0.8897176242 -0.4564397056 0.0080835852 0.4170751157 0.8055315864 -0.4209123557 0.1856095285 0.3778646033 0.9070652923
0.8314740072 -0.5555050144 0.0080718222 0.5067364868 0.7523616330 -0.4209157945 0.2277479051 0.3540708292 0.9070638013
0.7622490042 -0.6472337221 0.0080600575 0.5897056579 0.6892562950 -0.4209192284 0.2668776735 0.3255983242 0.9070623124
0.6829568758 -0.7304143555 0.0080482911 0.6648869750 0.6170489665 -0.4209226573 0.3024817617 0.2928232269 0.9070608258
0.5946448407 -0.8039483365 0.0080365229 0.7312876331 0.5366932382 -0.4209260811 0.3340896752 0.2561785323 0.9070593412
0.4984792445 -0.8668644912 0.0080247530 0.7880307867 0.4492503036 -0.4209295000 0.3612837141 0.2161483716 0.9070578589
0.3957301561 -0.9183318767 0.0080129814 0.8343671286 0.3558749453 -0.4209329139 0.3837044935 0.1732616160 0.9070563787
0.2877545935 -0.9576707548 0.0080012081 0.8696847852 0.2578002841 -0.4209363228 0.4010556923 0.1280848893 0.9070549007
0.1759786017 -0.9843615701 0.0079894330 0.8935173959 0.1563214949 -0.4209397267 0.4131079702 0.0812150819 0.9070534248
0.0618784187 -0.9980518114 0.0079776562 0.9055502712 0.0527787021 -0.4209431256 0.4197019987 0.0332714637 0.9070519511
-0.0530390214 -0.9985606677 0.0079658778 0.9056245482 -0.0514607174 -0.4209465195 0.4207505673 -0.0151124970 0.9070504796
-0.1672559905 -0.9858814158 0.0079540976 0.8937392879 -0.1550201921 -0.4209499084 0.4162397374 -0.0632975044 0.9070490102
-0.2792640116 -0.9601815096 0.0079423157 0.8700514867 -0.2565321347 -0.4209532923 0.4062290269 -0.1106468815 0.9070475430
-0.3875837811 -0.9218003685 0.0079305321 0.8348740032 -0.3546560019 -0.4209566712 0.3908506254 -0.1565349832 0.9070460780
-0.4907847062 -0.8712448942 0.0079187468 0.7886714255 -0.4480959975 -0.4209600451 0.3703076487 -0.2003554628 0.9070446151
-0.5875037994 -0.8091827765 0.0079069598 0.7320539358 -0.5356181841 -0.4209634140 0.3448714556 -0.2415292841 0.9070431545
-0.6764636787 -0.7364336750 0.0078951711 0.6657692515 -0.6160667786 -0.4209667779 0.3148780639 -0.2795123731 0.9070416959
-0.7564894393 -0.6539583936 0.0078833807 0.5906927510 -0.6883794141 -0.4209701368 0.2807237114 -0.3138028069 0.9070402396
-0.8265241696 -0.5628461913 0.0078715886 0.5078159130 -0.7516011699 -0.4209734907 0.2428596211 -0.3439474469 0.9070387854
-0.8856429110 -0.4643003961 0.0078597948 0.4182332223 -0.8048971812 -0.4209768396 0.2017860401 -0.3695479264 0.9070373334
-0.9330648731 -0.3596225125 0.0078479993 0.3231277167 -0.8475636636 -0.4209801835 0.1580456304 -0.3902659154 0.9070358835
-0.9681637463 -0.2501950326 0.0078362022 0.2237553632 -0.8790372070 -0.4209835224 0.1122162994 -0.4058275919 0.9070344358
-0.9904759733 -0.1374631770 0.0078244034 0.1214284714 -0.8989022156 -0.4209868563 0.0649035643 -0.4160272609 0.9070329903
-0.9997068715 -0.0229158082 0.0078126029 0.0174983640 -0.9068963950 -0.4209901851 0.0167325517 -0.4207300732 0.9070315470
-0.9957345250 0.0919342336 0.0078008007 -0.0866624695 -0.9029142162 -0.4209935090 -0.0316602618 -0.4198738084 0.9070301058
-0.9786113944 0.2055701104 0.0077889968 -0.1896784973 -0.8870083081 -0.4209968279 -0.0796354595 -0.4134696980 0.9070286668
-0.9485636246 0.3164910195 0.0077771913 -0.2901893104 -0.8593887623 -0.4210001417 -0.1265591332 -0.4016022782 0.9070272300
-0.9059880576 0.4232320148 0.0077653841 -0.3868675880 -0.8204203581 -0.4210034506 -0.1718112594 -0.3844282738 0.9070257954
-0.8514469916 0.5243833546 0.0077535752 -0.4784366256 -0.7706177445 -0.4210067544 -0.2147938915 -0.3621745288 0.9070243629
-0.7856607547 0.6186091202 0.0077417647 -0.5636871947 -0.7106386435 -0.4210100532 -0.2549390614 -0.3351350098 0.9070229326
-0.7094981915 0.7046648595 0.0077299525 -0.6414935118 -0.6412751640 -0.4210133470 -0.2917162844 -0.3036669227 0.9070215044
-0.6239651879 0.7814140225 0.0077181387 -0.7108281047 -0.5634433405 -0.4210166358 -0.3246395691 -0.2681859941 0.9070200785
-0.5301913868 0.8478429725 0.0077063232 -0.7707753808 -0.4781710360 -0.4210199196 -0.3532738396 -0.2291609792 0.9070186547
-0.4294152683 0.9030743723 0.0076945060 -0.8205437179 -0.3865843678 -0.4210231984 -0.3772406848 -0.1871074683 0.9070172330
-0.3229677933 0.9463787724 0.0076826872 -0.8594759180 -0.2898928357 -0.4210264721 -0.3962233598 -0.1425810752 0.9070158136
-0.2122548251 0.9771842442 0.0076708667 -0.8870578853 -0.1893733493 -0.4210297408 -0.4099709714 -0.0961700968 0.9070143963
-0.0987385621 0.9950839338 0.0076590446 -0.9029254152 -0.0863533655 -0.4210330046 -0.4183017942 -0.0484877395 0.9070129812
0.0160817733 0.9998414357 0.0076472209 -0.9068690029 0.0178066425 -0.4210362633 -0.4211056733 -0.0001640178 0.9070115683
0.1306897357 0.9913939145 0.0076353955 -0.8988366103 0.1217311509 -0.4210395170 -0.4183454804 0.0481625702 0.9070101575
0.2435716840 0.9698529352 0.0076235685 -0.8789343519 0.2240477507 -0.4210427656 -0.4100576055 0.0958534793 0.9070087490
0.3532367729 0.9355029897 0.0076117398 -0.8474250933 0.3234052710 -0.4210460093 -0.3963514773 0.1422785542 0.9070073426
0.4582366417 0.8887977394 0.0075999095 -0.8047249794 0.4184916227 -0.4210492479 -0.3774081182 0.1868243563 0.9070059383
0.5571845440 0.8303540239 0.0075880776 -0.7513979382 0.5080511256 -0.4210524815 -0.3534777537 0.2289022691 0.9070045363
0.6487736620 0.7609437141 0.0075762440 -0.6881482332 0.5909010900 -0.4210557101 -0.3248765067 0.2679562760 0.9070031364
0.7317943661 0.6814835182 0.0075644088 -0.6158111624 0.6659474353 -0.4210589337 -0.2919822222 0.3034703081 0.9070017387
0.8051501903 0.5930228746 0.0075525720 -0.5353420275 0.7321991379 -0.4210621523 -0.2552294746 0.3349750628 0.9070003432
0.8678723139 0.4967300918 0.0075407336 -0.4478035173 0.7887813180 -0.4210653658 -0.2151038276 0.3620542063 0.9069989499
0.9191323564 0.3938769187 0.0075288935 -0.3543516744 0.8349467927 -0.4210685743 -0.1721354181 0.3843498749 0.9069975587
0.9582533184 0.2858217482 0.0075170519 -0.2562206278 0.8700859428 -0.4210717778 -0.1268919528 0.4015674046 0.9069961697
0.9847185224 0.1739916767 0.0075052086 -0.1547062952 0.8937347630 -0.4210749762 -0.0799712069 0.4134792254 0.9069947829
0.9981784370 0.0598636565 0.0074933637 -0.0511492690 0.9055809888 -0.4210781697 -0.0319931266 0.4199278692 0.9069933983
0.9984552933 -0.0550550104 0.0074815172 0.0530828871 0.9054682198 -0.4210813581 0.0164083625 0.4208280514 0.9069920158
0.9855454324 -0.1692465797 0.0074696691 0.1566136986 0.8933979843 -0.4210845414 0.0645937311 0.4161677990 0.9069906356
0.9596193540 -0.2812029097 0.0074578194 0.2580759571 0.8695297192 -0.4210877198 0.1119262964 0.4060086095 0.9069892575
0.9210194645 -0.3894453794 0.0074459681 0.3561297758 0.8341786634 -0.4210908931 0.1577806349 0.3904846398 0.9069878816
0.8702555551 -0.4925444170 0.0074341152 0.4494802835 0.7878116946 -0.4210940614 0.2015508461 0.3698009343 0.9069865078
0.8079980685 -0.5891383805 0.0074222607 0.5368947244 0.7310411632 -0.4210972247 0.2426585589 0.3442307168 0.9069851363
0.7350692447 -0.6779515406 0.0074104046 0.6172187375 0.6646168051 -0.4211003829 0.2805605739 0.3141117809 0.9069837669
0.6524322614 -0.7578109301 0.0073985469 0.6893916003 0.5894158407 -0.4211035361 0.3147560416 0.2798420284 0.9069823997
0.5611785133 -0.8276618349 0.0073866876 0.7524602367 0.5064313899 -0.4211066843 0.3447930805 0.2418742118 0.9069810347
0.4625131981 -0.8865817241 0.0073748268 0.8055918023 0.4167593565 -0.4211098274 0.3702747488 0.2007099530 0.9069796719
0.3577393989 -0.9337924337 0.0073629643 0.8480846830 0.3215839561 -0.4211129655 0.3908642897 0.1568931164 0.9069783112
0.2482408747 -0.9686704442 0.0073511003 0.8793777591 0.2221620766 -0.4211160986 0.4062895826 0.1110026228 0.9069769528
0.1354637847 -0.9907551154 0.0073392347 0.8990578159 0.1198066805 -0.4211192266 0.4163467386 0.0636448006 0.9069755965
0.0208975886 -0.9997547702 0.0073273675 0.9068649992 0.0158694651 -0.4211223496 0.4209027965 0.0154453748 0.9069742424
-0.0939446244 -0.9955505467 0.0073154988 0.9026962469 -0.0882769870 -0.4211254676 0.4198974797 -0.0329588006 0.9069728905
-0.2075461196 -0.9781979683 0.0073036285 0.8866066493 -0.1912573348 -0.4211285805 0.4133439944 -0.0809281572 0.9069715407
-0.3184065483 -0.9479262103 0.0072917566 0.8588087212 -0.2917116410 -0.4211316884 0.4013288557 -0.1278288632 0.9069701932
-0.4250617633 -0.9051350732 0.0072798831 0.8196695947 -0.3883133311 -0.4211347913 0.3840107458 -0.1730411981 0.9069688478
-0.5261031557 -0.8503897022 0.0072680081 0.7697061709 -0.4797867119 -0.4211378891 0.3616184178 -0.2159677417 0.9069675046
-0.6201962587 -0.7844131241 0.0072561316 0.7095782927 -0.5649238178 -0.4211409819 0.3344476748 -0.2560412679 0.9069661636
-0.7060983724 -0.7080766973 0.0072442534 0.6400800312 -0.6426003628 -0.4211440696 0.3028574618 -0.2927322402 0.9069648248
-0.7826749760 -0.6223886043 0.0072323737 0.5621291983 -0.7117905876 -0.4211471523 0.2672651239 -0.3255558089 0.9069634882
-0.8489147114 -0.5284805363 0.0072204925 0.4767552263 -0.7715808046 -0.4211502300 0.2281408928 -0.3540782184 0.9069621537
-0.9039427408 -0.4275927470 0.0072086097 0.3850855730 -0.8211814642 -0.4211533026 0.1860016742 -0.3779225390 0.9069608215
-0.9470323006 -0.3210576721 0.0071967254 0.2883308320 -0.8599375810 -0.4211563702 0.1414042184 -0.3967736483 0.9069594914
-0.9776142997 -0.2102823321 0.0071848395 0.1877687461 -0.8873373824 -0.4211594327 0.0949377644 -0.4103823955 0.9069581635
-0.9952848358 -0.0967297493 0.0071729521 0.0847273330 -0.9030190673 -0.4211624902 0.0472162546 -0.4185688948 0.9069568378
-0.9998105299 0.0181003741 0.0071610631 -0.0194326522 -0.9067755829 -0.4211655426 -0.0011297767 -0.4212249028 0.9069555143
-0.9911316082 0.1326914635 0.0071491726 -0.1233356871 -0.8985573588 -0.4211685900 -0.0494615349 -0.4183152501 0.9069541929
-0.9693626922 0.2455301004 0.0071372806 -0.2256096466 -0.8784729611 -0.4211716324 -0.0971404052 -0.4098783068 0.9069528738
-0.9347912841 0.3551260114 0.0071253870 -0.3249039237 -0.8467876581 -0.4211746697 -0.1435363908 -0.3960254765 0.9069515568
-0.8878739706 0.4600317496 0.0071134919 -0.4199072643 -0.8039199169 -0.4211777020 -0.1880364373 -0.3769397255 0.9069502421
-0.8292303920 0.5588618115 0.0071015953 -0.5093650841 -0.7504358763 -0.4211807292 -0.2300525334 -0.3528731658 0.9069489295
-0.7596350590 0.6503109359 0.0070896971 -0.5920960358 -0.6870418706 -0.4211837513 -0.2690294807 -0.3241437254 0.9069476191
-0.6800071237 0.7331713419 0.0070777975 -0.6670076096 -0.6145751010 -0.4211867685 -0.3044522301 -0.2911309477 0.9069463109
-0.5913982399 0.8063486807 0.0070658963 -0.7331105605 -0.5339925793 -0.4211897805 -0.3358526877 -0.2542709781 0.9069450049
-0.4949786743 0.8688764890 0.0070539936 -0.7895319717 -0.4463584898 -0.4211927876 -0.3628159005 -0.2140508010 0.9069437011
-0.3920218502 0.9199289527 0.0070420893 -0.8355267816 -0.3528301349 -0.4211957895 -0.3849855402 -0.1710018069 0.9069423994
-0.2838875295 0.9588318138 0.0070301836 -0.8704876231 -0.2546426521 -0.4211987864 -0.4020686118 -0.1256927707 0.9069411000
-0.1720038542 0.9850712756 0.0070182764 -0.8939528434 -0.1530927029 -0.4212017783 -0.4138393261 -0.0787223374 0.9069398027
-0.0578484848 0.9983007881 0.0070063676 -0.9056126003 -0.0495213486 -0.4212047651 -0.4201420842 -0.0307111123 0.9069385076
0.0570709155 0.9983456256 0.0069944574 -0.9053129534 0.0547036590 -0.4212077469 -0.4208935340 0.0177065389 0.9069372148
0.1712365927 0.9852051935 0.0069825456 -0.8930578966 0.1582059407 -0.4212107236 -0.4160836726 0.0658908716 0.9069359241
0.2831407469 0.9590530370 0.0069706323 -0.8690093047 0.2596186653 -0.4212136952 -0.4057759799 0.1132052159 0.9069346356
0.3913054462 0.9202345484 0.0069587176 -0.8334847953 0.3576026005 -0.4212166618 -0.3901065801 0.1590243885 0.9069333493
0.4943021459 0.8692624060 0.0069468013 -0.7869535340 0.4508637978 -0.4212196234 -0.3692824445 0.2027429539 0.9069320652
0.5907705554 0.8068098031 0.0069348836 -0.7300300383 0.5381706805 -0.4212225799 -0.3435786577 0.2437832241 0.9069307833
0.6794366037 0.7337015565 0.0069229644 -0.6634660616 0.6183703073 -0.4212255313 -0.3133347836 0.2816028925 0.9069295035
0.7591292666 0.6509032140 0.0069110437 -0.5881406655 0.6904035973 -0.4212284777 -0.2789503793 0.3157021995 0.9069282260
0.8287960320 0.5595083015 0.0068991215 -0.5050486107 0.7533193165 -0.4212314190 -0.2408797172 0.3456305369 0.9069269506
0.8875168009 0.4607238810 0.0068871978 -0.4152872199 0.8062866382 -0.4212343552 -0.1996257825 0.3709924022 0.9069256775
0.9345160394 0.3558546091 0.0068752726 -0.3200418866 0.8486061156 -0.4212372864 -0.1557336283 0.3914526253 0.9069244065
0.9691730208 0.2462855056 0.0068633460 -0.2205704207 0.8797189170 -0.4212402125 -0.1097831740 0.4067407981 0.9069231378
0.9910300243 0.1334636621 0.0068514179 -0.1181864377 0.8992142060 -0.4212431336 -0.0623815436 0.4166548482 0.9069218712
0.9997983796 0.0188791295 0.0068394883 -0.0142420113 0.9068345664 -0.4212460496 -0.0141550432 0.4210637098 0.9069206068
0.9953622800 -0.0959547607 0.0068275573 0.0898901818 0.9024794006 -0.4212489606 0.0342591134 0.4199090562 0.9069193446
0.9777803112 -0.2095213837 0.0068156248 0.1928349896 0.8862062580 -0.4212518665 0.0822212246 0.4132060720 0.9069180846
0.9472846784 -0.3203208514 0.0068036908 0.2932329444 0.8582300748 -0.4212547673 0.1290975537 0.4010432530 0.9069168269
0.9042781388 -0.4268898215 0.0067917554 0.3897582162 0.8189203345 -0.4212576630 0.1742687020 0.3835812380 0.9069155713
0.8493286830 -0.5278208240 0.0067798185 0.4811361207 0.7687961883 -0.4212605537 0.2171377940 0.3610506869 0.9069143179
0.7831620329 -0.6217808504 0.0067678801 0.5661599526 0.7085195994 -0.4212634394 0.2571383639 0.3337492343 0.9069130666
0.7066520577 -0.7075289581 0.0067559403 0.6437069212 0.6388865998 -0.4212663199 0.2937418407 0.3020375574 0.9069118176
0.6208092320 -0.7839326603 0.0067439991 0.7127529768 0.5608167785 -0.4212691954 0.3264645333 0.2663346111 0.9069105708
0.5267672908 -0.8499828826 0.0067320564 0.7723863348 0.4753411368 -0.4212720659 0.3548740216 0.2271120931 0.9069093262
0.4257682558 -0.9048072902 0.0067201122 0.8218195153 0.3835884730 -0.4212749312 0.3785948714 0.1848882121 0.9069080838
0.3191460324 -0.9476818087 0.0067081666 0.8603997425 0.2867704751 -0.4212777915 0.3973135953 0.1402208406 0.9069068435
0.2083087921 -0.9780401872 0.0066962196 0.8876175649 0.1861657194 -0.4212806467 0.4107827961 0.0937001448 0.9069056055
0.0947203749 -0.9954814770 0.0066842711 0.9031135821 0.0831027858 -0.4212834969 0.4188244362 0.0459407868 0.9069043697
-0.0201190439 -0.9997753269 0.0066723212 0.9066831909 -0.0210572877 -0.4212863420 0.4213321913 -0.0024261969 0.9069031361
-0.1346927664 -0.9908650252 0.0066603699 0.8982792866 -0.1249389783 -0.4212891820 0.4182728557 -0.0507617331 0.9069019046
-0.2474876038 -0.9688682493 0.0066484171 0.8780128849 -0.2271704437 -0.4212920170 0.4096867828 -0.0984271559 0.9069006754
-0.3570138609 -0.9340755111 0.0066364629 0.8461516547 -0.3264016379 -0.4212948468 0.3956873518 -0.1447926457 0.9068994483
-0.4618250106 -0.8869463205 0.0066245073 0.8031163839 -0.4213221402 -0.4212976716 0.3764594713 -0.1892455513 0.9068982235
-0.5605367989 -0.8281031163 0.0066125503 0.7494754210 -0.5106784598 -0.4213004914 0.3522571368 -0.2311984849 0.9068970009
-0.6518455263 -0.7583230459 0.0066005918 0.6859371699 -0.5932905892 -0.4213033060 0.3234000753 -0.2700970840 0.9068957804
-0.7345452665 -0.6785277013 0.0065886319 0.6133407343 -0.6680675869 -0.4213061156 0.2902695216 -0.3054273366 0.9068945622
-0.8075437925 -0.5897709476 0.0065766706 0.5326448360 -0.7340219837 -0.4213089201 0.2533031818 -0.3367223735 0.9068933461
-0.8698770026 -0.4932250044 0.0065647079 0.4449151540 -0.7902828232 -0.4213117195 0.2129894506 -0.3635686377 0.9068921323
-0.9207216529 -0.3901649643 0.0065527438 0.3513102513 -0.8361071628 -0.4213145139 0.1698609583 -0.3856113495 0.9068909206
-0.9594062302 -0.2819519527 0.0065407783 0.2530662745 -0.8708898844 -0.4213173032 0.1244875340 -0.4025591952 0.9068897112
-0.9854198207 -0.1700151509 0.0065288113 0.1514806294 -0.8941716854 -0.4213200874 0.0774686765 -0.4141881765 0.9068885040
-0.9984188578 -0.0558329211 0.0065168430 0.0478948474 -0.9056451434 -0.4213228665 0.0294256336 -0.4203445719 0.9068872989
-0.9982316596 0.0590867187 0.0065048733 -0.0563231303 -0.9051587759 -0.4213256405 -0.0190068065 -0.4209469682 0.9068860961
-0.9848606964 0.1732260111 0.0064929022 -0.1597970180 -0.8927190400 -0.4213284095 -0.0671887023 -0.4159873372 0.9068848954
-0.9584825580 0.2850775046 0.0064809296 -0.2611603601 -0.8684902467 -0.4213311734 -0.1144834153 -0.4055311427 0.9068836970
-0.9194456215 0.3931639628 0.0064689557 -0.3590745765 -0.8327923908 -0.4213339322 -0.1602660213 -0.3897164767 0.9068825008
-0.8682654506 0.4960578743 0.0064569804 -0.4522466393 -0.7860969243 -0.4213366859 -0.2039315683 -0.3687522351 0.9068813067
-0.8056179860 0.5924003061 0.0064450037 -0.5394461484 -0.7290205305 -0.4213394345 -0.2449030699 -0.3429153591 0.9068801149
-0.7323306184 0.6809188510 0.0064330257 -0.6195215798 -0.6623169794 -0.4213421781 -0.2826391296 -0.3125471760 0.9068789253
-0.6493712612 0.7604444327 0.0064210462 -0.6914154917 -0.5868671733 -0.4213449166 -0.3166410948 -0.2780488907 0.9068777379
-0.5578355673 0.8299267460 0.0064090654 -0.7541784892 -0.5036675137 -0.4213476500 -0.3464596461 -0.2398762846 0.9068765526
-0.4589324580 0.8884481281 0.0063970832 -0.8069817611 -0.4138167420 -0.4213503783 -0.3717007347 -0.1985336942 0.9068753696
-0.3539681576 0.9352356783 0.0063850996 -0.8491280250 -0.3185014301 -0.4213531015 -0.3920307903 -0.1545673480 0.9068741888
-0.2443289411 0.9696714660 0.0063731146 -0.8800607348 -0.2189803103 -0.4213558197 -0.4071811287 -0.1085581492 0.9068730102
-0.1314628262 0.9913006917 0.0063611283 -0.8993714301 -0.1165676523 -0.4213585327 -0.4169515031 -0.0611140006 0.9068718338
-0.0168604488 0.9998376937 0.0063491406 -0.9068051300 -0.0126159073 -0.4213612407 -0.4212127509 -0.0128617729 0.9068706596
0.0979646242 0.9951697207 0.0063371516 -0.9022636994 0.0915021524 -0.4213639436 -0.4199085010 0.0355609786 0.9068694876
0.2114958841 0.9773584211 0.0063251611 -0.8858071450 0.1944115619 -0.4213666414 -0.4130559198 0.0835144374 0.9068683178
0.3222339098 0.9466390290 0.0063131694 -0.8576528223 0.2947533217 -0.4213693341 -0.4007454849 0.1303649805 0.9068671502
0.4287161705 0.9034172570 0.0063011762 -0.8181725648 0.3912023435 -0.4213720217 -0.3831397909 0.1754935500 0.9068659849
0.5295363415 0.8482639384 0.0062891817 -0.7678877728 0.4824849500 -0.4213747042 -0.3604714017 0.2183038335 0.9068648217
0.6233628777 0.7819074879 0.0062771859 -0.7074625282 0.5673956938 -0.4213773817 -0.3330397782 0.2582301434 0.9068636607
0.7089565998 0.7052242813 0.0062651887 -0.6376948239 0.6448132766 -0.4213800540 -0.3012073226 0.2947448919 0.9068625020
0.7851870600 0.6192270815 0.0062531902 -0.5595060251 0.7137153565 -0.4213827213 -0.2653945906 0.3273655624 0.9068613454
0.8510474719 0.5250516623 0.0062411903 -0.4739287023 0.7731920484 -0.4213853834 -0.2260747348 0.3556610860 0.9068601911
