1993
48768
-0.9942839892 -0.1033887168 0.0266481136 0.0844156055 -0.9140649453 -0.3966853681 0.0653708977 -0.3921683936 0.9175677614
-0.9995801978 0.0113702435 0.0266485597 -0.0210147941 -0.9177091675 -0.3966966880 0.0199450896 -0.3970901678 0.9175628545
-0.9916749033 0.1259790337 0.0266490001 -0.1261665231 -0.9092330641 -0.3967080081 -0.0257467395 -0.3967675872 0.9175579476
-0.9706725117 0.2389240102 0.0266494348 -0.2296508338 -0.8887487097 -0.3967193283 -0.0711011220 -0.3912046118 0.9175530405
-0.9368504029 0.3487135034 0.0266498638 -0.3301010154 -0.8565267725 -0.3967306488 -0.1155190126 -0.3804744152 0.9175481334
-0.8906552672 0.4538975183 0.0266502871 -0.4261904440 -0.8129929367 -0.3967419694 -0.1584137002 -0.3647184225 0.9175432262
-0.8326972065 0.5530868849 0.0266507047 -0.5166501026 -0.7587222800 -0.3967532902 -0.1992185580 -0.3441444457 0.9175383189
-0.7637416756 0.6449716047 0.0266511165 -0.6002853411 -0.6944316759 -0.3967646112 -0.2373945285 -0.3190239436 0.9175334115
-0.6846993739 0.7283381520 0.0266515227 -0.6759916531 -0.6209703249 -0.3967759324 -0.2724372447 -0.2896884394 0.9175285041
-0.5966142169 0.8020855012 0.0266519232 -0.7427692623 -0.5393085372 -0.3967872537 -0.3038836936 -0.2565251459 0.9175235966
-0.5006495496 0.8652396676 0.0266523179 -0.7997363253 -0.4505249168 -0.3967985752 -0.3313183340 -0.2199718547 0.9175186890
-0.3980727821 0.9169665716 0.0266527070 -0.8461405774 -0.3557921149 -0.3968098969 -0.3543785877 -0.1805111565 0.9175137813
-0.2902386506 0.9565830536 0.0266530903 -0.8813692660 -0.2563613413 -0.3968212187 -0.3727596311 -0.1386640697 0.9175088736
-0.1785713258 0.9835658973 0.0266534679 -0.9049572420 -0.1535458392 -0.3968325407 -0.3862184248 -0.0949831618 0.9175039658
-0.0645456033 0.9975587391 0.0266538399 -0.9165931015 -0.0487035400 -0.3968438628 -0.3945769271 -0.0500452523 0.9174990580
0.0503325738 0.9983767752 0.0266542061 -0.9161232966 0.0567808714 -0.3968551852 -0.3977244490 -0.0044437963 0.9174941500
0.1645460040 0.9860092021 0.0266545666 -0.9035541621 0.1615142447 -0.3968665076 -0.3956191207 0.0412189533 0.9174892420
0.2765862651 0.9606193591 0.0266549214 -0.8790518296 0.2641133633 -0.3968778302 -0.3882884479 0.0863398993 0.9174843339
0.3849736363 0.9225425713 0.0266552705 -0.8429400321 0.3632232132 -0.3968891530 -0.3758289527 0.1303230658 0.9174794258
0.4882766404 0.8722817209 0.0266556139 -0.7956958262 0.4575348779 -0.3969004759 -0.3584049032 0.1725874702 0.9174745176
0.5851309500 0.8105006055 0.0266559516 -0.7379432904 0.5458028252 -0.3969117990 -0.3362461471 0.2125747974 0.9174696094
0.6742574058 0.7380151715 0.0266562836 -0.6704452812 0.6268613563 -0.3969231221 -0.3096450801 0.2497567751 0.9174647010
0.7544789105 0.6557827374 0.0266566098 -0.5940933561 0.6996400005 -0.3969344455 -0.2789527878 0.2836421532 0.9174597927
0.8247359753 0.5648893512 0.0266569304 -0.5098959975 0.7631776518 -0.3969457690 -0.2445744114 0.3137831938 0.9174548842
0.8841007119 0.4665354462 0.0266572453 -0.4189652927 0.8166352614 -0.3969570926 -0.2069638008 0.3397815875 0.9174499757
0.9317890876 0.3620199871 0.0266575544 -0.3225022445 0.8593069177 -0.3969684163 -0.1666175219 0.3612937173 0.9174450672
0.9671712800 0.2527233147 0.0266578579 -0.2217809093 0.8906291676 -0.3969797402 -0.1240683016 0.3780351995 0.9174401585
0.9897799950 0.1400889153 0.0266581556 -0.1181315693 0.9101884570 -0.3969910642 -0.0798779931 0.3897846438 0.9174352499
0.9993166386 0.0256043567 0.0266584476 -0.0129231628 0.9177265909 -0.3970023883 -0.0346301570 0.3963865807 0.9174303412
0.9956552599 -0.0892183580 0.0266587339 0.0924547959 0.9131441413 -0.3970137125 0.0110776448 0.3977535189 0.9174254324
0.9788442152 -0.2028627599 0.0266590146 0.1966105683 0.8965017593 -0.3970250369 0.0566417413 0.3938671046 0.9174205235
0.9491055289 -0.3138279421 0.0266592895 0.2981685723 0.8680193720 -0.3970363614 0.1014603245 0.3847783680 0.9174156147
0.9068319615 -0.4206483822 0.0266595587 0.3957875497 0.8280732761 -0.3970476860 0.1449413987 0.3706070533 0.9174107057
0.8525818222 -0.5219132977 0.0266598222 0.4881782797 0.7771911665 -0.3970590107 0.1865105994 0.3515400410 0.9174057968
0.7870715952 -0.6162852783 0.0266600799 0.5741206056 0.7160451654 -0.3970703355 0.2256187809 0.3278288836 0.9174008877
0.7111664773 -0.7025179487 0.0266603320 0.6524795483 0.6454429440 -0.3970816604 0.2617492704 0.2997864871 0.9173959787
0.6258689512 -0.7794724302 0.0266605784 0.7222202956 0.5663170539 -0.3970929855 0.2944246942 0.2677829811 0.9173910695
0.5323055454 -0.8461323815 0.0266608190 0.7824218675 0.4797126095 -0.3971043106 0.3232132850 0.2322408345 0.9173861604
0.4317119563 -0.9016174216 0.0266610540 0.8322892790 0.3867734840 -0.3971156358 0.3477345869 0.1936292774 0.9173812512
0.3254167282 -0.9451947572 0.0266612832 0.8711640375 0.2887272008 -0.3971269612 0.3676644840 0.1524581075 0.9173763419
0.2148237073 -0.9762888604 0.0266615068 0.8985328389 0.1868687208 -0.3971382866 0.3827394836 0.1092709584 0.9173714326
0.1013935008 -0.9944890700 0.0266617246 0.9140343444 0.0825433391 -0.3971496121 0.3927602007 0.0646381215 0.9173665233
-0.0133758131 -0.9995550154 0.0266619367 0.9174639519 -0.0228710834 -0.3971609378 0.3975939946 0.0191490154 0.9173616139
-0.1279684707 -0.9914197903 0.0266621431 0.9087764960 -0.1279823172 -0.3971722635 0.3971767250 -0.0265955982 0.9173567045
-0.2408710414 -0.9701908373 0.0266623438 0.8880868427 -0.2314021525 -0.3971835893 0.3915136028 -0.0719915480 0.9173517950
-0.3505924157 -0.9361485283 0.0266625388 0.8556683713 -0.3317647326 -0.3971949151 0.3806791253 -0.1164392336 0.9173468855
-0.4556834983 -0.8897424618 0.0266627281 0.8119493612 -0.4277445931 -0.3972062411 0.3648160966 -0.1593515444 0.9173419760
-0.5547563463 -0.8315855250 0.0266629117 0.7575073346 -0.5180741669 -0.3972175671 0.3441337449 -0.2001616151 0.9173370665
-0.6465025000 -0.7624457994 0.0266630895 0.6930614272 -0.6015605244 -0.3972288932 0.3189049632 -0.2383303137 0.9173321569
-0.7297102639 -0.6832364168 0.0266632617 0.6194628892 -0.6771011276 -0.3972402194 0.2894627087 -0.2733533642 0.9173272472
-0.8032807090 -0.5950034993 0.0266634281 0.5376838409 -0.7436983909 -0.3972515457 0.2561956084 -0.3047680088 0.9173223376
-0.8662421872 -0.4989123431 0.0266635889 0.4488044331 -0.8004728549 -0.3972628720 0.2195428294 -0.3321591223 0.9173174279
-0.9177631634 -0.3962320289 0.0266637439 0.3539985797 -0.8466747999 -0.3972741984 0.1799882817 -0.3551646976 0.9173125182
-0.9571631976 -0.2883186604 0.0266638932 0.2545184532 -0.8816941469 -0.3972855249 0.1380542289 -0.3734806305 0.9173076085
-0.9839219320 -0.1765974546 0.0266640368 0.1516779460 -0.9050685126 -0.3972968514 0.0942943928 -0.3868647392 0.9173026987
-0.9976859626 -0.0625439186 0.0266641747 0.0468353171 -0.9164893151 -0.3973081780 0.0492866416 -0.3951399669 0.9172977889
-0.9982735075 0.0523356370 0.0266643069 -0.0586247468 -0.9158058475 -0.3973195046 0.0036253589 -0.3981967237 0.9172928791
-0.9856768070 0.1665239925 0.0266644334 -0.1633094196 -0.9030272664 -0.3973308313 -0.0420864060 -0.3959943383 0.9172879692
-0.9600622264 0.2785130571 0.0266645542 -0.2658361309 -0.8783224698 -0.3973421581 -0.0872449020 -0.3885615988 0.9172830594
-0.9217680587 0.3868237859 0.0266646693 -0.3648508255 -0.8420178639 -0.3973534849 -0.1312536515 -0.3759963770 0.9172781495
-0.8713000570 0.4900257139 0.0266647786 -0.4590458463 -0.7945930514 -0.3973648117 -0.1735313277 -0.3584643389 0.9172732396
-0.8093247544 0.5867558486 0.0266648823 -0.5471772043 -0.7366744950 -0.3973761386 -0.2135194347 -0.3361967615 0.9172683296
-0.7366606619 0.6757366706 0.0266649802 -0.6280810068 -0.6690272424 -0.3973874655 -0.2506896847 -0.3094874810 0.9172634197
-0.6542674576 0.7557930059 0.0266650725 -0.7006888291 -0.5925448207 -0.3973987925 -0.2845509773 -0.2786890160 0.9172585097
-0.5632333125 0.8258675469 0.0266651590 -0.7640418232 -0.5082374340 -0.3974101195 -0.3146558885 -0.2442079147 0.9172535997
-0.4647605187 0.8850348158 0.0266652398 -0.8173033809 -0.4172186206 -0.3974214465 -0.3406065822 -0.2064993883 0.9172486897
-0.3601496112 0.9325133879 0.0266653149 -0.8597701814 -0.3206905449 -0.3974327736 -0.3620600678 -0.1660613015 0.9172437797
-0.2507821912 0.9676762113 0.0266653843 -0.8908814786 -0.2199281197 -0.3974441007 -0.3787327338 -0.1234275995 0.9172388697
-0.1381026793 0.9900588891 0.0266654480 -0.9102265055 -0.1162621672 -0.3974554279 -0.3904040966 -0.0791612570 0.9172339597
-0.0235992391 0.9993658123 0.0266655060 -0.9175498974 -0.0110618426 -0.3974667550 -0.3969197169 -0.0338468453 0.9172290496
0.0912158770 0.9954740638 0.0266655583 -0.9127550632 0.0942834494 -0.3974780822 -0.3981932426 0.0119171885 0.9172241395
0.2048263003 0.9784350424 0.0266656048 -0.8959054588 0.1983824042 -0.3974894094 -0.3942075540 0.0575264242 0.9172192295
0.3157315728 0.9484737831 0.0266656457 -0.8672237479 0.2998601930 -0.3975007367 -0.3850149931 0.1023784516 0.9172143194
0.4224669632 0.9059859858 0.0266656808 -0.8270888593 0.3973766197 -0.3975120639 -0.3707366772 0.1458808270 0.9172094093
0.5236228123 0.8515327887 0.0266657102 -0.7760309804 0.4896438205 -0.3975233912 -0.3515609021 0.1874588988 0.9172044992
0.6178631500 0.7858333580 0.0266657340 -0.7147245537 0.5754432726 -0.3975347184 -0.3277406599 0.2265633986 0.9171995891
0.7039433397 0.7097553889 0.0266657520 -0.6439793678 0.6536418862 -0.3975460457 -0.2995903007 0.2626776970 0.9171946790
0.7807265164 0.6243036470 0.0266657643 -0.5647298607 0.7232069687 -0.3975573730 -0.2674813844 0.2953246295 0.9171897689
0.8471986010 0.5306066972 0.0266657709 -0.4780227776 0.7832198623 -0.3975687003 -0.2318377764 0.3240728008 0.9171848588
0.9024816936 0.4299019998 0.0266657718 -0.3850033451 0.8328880753 -0.3975800276 -0.1931300522 0.3485422853 0.9171799487
0.9458456677 0.3235195662 0.0266657669 -0.2869001448 0.8715557478 -0.3975913548 -0.1518692851 0.3684096481 0.9171750386
0.9767178134 0.2128643944 0.0266657564 -0.1850088871 0.8987123115 -0.3976026821 -0.1086002977 0.3834122204 0.9171701285
0.9946904007 0.0993979124 0.0266657402 -0.0806752973 0.9139992319 -0.3976140094 -0.0638944685 0.3933515718 0.9171652184
0.9995260649 -0.0153813226 0.0266657182 0.0247226580 0.9172147414 -0.3976253367 -0.0183421863 0.3980961355 0.9171603083
0.9911609410 -0.1299574160 0.0266656906 0.1297929695 0.9083165024 -0.3976366639 0.0274549465 0.3975829492 0.9171553982
0.9697055077 -0.2428171557 0.0266656572 0.2331479705 0.8874221650 -0.3976479912 0.0728920590 0.3918184910 0.9171504881
0.9354431278 -0.3524699981 0.0266656181 0.3334226634 0.8548078112 -0.3976593184 0.1173690005 0.3808785980 0.9171455780
0.8888263061 -0.4574677527 0.0266655733 0.4292927472 0.8109043068 -0.3976706456 0.1602982683 0.3649074682 0.9171406680
0.8304707132 -0.5564237094 0.0266655228 0.5194921071 0.7562916099 -0.3976819728 0.2011127673 0.3441157602 0.9171357579
0.7611470542 -0.6480309520 0.0266654666 0.6028295356 0.6916911089 -0.3976933000 0.2392733016 0.3187778146 0.9171308478
0.6817708897 -0.7310796195 0.0266654047 0.6782044642 0.6179560941 -0.3977046271 0.2742756981 0.2892280340 0.9171259378
0.5933905446 -0.8044728842 0.0266653371 0.7446214974 0.5360604867 -0.3977159542 0.3056574672 0.2558564699 0.9171210278
0.4971732621 -0.8672414376 0.0266652638 0.8012035577 0.4470859748 -0.3977272813 0.3330039138 0.2191036741 0.9171161177
0.3943897884 -0.9185562926 0.0266651847 0.8472034685 0.3522077262 -0.3977386084 0.3559536175 0.1794548826 0.9171112077
0.2863975897 -0.9577397314 0.0266651000 0.8820138202 0.2526788672 -0.3977499354 0.3742032090 0.1374336095 0.9171062977
0.1746229239 -0.9842742563 0.0266650095 0.9051749909 0.1498139312 -0.3977612624 0.3875113808 0.0935947344 0.9171013878
0.0605420044 -0.9978094247 0.0266649134 0.9163812152 0.0449714973 -0.3977725893 0.3957020774 0.0485171755 0.9170964778
-0.0543384969 -0.9981664769 0.0266648115 0.9154846206 -0.0604637531 -0.3977839162 0.3986668248 0.0027962447 0.9170915679
-0.1685013478 -0.9853406971 0.0266647039 0.9024971788 -0.1650993243 -0.3977952431 0.3963661667 -0.0429642146 0.9170866579
-0.2804387940 -0.9595014760 0.0266645906 0.8775905458 -0.2675532972 -0.3978065699 0.3888301901 -0.0881598021 0.9170817480
-0.3886724725 -0.9209900733 0.0266644716 0.8410937934 -0.3664725799 -0.3978178966 0.3761581315 -0.1321935439 0.9170768381
-0.4917729359 -0.8703151108 0.0266643469 0.7934890609 -0.4605507781 -0.3978292233 0.3585170703 -0.1744837776 0.9170719283
-0.5883785316 -0.8081458551 0.0266642165 0.7354051864 -0.5485454481 -0.3978405500 0.3361397260 -0.2144718355 0.9170670185
-0.6772133848 -0.7353033784 0.0266640803 0.6676093994 -0.6292945050 -0.3978518766 0.3093213882 -0.2516294254 0.9170621086
-0.7571042495 -0.6527497145 0.0266639385 0.5909971873 -0.7017315699 -0.3978632031 0.2784160197 -0.2854656092 0.9170571989
-0.8269960031 -0.5615751536 0.0266637909 0.5065804665 -0.7649000521 -0.3978745296 0.2438315852 -0.3155332901 0.9170522891
-0.8859655818 -0.4629838424 0.0266636377 0.4154742170 -0.8179657820 -0.3978858560 0.2060246657 -0.3414351199 0.9170473794
-0.9332341716 -0.3582778807 0.0266634787 0.3188817559 -0.8602280268 -0.3978971824 0.1654944309 -0.3628287505 0.9170424697
-0.9681774939 -0.2488401252 0.0266633140 0.2180788438 -0.8911287430 -0.3979085086 0.1227760486 -0.3794313580 0.9170375600
-0.9903340505 -0.1361159254 0.0266631437 0.1143968352 -0.9102599459 -0.3979198349 0.0784336183 -0.3910233826 0.9170326503
-0.9994112186 -0.0215940351 0.0266629676 0.0092050946 -0.9173690955 -0.3979311610 0.0330527219 -0.3974514314 0.9170277407
-0.9952891154 0.0932130498 0.0266627858 -0.0961070893 -0.9123624304 -0.3979424870 -0.0127673088 -0.3986303086 0.9170228312
-0.9780221816 0.2067890666 0.0266625983 -0.2001488521 -0.8953062044 -0.3979538130 -0.0584213079 -0.3945441448 0.9170179216
-0.9478384624 0.3176340116 0.0266624050 -0.3015461229 -0.8664258098 -0.3979651389 -0.1033062677 -0.3852466102 0.9170130121
-0.9051365954 0.4242839503 0.0266622061 -0.3989597716 -0.8261027988 -0.3979764647 -0.1468293035 -0.3708602100 0.9170081026
-0.8504805459 0.5253303520 0.0266620015 -0.4911032946 -0.7748698424 -0.3979877905 -0.1884154852 -0.3515746701 0.9170031932
-0.7845921590 0.6194386918 0.0266617911 -0.5767598048 -0.7134036944 -0.3979991161 -0.2275154315 -0.3276444352 0.9169982838
-0.7083416255 0.7053660766 0.0266615751 -0.6547981028 -0.6425162511 -0.3980104417 -0.2636125684 -0.2993853120 0.9169933744
-0.6227359896 0.7819776592 0.0266613533 -0.7241876152 -0.5631438278 -0.3980217671 -0.2962299532 -0.2671703009 0.9169884651
-0.5289058490 0.8482616267 0.0266611259 -0.7840120050 -0.4763347911 -0.3980330925 -0.3249365767 -0.2314246734 0.9169835558
-0.4280904226 0.9033425634 0.0266608927 -0.8334812719 -0.3832357119 -0.3980444177 -0.3493530585 -0.1926203577 0.9169786466
-0.3216211844 0.9464930128 0.0266606538 -0.8719421847 -0.2850762215 -0.3980557429 -0.3691566609 -0.1512697082 0.9169737374
-0.2109042786 0.9771430846 0.0266604092 -0.8988869071 -0.1831527711 -0.3980670680 -0.3840855549 -0.1079187406 0.9169688283
-0.0974019485 0.9948879818 0.0266601589 -0.9139597033 -0.0788115086 -0.3980783929 -0.3939422816 -0.0631399220 0.9169639191
0.0173867753 0.9994933465 0.0266599029 -0.9169616340 0.0265695007 -0.3980897178 -0.3985963645 -0.0175246117 0.9169590101
0.1319458727 0.9908983551 0.0266596412 -0.9078531828 0.1315984740 -0.3981010425 -0.3979860363 0.0283247494 0.9169541011
0.2447623564 0.9692165221 0.0266593738 -0.8867547760 0.2348882935 -0.3981123671 -0.3921190587 0.0738025941 0.9169491921
0.3543462536 0.9347342002 0.0266591006 -0.8539451902 0.3350748249 -0.3981236916 -0.3810726239 0.1183082278 0.9169442832
0.4592502846 0.8879067988 0.0266588218 -0.8098578692 0.4308349344 -0.3981350160 -0.3649923393 0.1612537628 0.9169393743
0.5580889770 0.8293527694 0.0266585373 -0.7550751976 0.5209039621 -0.3981463403 -0.3440903077 0.2020718835 0.9169344655
0.6495569632 0.7598454378 0.0266582470 -0.6903208074 0.6040924243 -0.3981576645 -0.3186423299 0.2402233408 0.9169295568
0.7324462213 0.6803027904 0.0266579510 -0.6164500199 0.6793017221 -0.3981689885 -0.2889842660 0.2752040766 0.9169246481
0.8056620286 0.5917753504 0.0266576494 -0.5344385475 0.7455386494 -0.3981803124 -0.2555076018 0.3065518828 0.9169197394
0.8682374205 0.4954323039 0.0266573420 -0.4453696066 0.8019285095 -0.3981916362 -0.2186542822 0.3338525091 0.9169148308
0.9193459606 0.3925460578 0.0266570289 -0.3504196099 0.8477266657 -0.3982029598 -0.1789108763 0.3567451369 0.9169099223
0.9583126559 0.2844754355 0.0266567101 -0.2508426288 0.8823283743 -0.3982142833 -0.1368021534 0.3749271482 0.9169050138
0.9846228710 0.1726477308 0.0266563856 -0.1479538299 0.9052767701 -0.3982256067 -0.0928841540 0.3881581258 0.9169001054
0.9979291256 0.0585398573 0.0266560554 -0.0431121047 0.9162688984 -0.3982369299 -0.0477368476 0.3962630326 0.9168951970
0.9980556831 -0.0563411568 0.0266557195 0.0622978776 0.9151597147 -0.3982482530 -0.0019564734 0.3991345270 0.9168902887
0.9850008718 -0.1704780728 0.0266553779 0.1668839575 0.9019639987 -0.3982595759 0.0438523338 0.3967343845 0.9168853805
0.9589371070 -0.2823634788 0.0266550305 0.2692648724 0.8768561568 -0.3982708987 0.0890845288 0.3890940068 0.9168804723
0.9202086138 -0.3905196990 0.0266546775 0.3680884980 0.8401679176 -0.3982822214 0.1331426483 0.3763140110 0.9168755642
0.8693268809 -0.4935183091 0.0266543188 0.4620497059 0.7923839487 -0.3982935439 0.1754447020 0.3585629043 0.9168706562
0.8069639056 -0.5899990014 0.0266539543 0.5499075999 0.7341354542 -0.3983048662 0.2154318605 0.3360748626 0.9168657482
0.7339433185 -0.6786875508 0.0266535842 0.6305019042 0.6661918364 -0.3983161884 0.2525758382 0.3091466407 0.9168608403
0.6512295057 -0.7584126433 0.0266532083 0.7027682855 0.5894505333 -0.3983275105 0.2863858722 0.2781336572 0.9168559325
0.5599148721 -0.8281213455 0.0266528267 0.7657524096 0.5049251645 -0.3983388323 0.3164152069 0.2434453027 0.9168510247
0.4612054143 -0.8868930112 0.0266524395 0.8186225435 0.4137321428 -0.3983501540 0.3422669967 0.2055395356 0.9168461170
0.3564047927 -0.9339514400 0.0266520465 0.8606805389 0.3170759290 -0.3983614756 0.3635995513 0.1649168368 0.9168412094
0.2468971137 -0.9686751287 0.0266516478 0.8913710513 0.2162331231 -0.3983727970 0.3801308513 0.1221136011 0.9168363018
0.1341286505 -0.9906054797 0.0266512434 0.9102888729 0.1125356041 -0.3983841182 0.3916422767 0.0776950545 0.9168313943
0.0195887414 -0.9994528575 0.0266508333 0.9171842826 0.0073529384 -0.3983954392 0.3979814982 0.0322477907 0.9168264869
-0.0952098797 -0.9951004141 0.0266504175 0.9119663422 -0.0979257076 -0.3984067600 0.3990644929 -0.0136279759 0.9168215796
-0.2087510619 -0.9776056321 0.0266499960 0.8947040958 -0.2019099153 -0.3984180807 0.3948766581 -0.0593263369 0.9168166723
-0.3195352615 -0.9471995656 0.0266495688 0.8656256563 -0.3032263766 -0.3984294012 0.3854730080 -0.1042436925 0.9168117652
-0.4260993463 -0.9042837888 0.0266491359 0.8251151907 -0.4005370314 -0.3984407215 0.3709774510 -0.1477867242 0.9168068581
-0.5270359193 -0.8494250919 0.0266486972 0.7737078450 -0.4925567389 -0.3984520417 0.3515811575 -0.1893802320 0.9168019510
-0.6210119061 -0.7833479961 0.0266482529 0.7120826749 -0.5780702497 -0.3984633616 0.3275400381 -0.2284747325 0.9167970441
-0.7067861615 -0.7069251845 0.0266478029 0.6410536755 -0.6559482552 -0.3984746814 0.2991713674 -0.2645537185 0.9167921372
-0.7832258604 -0.6211659766 0.0266473471 0.5615590297 -0.7251623013 -0.3984860009 0.2668495975 -0.2971404826 0.9167872305
-0.8493214601 -0.5272029978 0.0266468857 0.4746487165 -0.7847983701 -0.3984973203 0.2310014143 -0.3258044158 0.9167823238
-0.9042000324 -0.4262772217 0.0266464185 0.3814706420 -0.8340689501 -0.3985086395 0.1921001060 -0.3501666983 0.9167774172
-0.9471367933 -0.3197215795 0.0266459456 0.2832554785 -0.8723234358 -0.3985199584 0.1506593134 -0.3699053054 0.9167725107
-0.9775646745 -0.2089433565 0.0266454671 0.1813004100 -0.8990567181 -0.3985312772 0.1072262489 -0.3847592642 0.9167676042
-0.9950818134 -0.0954056057 0.0266449828 0.0769519994 -0.9139158545 -0.3985425958 0.0623744700 -0.3945321042 0.9167626979
-0.9994568598 0.0193921744 0.0266444928 -0.0284115963 -0.9167047282 -0.3985539141 0.0166963056 -0.3990944560 0.9167577916
-0.9906320320 0.1339338441 0.0266439972 -0.1333988272 -0.9073866367 -0.3985652323 -0.0292049667 -0.3983857639 0.9167528855
-0.9687238796 0.2467066463 0.0266434958 -0.2366231292 -0.8860847749 -0.3985765502 -0.0747230880 -0.3924150894 0.9167479794
-0.9340217441 0.3562211850 0.0266429887 -0.3367212364 -0.8530806061 -0.3985878679 -0.1192568257 -0.3812609957 0.9167430734
-0.8869839381 0.4610310966 0.0266424759 -0.4323711851 -0.8088101432 -0.3985991854 -0.1622179148 -0.3650705141 0.9167381676
-0.8282316916 0.5597521515 0.0266419574 -0.5223097730 -0.7538581883 -0.3986105027 -0.2030388288 -0.3440572057 0.9167332618
-0.7585409481 0.6510805358 0.0266414332 -0.6053492416 -0.6889506082 -0.3986218198 -0.2411802764 -0.3184983445 0.9167283561
-0.6788321162 0.7338100710 0.0266409033 -0.6803929618 -0.6149447454 -0.3986331366 -0.2761383268 -0.2887312588 0.9167234505
-0.5901579140 0.8068481439 0.0266403677 -0.7464499165 -0.5328180947 -0.3986444532 -0.3074510672 -0.2551488792 0.9167185450
-0.4936894655 0.8692301372 0.0266398264 -0.8026477876 -0.4436553914 -0.3986557696 -0.3347047067 -0.2181945515 0.9167136396
-0.3907008338 0.9201321684 0.0266392794 -0.8482444756 -0.3486342844 -0.3986670858 -0.3575390440 -0.1783561844 0.9167087343
-0.2825521946 0.9588819716 0.0266387266 -0.8826378989 -0.2490097817 -0.3986784017 -0.3756522284 -0.1361598071 0.9167038291
-0.1706718719 0.9849677762 0.0266381682 -0.9053739441 -0.1460976750 -0.3986897174 -0.3888047499 -0.0921626238 0.9166989240
-0.0565374743 0.9980450651 0.0266376041 -0.9161524617 -0.0412571611 -0.3987010328 -0.3968226064 -0.0469456560 0.9166940190
0.0583436199 0.9979411257 0.0266370343 -0.9148312289 0.0641271096 -0.3987123481 -0.3995996055 -0.0011060691 0.9166891141
0.1724541706 0.9846573303 0.0266364587 -0.9014278257 0.1686633201 -0.3987236630 -0.3970987711 0.0447507135 0.9166842093
0.2842871144 0.9583691181 0.0266358775 -0.8761194016 0.2709708688 -0.3987349777 -0.3893528358 0.0900190072 0.9166793046
0.3923654683 0.9194236785 0.0266352906 -0.8392403334 0.3696986033 -0.3987462922 -0.3764638125 0.1341008655 0.9166744001
0.4952618361 0.8683353653 0.0266346979 -0.7912778083 0.4635426641 -0.3987576064 -0.3586016507 0.1764139789 0.9166694956
0.5916172605 0.8057789038 0.0266340996 -0.7328653872 0.5512637049 -0.3987689204 -0.3360019960 0.2163993665 0.9166645913
0.6801591706 0.7325804799 0.0266334955 -0.6647746363 0.6317032593 -0.3987802341 -0.3089630812 0.2535287610 0.9166596870
0.7597181889 0.6497068283 0.0266328858 -0.5879049350 0.7037990402 -0.3987915476 -0.2778417910 0.2873115873 0.9166547829
0.8292435756 0.5582524649 0.0266322703 -0.5032715965 0.7665989684 -0.3988028608 -0.2430489510 0.3173014450 0.9166498789
0.8878171050 0.4594252315 0.0266316492 -0.4119924576 0.8192737453 -0.3988141737 -0.2050439051 0.3431020065 0.9166449750
0.9346651935 0.3545303439 0.0266310223 -0.3152731140 0.8611278041 -0.3988254864 -0.1643284506 0.3643722550 0.9166400712
0.9691691157 0.2449531535 0.0266303898 -0.2143909972 0.8916084950 -0.3988367988 -0.1214402134 0.3808309918 0.9166351675
0.9908731764 0.1321408515 0.0266297515 -0.1106785025 0.9103133820 -0.3988481109 -0.0769455481 0.3922605535 0.9166302639
0.9994907285 0.0175833550 0.0266291076 -0.0055053917 0.9169955570 -0.3988594228 -0.0314320601 0.3985096913 0.9166253605
0.9949079590 -0.0972063697 0.0266284579 0.0997392980 0.9115668981 -0.3988707343 0.0144991553 0.3994955719 0.9166204572
0.9771853925 -0.2107122892 0.0266278025 0.2036655990 0.8940992324 -0.3988820456 0.0602414511 0.3952048757 0.9166155540
0.9465570912 -0.3214353254 0.0266271415 0.3049009709 0.8648233854 -0.3988933567 0.1051906413 0.3856939767 0.9166106509
0.9034275641 -0.4279131538 0.0266264747 0.4021084270 0.8241261306 -0.3989046674 0.1487529807 0.3710882019 0.9166057479
0.8483664245 -0.5287395166 0.0266258022 0.4940041921 0.7725450801 -0.3989159779 0.1903530088 0.3515801798 0.9166008451
0.7821008670 -0.6225827950 0.0266251241 0.5793746562 0.7107615821 -0.3989272881 0.2294411507 0.3274273000 0.9165959424
0.7055060635 -0.7082035961 0.0266244402 0.6570924022 0.6395917214 -0.3989385980 0.2655009781 0.2989483172 0.9165910398
0.6195936049 -0.7844711216 0.0266237507 0.7261310945 0.5599755396 -0.3989499075 0.2980560323 0.2665191446 0.9165861373
0.5254981408 -0.8503781023 0.0266230554 0.7855790330 0.4729646185 -0.3989612168 0.3266761193 0.2305678918 0.9165812350
0.4244623941 -0.9050541013 0.0266223544 0.8346511926 0.3797081909 -0.3989725259 0.3509829948 0.1915692134 0.9165763328
0.3178207485 -0.9477770095 0.0266216478 0.8726995895 0.2814379616 -0.3989838346 0.3706553633 0.1500380420 0.9165714307
0.2069816250 -0.9779825830 0.0266209354 0.8992218376 0.1794518392 -0.3989951430 0.3854331247 0.1065227895 0.9165665288
0.0934088810 -0.9952718950 0.0266202173 0.9138677823 0.0750967940 -0.3990064511 0.3951208137 0.0615981051 0.9165616270
-0.0213975229 -0.9994166041 0.0266194936 0.9164441228 -0.0302489318 -0.3990177589 0.3995901848 0.0158572868 0.9165567253
-0.1359213331 -0.9903619705 0.0266187641 0.9069169638 -0.1351940274 -0.3990290664 0.3987819104 -0.0300955539 0.9165518237
-0.2486500283 -0.9682275786 0.0266180289 0.8854122610 -0.2383524877 -0.3990403735 0.3927063680 -0.0756534710 0.9165469223
-0.3580947951 -0.9333057579 0.0266172881 0.8522141563 -0.3383619190 -0.3990516804 0.3814435077 -0.1202147000 0.9165420210
-0.4628101912 -0.8860577220 0.0266165415 0.8077612230 -0.4339015316 -0.3990629869 0.3651417993 -0.1631906072 0.9165371199
-0.5614132351 -0.8271074774 0.0266157893 0.7526406722 -0.5237095828 -0.3990742932 0.3440162758 -0.2040134645 0.9165322189
-0.6526016716 -0.7572335824 0.0266150313 0.6875805956 -0.6066000405 -0.3990855991 0.3183456970 -0.2421439500 0.9165273180
-0.7351711702 -0.6773588644 0.0266142676 0.6134403485 -0.6814782458 -0.3990969047 0.2884688706 -0.2770782728 0.9165224173
-0.8080312314 -0.5885382322 0.0266134983 0.5311991984 -0.7473553696 -0.3991082099 0.2547801812 -0.3083548294 0.9165175167
-0.8702195884 -0.4919447437 0.0266127232 0.4419433907 -0.8033614705 -0.3991195149 0.2177243839 -0.3355603028 0.9165126163
-0.9209149163 -0.3888541134 0.0266119425 0.3468518016 -0.8487569833 -0.3991308195 0.1777907330 -0.3583351250 0.9165077160
-0.9594476788 -0.2806278639 0.0266111560 0.2471803677 -0.8829424845 -0.3991421237 0.1355065218 -0.3763782288 0.9165028158
-0.9853089715 -0.1686953442 0.0266103639 0.1442454978 -0.9054666076 -0.3991534277 0.0914301208 -0.3894510281 0.9164979158
-0.9981572426 -0.0545348522 0.0266095660 0.0394066866 -0.9160320029 -0.3991647313 0.0461436037 -0.3973805727 0.9164930160
-0.9978228036 0.0603458891 0.0266087625 -0.0659514406 -0.9144992624 -0.3991760345 0.0002450610 -0.4000618361 0.9164881162
-0.9843100711 0.1744296443 0.0266079533 -0.1704374148 -0.9008887596 -0.3991873375 -0.0456592992 -0.3974591073 0.9164832167
-0.9577975077 0.2862097037 0.0266071383 -0.2726713008 -0.8753803788 -0.3991986400 -0.0909631577 -0.3896064655 0.9164783173
-0.9186352655 0.3942097828 0.0266063177 -0.3713029214 -0.8383111371 -0.3992099423 -0.1350680922 -0.3766073348 0.9164734180
-0.8673405616 0.4970035191 0.0266054914 -0.4650296895 -0.7901707323 -0.3992212441 -0.1773914826 -0.3586331215 0.9164685189
-0.8045908471 0.5932333107 0.0266046594 -0.5526138099 -0.7315950735 -0.3992325457 -0.2173742071 -0.3359209542 0.9164636199
-0.7312148598 0.6816282458 0.0266038216 -0.6328986272 -0.6633578811 -0.3992438468 -0.2544880282 -0.3087705557 0.9164587211
-0.6481816795 0.7610208879 0.0266029782 -0.7048238999 -0.5863604670 -0.3992551476 -0.2882425722 -0.2775402870 0.9164538224
-0.5565879290 0.8303626943 0.0266021291 -0.7674398026 -0.5016198290 -0.3992664481 -0.3181918081 -0.2426424182 0.9164489239
-0.4576432908 0.8887378638 0.0266012743 -0.8199194687 -0.4102552190 -0.3992777482 -0.3439399414 -0.2045376853 0.9164440256
-0.3526545311 0.9353754325 0.0266004138 -0.8615699098 -0.3134733589 -0.3992890479 -0.3651466448 -0.1637292081 0.9164391274
-0.2430082413 0.9696594550 0.0265995476 -0.8918411663 -0.2125525036 -0.3993003473 -0.3815315567 -0.1207558467 0.9164342294
-0.1301525249 0.9911371402 0.0265986757 -0.9103335692 -0.1088255572 -0.3993116463 -0.3928779874 -0.0761850864 0.9164293315
-0.0155778726 0.9995248306 0.0265977981 -0.9168030170 -0.0036624698 -0.3993229449 -0.3990357852 -0.0306055435 0.9164244338
0.0992025228 0.9947117490 0.0265969148 -0.9111641977 0.1015478565 -0.3993342431 -0.3999233231 0.0153808078 0.9164195362
0.2126727512 0.9767614613 0.0265960259 -0.8934917137 0.2054159109 -0.3993455410 -0.3955285811 0.0611665862 0.9164146388
0.3233342058 0.9459110372 0.0265951312 -0.8640190952 0.3065699247 -0.3993568385 -0.3859093087 0.1061470250 0.9164097416
0.4297253752 0.9025679192 0.0265942308 -0.8231357137 0.4036739885 -0.3993681356 -0.3711922664 0.1497279608 0.9164048446
0.5304411462 0.8473045412 0.0265933248 -0.7713816385 0.4954456952 -0.3993794323 -0.3515715550 0.1913336814 0.9163999477
0.6241513603 0.7808507687 0.0265924130 -0.7094405016 0.5806730755 -0.3993907287 -0.3273060558 0.2304145318 0.9163950510
0.7096183820 0.7040842594 0.0265914956 -0.6381304681 0.6582306042 -0.3994020246 -0.2987160149 0.2664541750 0.9163901544
0.7857134438 0.6180188716 0.0265905724 -0.5583934291 0.7270940641 -0.3994133202 -0.2661788168 0.2989764144 0.9163852580
0.8514315542 0.5237912746 0.0265896436 -0.4712825605 0.7863540709 -0.3994246154 -0.2301240029 0.3275514857 0.9163803618
0.9059047704 0.4226459364 0.0265887091 -0.3779484128 0.8352280832 -0.3994359102 -0.1910276008 0.3518017361 0.9163754658
0.9484136614 0.3159186879 0.0265877689 -0.2796237149 0.8730707353 -0.3994472045 -0.1494058397 0.3714066151 0.9163705699
0.9783968098 0.2050190808 0.0265868230 -0.1776070920 0.8993823596 -0.3994584985 -0.1058083337 0.3861069123 0.9163656742
0.9954582259 0.0914117711 0.0265858714 -0.0732459149 0.9138155838 -0.3994697921 -0.0608108248 0.3957081841 0.9163607787
0.9993725783 -0.0234028240 0.0265849141 0.0320814963 0.9161799169 -0.3994810853 -0.0150075788 0.4000833260 0.9163558833
0.9900881691 -0.1379083427 0.0265839511 0.1369840750 0.9064442636 -0.3994923780 0.0309964618 0.3991742551 0.9163509881
0.9677276173 -0.2505925053 0.0265829824 0.2400763807 0.8847373332 -0.3995036704 0.0765936687 0.3929926813 0.9163460931
0.9325862392 -0.3599670864 0.0265820080 0.3399968960 0.8513459377 -0.3995149623 0.1211817524 0.3816199564 0.9163411983
0.8851281479 -0.4645875706 0.0265810280 0.4354260082 0.8067112023 -0.3995262538 0.1641717186 0.3652060040 0.9163363037
0.8259801240 -0.5630722299 0.0265800422 0.5251034364 0.7514227381 -0.3995375450 0.2049956482 0.3439673424 0.9163314092
0.7559233378 -0.6541203723 0.0265790508 0.6078448759 0.6862108530 -0.3995488356 0.2431142000 0.3181842293 0.9163265149
0.6758830319 -0.7365295203 0.0265780536 0.6825576382 0.6119369055 -0.3995601259 0.2780237360 0.2881969628 0.9163216209
0.5869163020 -0.8092112918 0.0265770508 0.7482550810 0.5295819270 -0.3995714158 0.3092629757 0.2544013910 0.9163167269
0.4901981354 -0.8712057748 0.0265760423 0.8040696380 0.4402336641 -0.3995827052 0.3364190918 0.2172436857 0.9163118332
0.3870058932 -0.9216942044 0.0265750281 0.8492642749 0.3450722117 -0.3995939942 0.3591331648 0.1772144526 0.9163069397
0.2787024399 -0.9600097771 0.0265740082 0.8832422224 0.2453544266 -0.3996052827 0.3771049278 0.1348422534 0.9163020463
0.1667181442 -0.9856464564 0.0265729826 0.9055548562 0.1423973271 -0.3996165708 0.3900967353 0.0906866265 0.9162971532
0.0525319877 -0.9982656569 0.0265719514 0.9159076201 0.0375606990 -0.3996278585 0.3979367056 0.0453306985 0.9162922602
-0.0623479675 -0.9977007154 0.0265709144 0.9141639148 -0.0677708641 -0.3996391458 0.4005209955 -0.0006265174 0.9162873674
-0.1764044966 -0.9839590924 0.0265698717 0.9003469000 -0.1722062468 -0.3996504326 0.3978151748 -0.0465780317 0.9162824748
-0.2881312493 -0.9572222735 0.0265688234 0.8746391868 -0.2743661848 -0.3996617189 0.3898546859 -0.0919168963 0.9162775824
-0.3960526449 -0.9178433723 0.0265677694 0.8373804245 -0.3729014802 -0.3996730049 0.3767443791 -0.1360442207 0.9162726902
-0.4987433603 -0.8663424672 0.0265667097 0.7890628127 -0.4665108205 -0.3996842903 0.3586571317 -0.1783770834 0.9162677982
-0.5948471538 -0.8033997325 0.0265656443 0.7303245999 -0.5539579640 -0.3996955753 0.3358315685 -0.2183562319 0.9162629064
-0.6830947778 -0.7298464551 0.0265645732 0.6619416516 -0.6340880665 -0.3997068599 0.3085689136 -0.2554534712 0.9162580148
-0.7623207412 -0.6466540561 0.0265634964 0.5848172028 -0.7058429320 -0.3997181440 0.2772290153 -0.2891786422 0.9162531233
-0.8314787022 -0.5549212610 0.0265624139 0.4999699273 -0.7682749875 -0.3997294277 0.2422255963 -0.3190860976 0.9162482321
-0.8896552880 -0.4558595887 0.0265613258 0.4085204830 -0.8205597962 -0.3997407108 0.2040207921 -0.3447805916 0.9162433411
-0.9360821567 -0.3507773510 0.0265602319 0.3116767099 -0.8620069444 -0.3997519936 0.1631190497 -0.3659225026 0.9162384502
-0.9701461459 -0.2410623738 0.0265591324 0.2107176780 -0.8920691585 -0.3997632758 0.1200604671 -0.3822323226 0.9162335596
-0.9913973701 -0.1281636677 0.0265580272 0.1069767930 -0.9103495311 -0.3997745576 0.0754136611 -0.3934943525 0.9162286692
-0.9995551626 -0.0135722911 0.0265569163 0.0018241862 -0.9166067615 -0.3997858390 0.0297682588 -0.3995595545 0.9162237790
-0.9945117823 0.1011983421 0.0265557997 -0.1033513813 -0.9107583406 -0.3997971198 -0.0162728896 -0.4003475247 0.9162188890
-0.9763338364 0.2146324508 0.0265546774 -0.2071608604 -0.8928816389 -0.3998084002 -0.0621016729 -0.3958475590 0.9162139992
-0.9452614013 0.3252319052 0.0265535495 -0.3082332589 -0.8632128831 -0.3998196801 -0.1071127503 -0.3861187982 0.9162091096
-0.9017048513 0.4315360127 0.0265524158 -0.4052337479 -0.8221440344 -0.3998309595 -0.1507115478 -0.3712894509 0.9162042202
-0.8462394391 0.5321408097 0.0265512765 -0.4968812907 -0.7702176104 -0.3998422384 -0.1923221118 -0.3515551041 0.9161993310
-0.7795976983 0.6257176035 0.0265501315 -0.5819655602 -0.7081195180 -0.3998535169 -0.2313947180 -0.3271761436 0.9161944420
-0.7026597689 0.7110305203 0.0265489808 -0.6593629236 -0.6366699936 -0.3998647948 -0.2674131337 -0.2984743179 0.9161895532
-0.6164417732 0.7869528278 0.0265478244 -0.7280512808 -0.5568127686 -0.3998760723 -0.2999014383 -0.2658284927 0.9161846647
-0.5220823959 0.8524818160 0.0265466623 -0.7871235622 -0.4696026041 -0.3998873493 -0.3284303120 -0.2296696488 0.9161797763
-0.4208278452 0.9067520397 0.0265454946 -0.8357997068 -0.3761913598 -0.3998986258 -0.3526227089 -0.1904751936 0.9161748882
-0.3140153945 0.9490467486 0.0265443212 -0.8734369637 -0.2778127803 -0.3999099018 -0.3721588404 -0.1487626568 0.9161700003
-0.2030557205 0.9788073539 0.0265431421 -0.8995383788 -0.1757661999 -0.3999211773 -0.3867804021 -0.1050828578 0.9161651126
-0.0894142728 0.9956408049 0.0265419573 -0.9137593566 -0.0713993822 -0.3999324523 -0.3962939893 -0.0600126312 0.9161602251
0.0254080807 0.9993247806 0.0265407668 -0.9159122098 0.0339092807 -0.3999437267 -0.4005736553 -0.0141472099 0.9161553379
0.1398948757 0.9898106258 0.0265395706 -0.9059686361 0.1387689727 -0.3999550007 -0.3995625785 0.0319076365 0.9161504508
0.2525340797 0.9672239935 0.0265383688 -0.8840600903 0.2417948225 -0.3999662742 -0.3932738171 0.0775436023 0.9161455640
0.3618380611 0.9318631856 0.0265371612 -0.8504760467 0.3416261930 -0.3999775472 -0.3817901406 0.1221578802 0.9161406774
0.4663632368 0.8841952131 0.0265359480 -0.8056601740 0.4369446512 -0.3999888196 -0.3652629401 0.1651611241 0.9161357911
0.5647291373 0.8248496285 0.0265347291 -0.7502044742 0.5264913805 -0.4000000915 -0.3439102331 0.2059852341 0.9161309049
0.6556366391 0.7546102110 0.0265335046 -0.6848414625 0.6090838044 -0.4000113629 -0.3180137869 0.2440908615 0.9161260190
0.7378851220 0.6744046153 0.0265322743 -0.6104344915 0.6836312046 -0.4000226338 -0.2879154011 0.2789745346 0.9161211333
0.8103883258 0.5852921198 0.0265310384 -0.5279663476 0.7491491249 -0.4000339042 -0.2540123960 0.3101753104 0.9161162478
0.8721886963 0.4884496370 0.0265297968 -0.4385262696 0.8047723713 -0.4000451740 -0.2167523675 0.3372808660 0.9161113626
0.9224700326 0.3851561697 0.0265285495 -0.3432955629 0.8497664377 -0.4000564434 -0.1766272784 0.3599329470 0.9161064775
0.9605682657 0.2767759193 0.0265272965 -0.2435319963 0.8835372049 -0.4000677121 -0.1341669622 0.3778321029 0.9161015928
0.9859802296 0.1647402687 0.0265260379 -0.1405531902 0.9056387857 -0.4000789804 -0.0899321274 0.3907416457 0.9160967082
0.9983703065 0.0505288778 0.0265247735 -0.0357192141 0.9157794118 -0.4000902481 -0.0445069527 0.3984907796 0.9160918239
0.9975748591 -0.0643498582 0.0265235035 0.0695853758 0.9138252858 -0.4001015153 0.0015086276 0.4009768607 0.9160869398
0.9836043920 -0.1783787302 0.0265222278 0.1739698233 0.8998023462 -0.4001127819 0.0475068472 0.3981667569 0.9160820559
0.9566434130 -0.2900517535 0.0265209465 0.2760555394 0.8738959236 -0.4001240480 0.0928801347 0.3900972891 0.9160771723
0.9170479962 -0.3978940568 0.0265196594 0.3744943093 0.8364482908 -0.4001353136 0.1370291394 0.3768747490 0.9160722889
0.8653410791 -0.5004813613 0.0265183667 0.4679860977 0.7879541408 -0.4001465786 0.1793706475 0.3586734990 0.9160674058
0.8022055568 -0.5964587913 0.0265170683 0.5552962179 0.7290540522 -0.4001578430 0.2193452873 0.3357336730 0.9160625228
0.7284752623 -0.6845587677 0.0265157642 0.6352716375 0.6605260270 -0.4001691069 0.2564249183 0.3083580081 0.9160576402
0.6451239545 -0.7636177493 0.0265144544 0.7068562057 0.5832752144 -0.4001803703 0.2901196096 0.2769078496 0.9160527577
0.5532524574 -0.8325915997 0.0265131390 0.7691046002 0.4983219550 -0.4001916331 0.3199841127 0.2417983816 0.9160478755
0.4540741217 -0.8905693771 0.0265118179 0.8211948115 0.4067883040 -0.4002028953 0.3456237457 0.2034931455 0.9160429936
0.3488988000 -0.9367853656 0.0265104911 0.8624389972 0.3098832113 -0.4002141570 0.3666996092 0.1624979205 0.9160381119
0.2391155475 -0.9706291874 0.0265091587 0.8922925654 0.2088865540 -0.4002254181 0.3829330655 0.1193540451 0.9160332304
0.1261742765 -0.9916538647 0.0265078205 0.9103613650 0.1051322323 -0.4002366786 0.3941094228 0.0746312690 0.9160283492
0.0115666075 -0.9995817227 0.0265064767 0.9164068898 -0.0000094478 -0.4002479386 0.4000807743 0.0289202287 0.9160234682
-0.1031938303 -0.9943080567 0.0265051272 0.9103494268 -0.1051498724 -0.4002591980 0.4007679560 -0.0171753524 0.9160185875
-0.2165913906 -0.9759025154 0.0265037720 0.8922691071 -0.2089004592 -0.4002704568 0.3961615958 -0.0630466378 0.9160137070
-0.3271284259 -0.9446081808 0.0265024112 0.8624048463 -0.3098909965 -0.4002817150 0.3863222412 -0.1080877195 0.9160088268
-0.4333450683 -0.9008383576 0.0265010447 0.8211511865 -0.4067877393 -0.4002929727 0.3713795641 -0.1517036213 0.9160039468
-0.5338385089 -0.8451711151 0.0264996725 0.7690530851 -0.4983110233 -0.4003042298 0.3515306512 -0.1933181582 0.9159990671
-0.6272815257 -0.7783416524 0.0264982947 0.7067987149 -0.5832521651 -0.4003154863 0.3270374048 -0.2323815484 0.9159941877
-0.7124400117 -0.7012325887 0.0264969111 0.6352103746 -0.6604894242 -0.4003267422 0.2982230873 -0.2683776761 0.9159893084
-0.7881892740 -0.6148623063 0.0264955219 0.5552336269 -0.7290028171 -0.4003379975 0.2654680546 -0.3008309109 0.9159844295
-0.8535288877 -0.5203715010 0.0264941270 0.4679248094 -0.7878875865 -0.4003492523 0.2292047351 -0.3293123926 0.9159795508
-0.9075959086 -0.4190081169 0.0264927265 0.3744370824 -0.8363661496 -0.4003605064 0.1899119215 -0.3534456984 0.9159746723
-0.9496762702 -0.3121108646 0.0264913203 0.2760051980 -0.8737983660 -0.4003717600 0.1481084485 -0.3729118176 0.9159697941
