1999
50959
-0.4453058192 0.8953126237 -0.0108643128 -0.8105386828 -0.4082375196 -0.4199632976 -0.3804336620 -0.1782061545 0.9074760577
-0.3396438880 0.9404912284 -0.0108755954 -0.8520246671 -0.3125518480 -0.4199586991 -0.3983666603 -0.1333701298 0.9074780507
-0.2294962690 0.9732486519 -0.0108868758 -0.8822590458 -0.2127381805 -0.4199540958 -0.4110358118 -0.0867728535 0.9074800457
-0.1163176949 0.9931522663 -0.0108981538 -0.9008424921 -0.1101146319 -0.4199494877 -0.4182738317 -0.0390300364 0.9074820428
-0.0016029282 0.9999392056 -0.0109094295 -0.9075295387 -0.0060364307 -0.4199448749 -0.4199851986 0.0092274880 0.9074840420
0.1131329801 0.9935198373 -0.0109207028 -0.9022318204 0.0981219782 -0.4199402572 -0.4161474150 0.0573620984 0.9074860432
0.2263747005 0.9739789458 -0.0109319739 -0.8850192419 0.2009850842 -0.4199356348 -0.4068113032 0.1047378108 0.9074880465
0.3366266375 0.9415746133 -0.0109432426 -0.8561190552 0.3011944757 -0.4199310075 -0.3921003318 0.1507286816 0.9074900519
0.4424326827 0.8967348103 -0.0109545090 -0.8159128593 0.3974267797 -0.4199263755 -0.3722089835 0.1947270776 0.9074920594
0.5423954450 0.8400517443 -0.0109657730 -0.7649315615 0.4884111378 -0.4199217387 -0.3474001834 0.2361517042 0.9074940689
0.6351947069 0.7722740376 -0.0109770347 -0.7038483674 0.5729459898 -0.4199170972 -0.3180018241 0.2744552854 0.9074960805
0.7196048601 0.6942968404 -0.0109882941 -0.6334698906 0.6499149416 -0.4199124508 -0.2844024314 0.3091317939 0.9074980942
0.7945110928 0.6071500088 -0.0109995511 -0.5547255018 0.7183015087 -0.4199077997 -0.2470460302 0.3397231363 0.9075001100
0.8589241125 0.5119845028 -0.0110108058 -0.4686550559 0.7772025401 -0.4199031438 -0.2064262761 0.3658252050 0.9075021278
0.9119932121 0.4100571854 -0.0110220581 -0.3763951604 0.8258401462 -0.4198984832 -0.1630799321 0.3870932157 0.9075041477
0.9530175051 0.3027142236 -0.0110333080 -0.2791641658 0.8635719717 -0.4198938177 -0.1175797754 0.4032462628 0.9075061696
0.9814551821 0.1913733090 -0.0110445557 -0.1782460765 0.8898996798 -0.4198891475 -0.0705270290 0.4140710284 0.9075081937
0.9969306668 0.0775049340 -0.0110558009 -0.0749735946 0.9044755330 -0.4198844725 -0.0225434169 0.4194246003 0.9075102198
0.9992395762 -0.0373870286 -0.0110670438 0.0292894792 0.9071069871 -0.4198797928 0.0257370506 0.4192363582 0.9075122479
0.9883514195 -0.1517851879 -0.0110782844 0.1331662560 0.8977592337 -0.4198751082 0.0736764543 0.4135089056 0.9075142782
0.9644100010 -0.2641786752 -0.0110895226 0.2352849417 0.8765556614 -0.4198704189 0.1206413948 0.4023180335 0.9075163105
0.9277315211 -0.3730830980 -0.0111007584 0.3342969529 0.8437762265 -0.4198657249 0.1660113614 0.3858117179 0.9075183448
0.8788003995 -0.4770601445 -0.0111119919 0.4288947261 0.7998537571 -0.4198610261 0.2091869302 0.3642081627 0.9075203813
0.8182628780 -0.5747365800 -0.0111232229 0.5178289859 0.7453682378 -0.4198563225 0.2495976839 0.3377929155 0.9075224198
0.7469184852 -0.6648223826 -0.0111344517 0.5999252427 0.6810391511 -0.4198516141 0.2867097479 0.3069150930 0.9075244603
0.6657094770 -0.7461277813 -0.0111456780 0.6740993038 0.6077159767 -0.4198469010 0.3200328433 0.2719827671 0.9075265030
0.5757083920 -0.8175789692 -0.0111569020 0.7393715913 0.5263669739 -0.4198421831 0.3491267640 0.2334575718 0.9075285477
0.4781038865 -0.8782322852 -0.0111681235 0.7948800789 0.4380663956 -0.4198374604 0.3736071919 0.1918486026 0.9075305944
0.3741850358 -0.9272866770 -0.0111793427 0.8398916765 0.3439803019 -0.4198327330 0.3931507736 0.1477056893 0.9075326433
0.2653243090 -0.9640942809 -0.0111905596 0.8738119117 0.2453511618 -0.4198280009 0.4074993914 0.1016121300 0.9075346941
0.1529594428 -0.9881689780 -0.0112017740 0.8961927816 0.1434814459 -0.4198232639 0.4164635724 0.0541769835 0.9075367471
0.0385744530 -0.9991928145 -0.0112129860 0.9067386690 0.0397164259 -0.4198185222 0.4199249905 0.0060270218 0.9075388021
-0.0763199649 -0.9970202006 -0.0112241957 0.9053102479 -0.0645735907 -0.4198137758 0.4178380283 -0.0422015520 0.9075408592
-0.1902063878 -0.9816798336 -0.0112354030 0.8919263237 -0.1680113566 -0.4198090246 0.4102303781 -0.0898715098 0.9075429183
-0.3015807055 -0.9533743189 -0.0112466078 0.8667635856 -0.2692308725 -0.4198042687 0.3972026747 -0.1363530176 0.9075449795
-0.4089719860 -0.9124774936 -0.0112578103 0.8301542744 -0.3668954264 -0.4197995079 0.3789271637 -0.1810319578 0.9075470428
-0.5109619022 -0.8595294898 -0.0112690103 0.7825817952 -0.4597152466 -0.4197947425 0.3556454250 -0.2233180425 0.9075491081
-0.6062034635 -0.7952296007 -0.0112802080 0.7246743350 -0.5464645345 -0.4197899723 0.3276651784 -0.2626526124 0.9075511755
-0.6934388060 -0.7204270446 -0.0112914033 0.6571965668 -0.6259976523 -0.4197851973 0.2953562171 -0.2985160174 0.9075532449
-0.7715158051 -0.6361097498 -0.0113025961 0.5810395527 -0.6972642535 -0.4197804176 0.2591455202 -0.3304344823 0.9075553164
-0.8394032920 -0.5433913062 -0.0113137865 0.4972089769 -0.7593231533 -0.4197756332 0.2195116095 -0.3579863646 0.9075573899
-0.8962046717 -0.4434962586 -0.0113249746 0.4068118653 -0.8113547589 -0.4197708439 0.1769782268 -0.3808077254 0.9075594656
-0.9411697652 -0.3377439335 -0.0113361602 0.3110419665 -0.8526718937 -0.4197660500 0.1321074117 -0.3985971362 0.9075615432
-0.9737047166 -0.2275310148 -0.0113473434 0.2111639880 -0.8827288723 -0.4197612513 0.0854920758 -0.4111196605 0.9075636230
-0.9933798366 -0.1143130975 -0.0113585241 0.1084968947 -0.9011287080 -0.4197564479 0.0377481675 -0.4182099562 0.9075657047
-0.9999352769 0.0004145364 -0.0113697025 0.0043964909 -0.9076283556 -0.4197516397 -0.0104934667 -0.4197744588 0.9075677886
-0.9932844626 0.1151366661 -0.0113808784 -0.0997624844 -0.9021419224 -0.4197468267 -0.0585954178 -0.4157926165 0.9075698745
-0.9735152351 0.2283381442 -0.0113920519 -0.2026045114 -0.8847418029 -0.4197420091 -0.1059221359 -0.4063171595 0.9075719624
-0.9408886921 0.3385239068 -0.0114032230 -0.3027714555 -0.8556577236 -0.4197371867 -0.1518483281 -0.3914734022 0.9075740524
-0.8958357392 0.4442387196 -0.0114143916 -0.3989405021 -0.8152737100 -0.4197323595 -0.1957672194 -0.3714575854 0.9075761445
-0.8389513987 0.5440863968 -0.0114255578 -0.4898416262 -0.7641230162 -0.4197275276 -0.2370985699 -0.3465342826 0.9075782386
-0.7709869515 0.6367482407 -0.0114367216 -0.5742743645 -0.7028810831 -0.4197226910 -0.2752963404 -0.3170329020 0.9075803348
-0.6928400140 0.7210004584 -0.0114478829 -0.6511236689 -0.6323566197 -0.4197178496 -0.3098559065 -0.2833433333 0.9075824330
-0.6055426839 0.7957303239 -0.0114590418 -0.7193746325 -0.5534809236 -0.4197130035 -0.3403207253 -0.2459107946 0.9075845333
-0.5102479089 0.8599508742 -0.0114701983 -0.7781258924 -0.4672955832 -0.4197081527 -0.3662883658 -0.2052299490 0.9075866356
-0.4082142595 0.9128139443 -0.0114813523 -0.8266015342 -0.3749387230 -0.4197032971 -0.3874158257 -0.1618383672 0.9075887400
-0.3007893066 0.9536213690 -0.0114925038 -0.8641613389 -0.2776299740 -0.4196984368 -0.4034240614 -0.1163094243 0.9075908464
-0.1893918247 0.9818342033 -0.0115036529 -0.8903092385 -0.1766543678 -0.4196935718 -0.4141016742 -0.0692447229 0.9075929549
-0.0754930534 0.9970798405 -0.0115147996 -0.9046998676 -0.0733453668 -0.4196887021 -0.4193077013 -0.0212661439 0.9075950654
0.0394027335 0.9991569332 -0.0115259438 -0.9071431255 0.0309327450 -0.4196838276 -0.4189734770 0.0269923707 0.9075971780
0.1537780946 0.9880380525 -0.0115370855 -0.8976066867 0.1348028791 -0.4196789484 -0.4131035385 0.0748931941 0.9075992926
0.2661224624 0.9638700501 -0.0115482248 -0.8762164294 0.2368933274 -0.4196740644 -0.4017755641 0.1218034397 0.9076014093
0.3749520933 0.9269721187 -0.0115593616 -0.8432547731 0.3358558777 -0.4196691758 -0.3851393455 0.1671033227 0.9076035280
0.4788296635 0.8778315767 -0.0115704959 -0.7991569505 0.4303836178 -0.4196642824 -0.3634148068 0.2101943493 0.9076056488
0.5763832521 0.8170974315 -0.0115816278 -0.7445052605 0.5192281949 -0.4196593843 -0.3368890973 0.2505072235 0.9076077716
0.6663244600 0.7455718087 -0.0115927572 -0.6800213785 0.6012163014 -0.4196544814 -0.3059127962 0.2875093684 0.9076098965
0.7474654260 0.6641993577 -0.0116038841 -0.6065568274 0.6752651703 -0.4196495739 -0.2708952786 0.3207119627 0.9076120234
0.8187345151 0.5740547756 -0.0116150086 -0.5250817329 0.7403968745 -0.4196446616 -0.2322993060 0.3496763973 0.9076141524
0.8791904712 0.4763286140 -0.0116261306 -0.4366720125 0.7957512415 -0.4196397446 -0.1906349101 0.3740200706 0.9076162834
0.9280348488 0.3723115547 -0.0116372501 -0.3424951674 0.8405972137 -0.4196348229 -0.1464526533 0.3934214413 0.9076184164
0.9646225582 0.2633773639 -0.0116483671 -0.2437948655 0.8743425036 -0.4196298964 -0.1003363535 0.4076242763 0.9076205515
0.9884703846 0.1509647484 -0.0116594816 -0.1418745174 0.8965414156 -0.4196249653 -0.0528953691 0.4164410341 0.9076226887
0.9992633707 0.0365583546 -0.0116705937 -0.0380800643 0.9069007331 -0.4196200294 -0.0047565478 0.4197553419 0.9076248279
0.9968589757 -0.0783308396 -0.0116817032 0.0662177966 0.9052835913 -0.4196150888 0.0434440565 0.4175235310 0.9076269691
0.9812889582 -0.1921854801 -0.0116928103 0.1696417128 0.8917112855 -0.4196101435 0.0910695878 0.4097752122 0.9076291124
0.9527589565 -0.3035018766 -0.0117039149 0.2708258666 0.8663629906 -0.4196051935 0.1374908024 0.3966128835 0.9076312577
0.9116457729 -0.4108098624 -0.0117150170 0.3684340110 0.8295733959 -0.4196002388 0.1820943828 0.3782105734 0.9076334050
0.8584923969 -0.5126922104 -0.0117261166 0.4611771172 0.7818282856 -0.4195952794 0.2242910409 0.3548115405 0.9076355545
0.7940008340 -0.6078033510 -0.0117372136 0.5478303973 0.7237581247 -0.4195903153 0.2635233034 0.3267250578 0.9076377059
0.7190228341 -0.6948871429 -0.0117483082 0.6272494793 0.6561297340 -0.4195853464 0.2992728769 0.2943223247 0.9076398594
0.6345486424 -0.7727934633 -0.0117594003 0.6983855197 0.5798361636 -0.4195803729 0.3310674950 0.2580315611 0.9076420149
0.5416939213 -0.8404933975 -0.0117704899 0.7602990555 0.4958849003 -0.4195753946 0.3584871571 0.2183323484 0.9076441725
0.4416850150 -0.8970928280 -0.0117815769 0.8121724110 0.4053845636 -0.4195704116 0.3811696765 0.1757492918 0.9076463321
0.3358427538 -0.9418442429 -0.0117926615 0.8533204965 0.3095302654 -0.4195654240 0.3988154647 0.1308450877 0.9076484937
0.2255650093 -0.9741566087 -0.0118037435 0.8831998566 0.2095878279 -0.4195604316 0.4111914881 0.0842130881 0.9076506574
0.1123082327 -0.9936031757 -0.0118148230 0.9014158473 0.1068770677 -0.4195554345 0.4181343458 0.0364694607 0.9076528231
-0.0024317810 -0.9999271146 -0.0118259000 0.9077278490 0.0027543669 -0.4195504328 0.4195524265 -0.0117549535 0.9076549909
-0.1171396477 -0.9930449078 -0.0118369744 0.9020524445 -0.1014052398 -0.4195454263 0.4154271180 -0.0598229752 0.9076571607
-0.2303004084 -0.9730474530 -0.0118480464 0.8844645215 -0.2042262231 -0.4195404151 0.4058130506 -0.1070995056 0.9076593325
-0.3404195372 -0.9401988620 -0.0118591158 0.8551962847 -0.3043507243 -0.4195353993 0.3908373745 -0.1529599182 0.9076615064
-0.4460426800 -0.8949329731 -0.0118701827 0.8146341897 -0.4004564874 -0.4195303787 0.3706980775 -0.1967983111 0.9076636823
-0.5457748617 -0.8378476212 -0.0118812471 0.7633138405 -0.4912743212 -0.4195253535 0.3456613678 -0.2380355121 0.9076658602
-0.6382989104 -0.7696967416 -0.0118923089 0.7019129173 -0.5756048598 -0.4195203235 0.3160581553 -0.2761267306 0.9076680402
-0.7223928530 -0.6913804132 -0.0119033682 0.6312422275 -0.6523344025 -0.4195152889 0.2822796772 -0.3105687550 0.9076702222
-0.7969460541 -0.6039329709 -0.0119144249 0.5522349990 -0.7204496210 -0.4195102495 0.2447723284 -0.3409066005 0.9076724062
-0.8609738842 -0.5085093447 -0.0119254791 0.4659345566 -0.7790509428 -0.4195052055 0.2040317614 -0.3667395191 0.9076745923
-0.9136307237 -0.4063698068 -0.0119365308 0.3734805447 -0.8273644307 -0.4195001568 0.1605963367 -0.3877262939 0.9076767804
-0.9542211312 -0.2988633267 -0.0119475799 0.2760938774 -0.8647520044 -0.4194951034 0.1150400085 -0.4035897458 0.9076789705
-0.9822090281 -0.1874097554 -0.0119586265 0.1750606158 -0.8907198677 -0.4194900453 0.0679647406 -0.4141203942 0.9076811627
-0.9972247785 -0.0734810731 -0.0119696705 0.0717149843 -0.9049250303 -0.4194849825 0.0199925522 -0.4191792235 0.9076833569
-0.9990700714 0.0414180513 -0.0119807119 -0.0325782485 -0.9071798381 -0.4194799151 -0.0282427010 -0.4186995181 0.9076855531
-0.9877205393 0.1557701326 -0.0119917509 -0.1364417928 -0.8974544520 -0.4194748429 -0.0761037021 -0.4126877421 0.9076877514
-0.9633260802 0.2680649108 -0.0120027872 -0.2385040262 -0.8758772430 -0.4194697661 -0.1229580936 -0.4012234524 0.9076899517
-0.9262088778 0.3768192974 -0.0120138210 -0.3374171072 -0.8427330978 -0.4194646846 -0.1681868323 -0.3844582460 0.9076921540
-0.8768591463 0.4805969626 -0.0120248522 -0.4318747748 -0.7984596572 -0.4194595984 -0.2111923683 -0.3626137550 0.9076943584
-0.8159286563 0.5780273051 -0.0120358809 -0.5206295993 -0.7436415376 -0.4194545075 -0.2514065396 -0.3359787168 0.9076965648
-0.7442221262 0.6678235537 -0.0120469070 -0.6025094563 -0.6790026111 -0.4194494120 -0.2882980782 -0.3049051578 0.9076987732
-0.6626865947 0.7487997619 -0.0120579305 -0.6764330057 -0.6053964471 -0.4194443117 -0.3213796291 -0.2698037404 0.9077009836
-0.5723989130 0.8198864707 -0.0120689515 -0.7414239725 -0.5237950408 -0.4194392068 -0.3502141879 -0.2311383361 0.9077031961
-0.4745515222 0.8801448330 -0.0120799699 -0.7966240404 -0.4352759772 -0.4194340973 -0.3744208742 -0.1894198949 0.9077054106
-0.3704367054 0.9287790132 -0.0120909857 -0.8413041868 -0.3410082016 -0.4194289830 -0.3936799622 -0.1451996937 0.9077076271
-0.2614295196 0.9651466976 -0.0121019989 -0.8748743111 -0.2422365829 -0.4194238641 -0.4077371042 -0.0990620513 0.9077098456
-0.1489696357 0.9887675777 -0.0121130096 -0.8968910285 -0.1402654740 -0.4194187405 -0.4164066891 -0.0516166074 0.9077120662
-0.0345423241 0.9993296934 -0.0121240176 -0.9070635258 -0.0364414873 -0.4194136122 -0.4195742937 -0.0034902668 0.9077142888
0.0803411609 0.9966935532 -0.0121350231 -0.9052574031 0.0678642888 -0.4194084793 -0.4171981927 0.0446810836 0.9077165134
0.1941635409 0.9808939767 -0.0121460260 -0.8914964489 0.1712743959 -0.4194033416 -0.4093099083 0.0922609769 0.9077187401
0.3054215519 0.9521396338 -0.0121570263 -0.8659623272 0.2724231969 -0.4193981994 -0.3960137920 0.1386207757 0.9077209687
0.4126457984 0.9108102899 -0.0121680240 -0.8289921794 0.3699749100 -0.4193930524 -0.3774856441 0.1831479777 0.9077231994
0.5144201593 0.8574517894 -0.0121790191 -0.7810741726 0.4626412493 -0.4193879008 -0.3539703894 0.2252543080 0.9077254321
0.6094004915 0.7927688468 -0.0121900116 -0.7228410535 0.5491984385 -0.4193827445 -0.3257788394 0.2643834915 0.9077276669
0.6963323815 0.7176157398 -0.0122010015 -0.6550617937 0.6285033721 -0.4193775836 -0.2932835843 0.3000186015 0.9077299036
0.7740677128 0.6329850261 -0.0122119888 -0.5786314349 0.6995087116 -0.4193724180 -0.2569140684 0.3316888890 0.9077321424
0.8415798292 0.5399944352 -0.0122229735 -0.4945592697 0.7612767173 -0.4193672477 -0.2171509149 0.3589760016 0.9077343832
0.8979770937 0.4398721059 -0.0122339556 -0.4039555140 0.8129916326 -0.4193620728 -0.1745195745 0.3815195092 0.9077366260
0.9425146648 0.3339403662 -0.0122449351 -0.3080166454 0.8539704575 -0.4193568932 -0.1295833816 0.3990216655 0.9077388709
0.9746043333 0.2235982695 -0.0122559120 -0.2080096033 0.8836719692 -0.4193517090 -0.0829361106 0.4112513401 0.9077411177
0.9938222909 0.1103031167 -0.0122668863 -0.1052550584 0.9017038698 -0.4193465201 -0.0351941293 0.4180470711 0.9077433666
0.9999147276 -0.0044487903 -0.0122778579 -0.0011099716 0.9078279682 -0.4193413265 0.0130117444 0.4193191964 0.9077456175
0.9928011834 -0.1191419107 -0.0122888270 0.1030503253 0.9019633263 -0.4193361283 0.0610445788 0.4150510368 0.9077478704
0.9725756114 -0.2322614803 -0.0122997934 0.2058502925 0.8841873286 -0.4193309255 0.1082697429 0.4052991151 0.9077501253
0.9395051363 -0.3423135174 -0.0123107571 0.3059323469 0.8547346614 -0.4193257179 0.1540632923 0.3901924070 0.9077523823
0.8940265269 -0.4478445540 -0.0123217183 0.4019747913 0.8139942141 -0.4193205058 0.1978202123 0.3699306353 0.9077546412
0.8367404274 -0.5474608318 -0.0123326768 0.4927092683 0.7625039445 -0.4193152890 0.2389624116 0.3447816299 0.9077569022
0.7684034245 -0.6398467097 -0.0123436327 0.5769375106 0.7009437753 -0.4193100675 0.2769463596 0.3150777871 0.9077591652
0.6899180553 -0.7237820398 -0.0123545860 0.6535471658 0.6301266159 -0.4193048414 0.3112702669 0.2812116761 0.9077614302
0.6023208872 -0.7981582815 -0.0123655366 0.7215264864 0.5509876278 -0.4192996106 0.3414807144 0.2436308513 0.9077636972
0.5067688276 -0.8619931427 -0.0123764846 0.7799776917 0.4645718753 -0.4192943752 0.3671786429 0.2028319370 0.9077659663
0.4045238448 -0.9144435524 -0.0123874300 0.8281288244 0.3720205254 -0.4192891352 0.3880246245 0.1593540652 0.9077682373
0.2969363009 -0.9548167958 -0.0123983727 0.8653439455 0.2745557779 -0.4192838905 0.4037433457 0.1137717507 0.9077705104
0.1854271174 -0.9825796625 -0.0124093128 0.8911315336 0.1734647254 -0.4192786411 0.4141272437 0.0666872999 0.9077727855
0.0714690089 -0.9973654888 -0.0124202502 0.9051509764 0.0700823563 -0.4192733872 0.4190392471 0.0187228519 0.9077750626
-0.0434329672 -0.9989790003 -0.0124311850 0.9072170701 -0.0342260744 -0.4192681286 0.4184145852 -0.0294878421 0.9077773417
-0.1577612882 -0.9873988909 -0.0124421171 0.8973024653 -0.1380830751 -0.4192628653 0.4122616424 -0.0773077921 0.9077796228
-0.2700060081 -0.9627781038 -0.0124530465 0.8755380297 -0.2401171080 -0.4192575974 0.4006618451 -0.1241051861 0.9077819059
-0.3786846997 -0.9254418121 -0.0124639734 0.8422111205 -0.3389807023 -0.4192523249 0.3837685848 -0.1692617377 0.9077841910
-0.4823620329 -0.8758831236 -0.0124748975 0.7977617904 -0.4333682484 -0.4192470477 0.3618051892 -0.2121808548 0.9077864782
-0.5796687319 -0.8147565683 -0.0124858190 0.7427769770 -0.5220332405 -0.4192417659 0.3350619699 -0.2522955217 0.9077887673
-0.6693196585 -0.7428694544 -0.0124967378 0.6779827527 -0.6038047378 -0.4192364795 0.3038923853 -0.2890757900 0.9077910585
-0.7501307857 -0.6611712055 -0.0125076540 0.6042347367 -0.6776028288 -0.4192311884 0.2687083685 -0.3220357798 0.9077933516
-0.8210348349 -0.5707408216 -0.0125185675 0.5225067969 -0.7424528929 -0.4192258927 0.2299748838 -0.3507400982 0.9077956468
-0.8810953715 -0.4727726287 -0.0125294783 0.4338781889 -0.7974984715 -0.4192205924 0.1882037817 -0.3748095910 0.9077979440
-0.9295191729 -0.3685605051 -0.0125403865 0.3395193048 -0.8420125798 -0.4192152874 0.1439470349 -0.3939263505 0.9078002432
-0.9656667040 -0.2594807929 -0.0125512919 0.2406762168 -0.8754073070 -0.4192099778 0.0977894448 -0.4078379150 0.9078025444
-0.9890605639 -0.1469741208 -0.0125621947 0.1386542223 -0.8972415821 -0.4192046636 0.0503409134 -0.4163606024 0.9078048476
-0.9993917911 -0.0325263770 -0.0125730948 0.0348006065 -0.9072269987 -0.4191993448 0.0022283848 -0.4193819353 0.9078071528
-0.9965239435 0.0823509145 -0.0125839923 -0.0695131495 -0.9052316248 -0.4191940213 -0.0459124388 -0.4168621263 0.9078094600
-0.9804949008 0.1961405573 -0.0125948870 -0.1729094807 -0.8912817461 -0.4191886933 -0.0934454968 -0.4088346009 0.9078117692
-0.9515163640 0.3073397199 -0.0126057791 -0.2740229301 -0.8655615195 -0.4191833606 -0.1397427739 -0.3954055545 0.9078140804
-0.9099710590 0.4144797841 -0.0126166685 -0.3715181808 -0.8284105421 -0.4191780232 -0.1841925977 -0.3767525480 0.9078163936
-0.8564076828 0.5161457408 -0.0126275552 -0.4641076905 -0.7803193673 -0.4191726813 -0.2262077200 -0.3531221592 0.9078187088
-0.7915336556 0.6109948788 -0.0126384392 -0.5505686950 -0.7219230274 -0.4191673347 -0.2652330752 -0.3248267238 0.9078210261
-0.7162057787 0.6977745175 -0.0126493205 -0.6297593567 -0.6539926484 -0.4191619835 -0.3007531134 -0.2922402069 0.9078233453
-0.6314189181 0.7753385513 -0.0126601991 -0.7006338435 -0.5774252668 -0.4191566277 -0.3322986114 -0.2557932605 0.9078256665
-0.5382928655 0.8426625866 -0.0126710750 -0.7622561412 -0.4932319843 -0.4191512673 -0.3594528705 -0.2159675321 0.9078279897
-0.4380575487 0.8988574705 -0.0126819482 -0.8138124146 -0.4025246159 -0.4191459023 -0.3818572218 -0.1732892997 0.9078303150
-0.3320367879 0.9431810345 -0.0126928186 -0.8546217562 -0.3065010077 -0.4191405327 -0.3992157629 -0.1283225172 0.9078326422
-0.2216308119 0.9750478960 -0.0127036864 -0.8841451785 -0.2064292187 -0.4191351584 -0.4112992664 -0.0816613624 0.9078349714
-0.1082977654 0.9940371895 -0.0127145515 -0.9019927330 -0.1036307752 -0.4191297796 -0.4179482069 -0.0339223855 0.9078373026
0.0064655496 0.9998981251 -0.0127254139 -0.9079286605 0.0005367810 -0.4191243961 -0.4190748671 0.0142636375 0.9078396359
0.1211434415 0.9925533003 -0.0127362735 -0.9018745054 0.1046978203 -0.4191190080 -0.4146644945 0.0622600394 0.9078419711
0.2342213475 0.9720997228 -0.0127471304 -0.8839101530 0.2074767912 -0.4191136153 -0.4047754955 0.1094326738 0.9078443083
0.3442058364 0.9388075287 -0.0127579846 -0.8542727748 0.3075163864 -0.4191082180 -0.3895386611 0.1551582937 0.9078466475
0.4496443324 0.8931164152 -0.0127688361 -0.8133536976 0.4034954672 -0.4191028161 -0.3691554373 0.1988327861 0.9078489887
0.5491442996 0.8356298330 -0.0127796849 -0.7616932369 0.4941465107 -0.4190974096 -0.3438952617 0.2398791530 0.9078513319
0.6413916332 0.7671070167 -0.0127905309 -0.6999735616 0.5782723492 -0.4190919985 -0.3140920024 0.2777551349 0.9078536771
0.7251680152 0.6884529574 -0.0128013743 -0.6290096864 0.6547619801 -0.4190865828 -0.2801395442 0.3119603739 0.9078560243
0.7993670044 0.6007064503 -0.0128122148 -0.5497387096 0.7226052383 -0.4190811625 -0.2424865840 0.3420430239 0.9078583735
0.8630086499 0.5050263751 -0.0128230527 -0.4632074384 0.7809061372 -0.4190757376 -0.2016307001 0.3676057199 0.9078607247
0.9152524327 0.4026763908 -0.0128338878 -0.3705585651 0.8288947018 -0.4190703081 -0.1581117776 0.3883108260 0.9078630779
0.9554083671 0.2950082462 -0.0128447202 -0.2730155776 0.8659371373 -0.4190648740 -0.1125048733 0.4038848957 0.9078654331
0.9829461127 0.1834439271 -0.0128555498 -0.1718666024 0.8915442001 -0.4190594353 -0.0654126176 0.4141222826 0.9078677902
0.9975019793 0.0694568763 -0.0128663767 -0.0684473936 0.9053776594 -0.4190539920 -0.0174572513 0.4188878564 0.9078701494
0.9988837297 -0.0454474669 -0.0128772008 0.0358763063 0.9072547648 -0.4190485442 0.0307275966 0.4181187863 0.9078725105
0.9870731187 -0.1597515484 -0.0128880222 0.1397268023 0.8971506607 -0.4190430917 0.0785052804 0.4118253692 0.9078748736
0.9622261340 -0.2719457427 -0.0128988409 0.2417326412 0.8751987151 -0.4190376346 0.1252445497 0.4000908923 0.9078772388
0.9246709359 -0.3805482900 -0.0129096568 0.3405467224 0.8416887595 -0.4190321730 0.1703278899 0.3830705303 0.9078796059
0.8749035236 -0.4841248661 -0.0129204699 0.4348640882 0.7970632621 -0.4190267067 0.2131596802 0.3609892938 0.9078819750
0.8135811837 -0.5813075258 -0.0129312803 0.5234391572 0.7419114857 -0.4190212359 0.2531740633 0.3341390546 0.9078843461
0.7415138100 -0.6708127696 -0.0129420880 0.6051021737 0.6769617063 -0.4190157605 0.2898424207 0.3028746875 0.9078867192
0.6596532070 -0.7514584946 -0.0129528928 0.6787746564 0.6030715967 -0.4190102805 0.3226803563 0.2676093799 0.9078890942
0.5690805188 -0.8221796068 -0.0129636949 0.7434836405 0.5212169004 -0.4190047959 0.3512540952 0.2288091715 0.9078914713
0.4709919507 -0.8820420879 -0.0129744943 0.7983745282 0.4324785470 -0.4189993067 0.3751862138 0.1869867951 0.9078938503
0.3666829709 -0.9302553311 -0.0129852908 0.8427223745 0.3380283777 -0.4189938130 0.3941606250 0.1426949010 0.9078962314
0.2575312005 -0.9661825824 -0.0129960847 0.8759414619 0.2391136707 -0.4189883146 0.4079267534 0.0965187543 0.9078986144
0.1449782196 -0.9893493503 -0.0130068757 0.8975930360 0.1370406698 -0.4189828117 0.4163028436 0.0490685011 0.9079009994
0.0305105282 -0.9994496726 -0.0130176639 0.9073911007 0.0331573349 -0.4189773042 0.4191783606 0.0009711064 0.9079033864
-0.0843600867 -0.9963501570 -0.0130284494 0.9052061959 -0.0711644595 -0.4189717922 0.4165154483 -0.0471379299 0.9079057753
-0.1981165168 -0.9800917427 -0.0130392321 0.8910671078 -0.1745470405 -0.4189662755 0.4083494278 -0.0946229700 0.9079081663
-0.3092563694 -0.9508891603 -0.0130500120 0.8651604901 -0.2756251309 -0.4189607543 0.3947883286 -0.1408566366 0.9079105592
-0.4163118099 -0.9091280948 -0.0130607892 0.8278283994 -0.3730638788 -0.4189552285 0.3760114601 -0.1852281017 0.9079129541
-0.5178689471 -0.8553600925 -0.0130715635 0.7795637794 -0.4655764859 -0.4189496982 0.3522670400 -0.2271511566 0.9079153510
-0.6125865070 -0.7902952765 -0.0130823351 0.7210039517 -0.5519412014 -0.4189441633 0.3238689136 -0.2660719569 0.9079177499
-0.6992135468 -0.7147929676 -0.0130931039 0.6529221999 -0.6310174565 -0.4189386238 0.2911924050 -0.3014763392 0.9079201508
-0.7766059768 -0.6298503357 -0.0131038698 0.5762175591 -0.7017609275 -0.4189330797 0.2546693570 -0.3328966135 0.9079225536
-0.8437416696 -0.5365892296 -0.0131146330 0.4919029430 -0.7632373277 -0.4189275311 0.2147824237 -0.3599177411 0.9079249584
-0.8997339603 -0.4362413607 -0.0131253934 0.4010917690 -0.8146347459 -0.4189219779 0.1720586921 -0.3821828175 0.9079273652
-0.9438433560 -0.3301320356 -0.0131361510 0.3049832541 -0.8552743698 -0.4189164201 0.1270627173 -0.3993977859 0.9079297740
-0.9754873027 -0.2196626528 -0.0131469058 0.2048465790 -0.8846194506 -0.4189108578 0.0803890618 -0.4113353214 0.9079321848
-0.9942478793 -0.1062921942 -0.0131576577 0.1020041277 -0.9022823922 -0.4189052909 0.0326544396 -0.4178378325 0.9079345975
-0.9998773165 0.0084820442 -0.0131684069 -0.0021859757 -0.9080298710 -0.4188997194 -0.0155104328 -0.4188195415 0.9079370122
-0.9923012694 0.1231442267 -0.0131791533 -0.1063478025 -0.9017859178 -0.4188941434 -0.0634691702 -0.4142676163 0.9079394289
-0.9716197997 0.2361799982 -0.0131898968 -0.2091057892 -0.8836329220 -0.4188885628 -0.1105881271 -0.4042423377 0.9079418476
-0.9381060532 0.3460964839 -0.0132006375 -0.3091029037 -0.8538105445 -0.4188829777 -0.1562447693 -0.3888763016 0.9079442682
-0.8922026531 0.4514420066 -0.0132113755 -0.4050185664 -0.8127125535 -0.4188773880 -0.1998358992 -0.3683726646 0.9079466908
-0.8345158541 0.5508252582 -0.0132221106 -0.4955860895 -0.7608816256 -0.4188717938 -0.2407856250 -0.3430024587 0.9079491154
-0.7658075348 0.6429336758 -0.0132328428 -0.5796094059 -0.6990021798 -0.4188661950 -0.2785529684 -0.3131010080 0.9079515420
-0.6869851364 0.7265507760 -0.0132435723 -0.6559788643 -0.6278913397 -0.4188605916 -0.3126390122 -0.2790634972 0.9079539705
-0.5990896773 0.8005722217 -0.0132542989 -0.7236858840 -0.5484881438 -0.4188549837 -0.3425934907 -0.2413397480 0.9079564010
-0.5032820044 0.8640204067 -0.0132650227 -0.7818362750 -0.4618411451 -0.4188493713 -0.3680207374 -0.2004282752 0.9079588335
-0.4008274618 0.9160573675 -0.0132757437 -0.8296620470 -0.3690945642 -0.4188437543 -0.3885849118 -0.1568696982 0.9079612680
-0.2930791791 0.9559958497 -0.0132864619 -0.8665315524 -0.2714731795 -0.4188381327 -0.4040144346 -0.1112395977 0.9079637044
-0.1814602004 0.9833083854 -0.0132971772 -0.8919578288 -0.1702661535 -0.4188325066 -0.4141055750 -0.0641409093 0.9079661428
-0.0674446902 0.9976342585 -0.0133078896 -0.9056050302 -0.0668100078 -0.4188268760 -0.4187251401 -0.0161959571 0.9079685832
0.0474615363 0.9987842697 -0.0133185993 -0.9072928637 0.0375290260 -0.4188212408 -0.4178122331 0.0319617696 0.9079710255
0.1617409005 0.9867432344 -0.0133293061 -0.8969989706 0.1413730493 -0.4188156011 -0.4113790562 0.0796959863 0.9079734698
0.2738841033 0.9616701836 -0.0133400100 -0.8748592233 0.2433506922 -0.4188099568 -0.3995107474 0.1263760203 0.9079759161
0.3824100586 0.9238962635 -0.0133507111 -0.8411659317 0.3421152248 -0.4188043080 -0.3823642537 0.1713851433 0.9079783643
0.4858854539 0.8739203616 -0.0133614094 -0.7963639833 0.4363623415 -0.4187986546 -0.3601662558 0.2141287196 0.9079808146
0.5829436807 0.8124025184 -0.0133721048 -0.7410449697 0.5248473862 -0.4187929967 -0.3332101710 0.2540420619 0.9079832667
0.6723028827 0.7401552098 -0.0133827973 -0.6759393744 0.6064017898 -0.4187873343 -0.3018522750 0.2905978918 0.9079857209
0.7527828862 0.6581326164 -0.0133934870 -0.6019069271 0.6799485026 -0.4187816673 -0.2665069930 0.3233133048 0.9079881770
0.8233207860 0.5674180218 -0.0134041738 -0.5199252506 0.7445162182 -0.4187759958 -0.2276414223 0.3517561505 0.9079906351
0.8829849837 0.4692095055 -0.0134148578 -0.4310769510 0.7992522015 -0.4187703198 -0.1857691600 0.3755507400 0.9079930951
0.9309874914 0.3648041196 -0.0134255389 -0.3365353216 0.8434335506 -0.4187646392 -0.1414435156 0.3943828091 0.9079955572
0.9666943384 0.2555807585 -0.0134362172 -0.2375488489 0.8764767440 -0.4187589541 -0.0952501993 0.4080036681 0.9079980211
0.9896339443 0.1429819477 -0.0134468926 -0.1354247252 0.8979453476 -0.4187532645 -0.0477995828 0.4162334866 0.9080004871
0.9995033470 0.0284947922 -0.0134575651 -0.0315115864 0.9075557791 -0.4187475704 0.0002813660 0.4189636674 0.9080029550
0.9961722043 -0.0863686639 -0.0134682347 0.0728182980 0.9051810539 -0.4187418717 0.0483573669 0.4161582794 0.9080054249
0.9796845145 -0.2000914071 -0.0134789015 0.1761871467 0.8908524629 -0.4187361685 0.0957932218 0.4078545307 0.9080078967
0.9502580363 -0.3111714899 -0.0134895654 0.2772298620 0.8647591600 -0.4187304607 0.1419622066 0.3941622750 0.9080103705
0.9082814118 -0.4181418670 -0.0135002264 0.3746120573 0.8272456658 -0.4187247485 0.1862543519 0.3752625581 0.9080128462
0.8543090342 -0.5195897709 -0.0135108846 0.4670476787 0.7788073178 -0.4187190317 0.2280845015 0.3514052243 0.9080153239
0.7890537258 -0.6141753705 -0.0135215398 0.5533159898 0.7200837306 -0.4187133104 0.2669000434 0.3229056134 0.9080178036
0.7133773234 -0.7006494660 -0.0135321922 0.6322776924 0.6518503496 -0.4187075846 0.3021882097 0.2901403927 0.9080202852
0.6282792959 -0.7778699877 -0.0135428417 0.7028899730 0.5750082114 -0.4187018542 0.3334828513 0.2535425786 0.9080227688
0.5348835445 -0.8448170789 -0.0135534883 0.7642202746 0.4905720452 -0.4186961193 0.3603705949 0.2135958139 0.9080252544
0.4344235588 -0.9006065655 -0.0135641320 0.8154586128 0.3996568734 -0.4186903800 0.3824963037 0.1708279767 0.9080277419
0.3282261260 -0.9445016335 -0.0135747728 0.8559282733 0.3034632868 -0.4186846361 0.3995677679 0.1258042043 0.9080302314
0.2176938082 -0.9759225597 -0.0135854107 0.8850947492 0.2032615900 -0.4186788877 0.4113595639 0.0791194258 0.9080327228
0.1042864183 -0.9944543682 -0.0135960457 0.9025728005 0.1003750266 -0.4186731347 0.4177160312 0.0313905006 0.9080352162
-0.0104982601 -0.9998523115 -0.0136066778 0.9081315429 -0.0038376958 -0.4186673773 0.4185533267 -0.0167519323 0.9080377115
-0.1251442535 -0.9920451022 -0.0136173070 0.9016974973 -0.1080003482 -0.4186616154 0.4138605311 -0.0646717870 0.9080402088
-0.2381374207 -0.9711358547 -0.0136279333 0.8833555612 -0.2107373546 -0.4186558489 0.4036997910 -0.1117359347 0.9080427080
-0.3479854500 -0.9374007235 -0.0136385567 0.8533478889 -0.3106919581 -0.4186500780 0.3882054961 -0.1573225694 0.9080452092
-0.4532375682 -0.8912852556 -0.0136491772 0.8120706938 -0.4065441382 -0.4186443025 0.3675825011 -0.2008294224 0.9080477124
-0.5525037011 -0.8333985063 -0.0136597948 0.7600690176 -0.4970280435 -0.4186385225 0.3421034182 -0.2416817199 0.9080502175
-0.6444728328 -0.7645049952 -0.0136704095 0.6980295329 -0.5809487084 -0.4186327380 0.3121050127 -0.2793397761 0.9080527245
-0.7279303196 -0.6855146093 -0.0136810212 0.6267714763 -0.6571978347 -0.4186269491 0.2779837519 -0.3133061227 0.9080552336
-0.8017739325 -0.5974705854 -0.0136916300 0.5472358297 -0.7247684284 -0.4186211556 0.2401905657 -0.3431320807 0.9080577445
-0.8650284143 -0.5015357326 -0.0137022359 0.4604728948 -0.7827680982 -0.4186153576 0.1992248869 -0.3684236872 0.9080602574
-0.9168583598 -0.3989770747 -0.0137128389 0.3676284234 -0.8304308416 -0.4186095551 0.1556280514 -0.3888468994 0.9080627723
-0.9565792489 -0.2911491160 -0.0137234390 0.2699284871 -0.8671271613 -0.4186037481 0.1099761445 -0.4041320061 0.9080652891
-0.9836664875 -0.1794759530 -0.0137340361 0.1686632863 -0.8923723793 -0.4185979367 0.0628723891 -0.4140771897 0.9080678079
-0.9977623352 -0.0654324655 -0.0137446303 0.0651701118 -0.9058330382 -0.4185921207 0.0149391743 -0.4185511909 0.9080703286
-0.9986806308 0.0494751618 -0.0137552216 -0.0391843144 -0.9073313060 -0.4185863002 -0.0331901681 -0.4174950414 0.9080728512
-0.9864092499 0.1637293320 -0.0137658099 -0.1430218890 -0.8968473254 -0.4185804753 -0.0808797314 -0.4109228405 0.9080753758
-0.9611102660 0.2758210789 -0.0137763953 -0.2449713256 -0.8745194769 -0.4185746458 -0.1274994364 -0.3989215673 0.9080779024
-0.9231178090 0.3842699962 -0.0137869777 -0.3436862646 -0.8406425526 -0.4185688119 -0.1724333559 -0.3816499296 0.9080804309
-0.8729336530 0.4876437890 -0.0137975573 -0.4378630533 -0.7956638636 -0.4185629734 -0.2150878520 -0.3593362648 0.9080829613
-0.8112205887 0.5845771907 -0.0138081338 -0.5262579620 -0.7401773341 -0.4185571305 -0.2548994192 -0.3322755214 0.9080854937
-0.7387936703 0.6737899940 -0.0138187075 -0.6077036093 -0.6749156589 -0.4185512831 -0.2913421286 -0.3008253603 0.9080880281
-0.6566094506 0.7541039587 -0.0138292781 -0.6811243793 -0.6007406279 -0.4185454312 -0.3239345758 -0.2654014271 0.9080905644
-0.5657533477 0.8244583726 -0.0138398459 -0.7455506259 -0.5186317465 -0.4185395748 -0.3522462402 -0.2264718599 0.9080931026
-0.4674253100 0.8839240611 -0.0138504106 -0.8001314798 -0.4296733006 -0.4185337140 -0.3759031718 -0.1845511014 0.9080956428
-0.3629239679 0.9317156578 -0.0138609724 -0.8441460849 -0.3350400383 -0.4185278486 -0.3945929305 -0.1401931019 0.9080981849
-0.2536294831 0.9672019778 -0.0138715313 -0.8770131191 -0.2359816564 -0.4185219788 -0.4080687126 -0.0939839982 0.9081007289
-0.1409853204 0.9899143534 -0.0138820872 -0.8982984721 -0.1338062980 -0.4185161045 -0.4161526097 -0.0465343693 0.9081032749
-0.0264791834 0.9995528237 -0.0138926401 -0.9077209790 -0.0298632764 -0.4185102257 -0.4187379576 0.0015288319 0.9081058229
0.0883766331 0.9959900964 -0.0139031901 -0.9051561346 0.0744747427 -0.4185043425 -0.4157907439 0.0495705625 0.9081083727
0.2020652166 0.9792732285 -0.0139137371 -0.8906377384 0.1778298691 -0.4184984547 -0.4073500548 0.0969560803 0.9081109246
0.3130850711 0.9496230056 -0.0139242812 -0.8643574490 0.2788371845 -0.4184925625 -0.3935275577 0.1430593298 0.9081134783
0.4199699467 0.9074310247 -0.0139348222 -0.8266622544 0.3761627675 -0.4184866658 -0.3745060227 0.1872712143 0.9081160340
0.5213082055 0.8532545235 -0.0139453603 -0.7780498903 0.4685213099 -0.4184807647 -0.3505369070 0.2290076425 0.9081185917
0.6157614644 0.7878090199 -0.0139558955 -0.7191622680 0.5546930904 -0.4184748591 -0.3219370298 0.2677172455 0.9081211512
0.7020822720 0.7119588628 -0.0139664276 -0.6507769983 0.6335400833 -0.4184689490 -0.2890843853 0.3028886603 0.9081237127
0.7791305829 0.6267058158 -0.0139769568 -0.5737971230 0.7040209872 -0.4184630344 -0.2524131465 0.3340572855 0.9081262762
0.8458888151 0.5331758273 -0.0139874829 -0.4892391900 0.7652049775 -0.4184571154 -0.2124079271 0.3608114183 0.9081288416
0.9014752890 0.4326041598 -0.0139980061 -0.3982198296 0.8162839992 -0.4184511919 -0.1695973778 0.3827976928 0.9081314089
0.9451558719 0.3263190754 -0.0140085263 -0.3019410088 0.8565834392 -0.4184452639 -0.1245472000 0.3997257468 0.9081339782
0.9763536734 0.2157242937 -0.0140190436 -0.2016741585 0.8855710359 -0.4184393315 -0.0778526703 0.4113720572 0.9081365494
0.9946566647 0.1022804524 -0.0140295578 -0.0987433836 0.9028639092 -0.4184333946 -0.0301307755 0.4175828907 0.9081391225
0.9998231202 -0.0125141835 -0.0140400690 0.0054920233 0.9082336175 -0.4184274533 0.0179879406 0.4182763335 0.9081416975
0.9917848100 -0.1271435093 -0.0140505773 0.1096555320 0.9016091761 -0.4184215075 0.0658677082 0.4134433718 0.9081442745
0.9706479007 -0.2400936041 -0.0140610825 0.2123715537 0.8830779947 -0.4184155572 0.1128759317 0.4031480083 0.9081468535
0.9366915537 -0.3498727251 -0.0140715848 0.3122836066 0.8528847247 -0.4184096025 0.1583915475 0.3875264154 0.9081494343
0.8903642375 -0.4550310093 -0.0140820840 0.4080722299 0.8114280291 -0.4184036433 0.2018132298 0.3667851334 0.9081520171
0.8322778054 -0.5541796223 -0.0140925802 0.4984724092 0.7592553186 -0.4183976797 0.2425673346 0.3411983402 0.9081546018
0.7631994143 -0.6460091000 -0.0141030735 0.5822902822 0.6970555235 -0.4183917116 0.2801154783 0.3111042266 0.9081571885
0.6840413927 -0.7293066436 -0.0141135637 0.6584189056 0.6256499964 -0.4183857391 0.3139616502 0.2769005265 0.9081597770
0.5958491915 -0.8029721366 -0.0141240509 0.7258528740 0.5459816663 -0.4183797621 0.3436587643 0.2390392601 0.9081623676
0.4997875766 -0.8660326744 -0.0141345351 0.7837015977 0.4591025870 -0.4183737807 0.3688145658 0.1980207602 0.9081649600
0.3971252459 -0.9176554133 -0.0141450163 0.8312010650 0.3661600440 -0.4183677948 0.3890968114 0.1543870608 0.9081675544
0.2892180729 -0.9571585701 -0.0141554944 0.8677239320 0.2683814047 -0.4183618045 0.4042376580 0.1087147336 0.9081701506
0.1774912000 -0.9840204262 -0.0141659696 0.8927878087 0.1670579094 -0.4183558097 0.4140371994 0.0616072698 0.9081727489
0.0634202164 -0.9978862183 -0.0141764417 0.9060616301 0.0635276199 -0.4183498105 0.4183661059 0.0136871057 0.9081753490
-0.0514883303 -0.9985728233 -0.0141869108 0.9073700292 -0.0408422506 -0.4183438068 0.4171673309 -0.0344126017 0.9081779511
-0.1657168312 -0.9860711771 -0.0141973768 0.8966956538 -0.1446733930 -0.4183377987 0.4104568630 -0.0820563405 0.9081805551
-0.2777566593 -0.9605463943 -0.0142078399 0.8741793968 -0.2465946041 -0.4183317862 0.3983235122 -0.1286146403 0.9081831610
-0.3861280940 -0.9223355870 -0.0142182999 0.8401185366 -0.3452598952 -0.4183257692 0.3809277352 -0.1734723893 0.9081857688
-0.4893998641 -0.8719434130 -0.0142287569 0.7949628119 -0.4393662667 -0.4183197478 0.3584995129 -0.2160369603 0.9081883786
-0.5862080506 -0.8100354105 -0.0142392108 0.7393084834 -0.5276709167 -0.4183137220 0.3313353101 -0.2557460409 0.9081909903
-0.6752741000 -0.7374292081 -0.0142496617 0.6738904610 -0.6090076532 -0.4183076917 0.2997941568 -0.2920750611 0.9081936039
-0.7554217105 -0.6550837264 -0.0142601096 0.5995725985 -0.6823022958 -0.4183016570 0.2642929027 -0.3245441241 0.9081962195
-0.8255923672 -0.5640865133 -0.0142705544 0.5173362873 -0.7465868616 -0.4182956178 0.2253007082 -0.3527243449 0.9081988369
-0.8848593223 -0.4656393808 -0.0142809961 0.4282674959 -0.8010123495 -0.4182895742 0.1833328441 -0.3762435156 0.9082014563
-0.9324398345 -0.3610425320 -0.0142914349 0.3335424299 -0.8448599524 -0.4182835262 0.1389438824 -0.3947910219 0.9082040776
-0.9677055068 -0.2516773900 -0.0143018705 0.2344119992 -0.8775505510 -0.4182774738 0.0927203685 -0.4081219448 0.9082067008
-0.9901905856 -0.1389883524 -0.0143123032 0.1321852989 -0.8986523624 -0.4182714169 0.0452730700 -0.4160602954 0.9082093260
-0.9995981122 -0.0244637156 -0.0143227327 0.0282123217 -0.9078866434 -0.4182653556 -0.0027710930 -0.4185013374 0.9082119530
-0.9958038443 0.0903839816 -0.0143331592 -0.0761338698 -0.9051313718 -0.4182592899 -0.0507773320 -0.4154129700 0.9082145820
-0.9788578973 0.2040379341 -0.0143435827 -0.1794752759 -0.8904228599 -0.4182532198 -0.0981113768 -0.4068361488 0.9082172129
-0.9489840818 0.3149971032 -0.0143540031 -0.2804471574 -0.8639552751 -0.4182471452 -0.1441478558 -0.3928843437 0.9082198457
-0.9065769484 0.4217960409 -0.0143644204 -0.3777160588 -0.8260780771 -0.4182410662 -0.1882785587 -0.3737420372 0.9082224804
-0.8521965759 0.5230242444 -0.0143748347 -0.4699974180 -0.7772914036 -0.4182349828 -0.2299204713 -0.3496622851 0.9082251171
-0.7865611750 0.6173447843 -0.0143852459 -0.5560725309 -0.7182394669 -0.4182288950 -0.2685234783 -0.3209633710 0.9082277556
