1988
46941
-0.7571814898 0.6531915107 -0.0041281720 -0.6047911468 -0.7034353575 -0.3733716198 -0.2467870745 -0.2802133975 0.9276726749
-0.6772392271 0.7357513766 -0.0041159722 -0.6815077794 -0.6293981861 -0.3733698836 -0.2772979912 -0.2500556643 0.9276734279
-0.5883525751 0.8085940925 -0.0041037715 -0.7492229941 -0.5470476467 -0.3733681526 -0.3041482410 -0.2165974741 0.9276741786
-0.4916954699 0.8707576149 -0.0040915699 -0.8070423767 -0.4574714348 -0.3733664267 -0.3269834356 -0.1802805103 0.9276749271
-0.3885444729 0.9214209415 -0.0040793675 -0.8542022184 -0.3618526859 -0.3733647061 -0.3455021891 -0.1415841881 0.9276756734
-0.2802619113 0.9599149542 -0.0040671642 -0.8900796035 -0.2614543490 -0.3733629906 -0.3594600958 -0.1010193254 0.9276764174
-0.1682778856 0.9857312567 -0.0040549601 -0.9142006370 -0.1576025050 -0.3733612803 -0.3686729559 -0.0591213997 0.9276771592
-0.0540713823 0.9985288888 -0.0040427551 -0.9262467044 -0.0516688516 -0.3733595752 -0.3730192062 -0.0164434797 0.9276778987
0.0608492598 0.9981388292 -0.0040305492 -0.9260586799 0.0549474144 -0.3733578752 -0.3724415242 0.0264510754 0.9276786360
0.1749662696 0.9845662281 -0.0040183425 -0.9136390290 0.1608380778 -0.3733561805 -0.3669475839 0.0689960526 0.9276793710
0.2867724897 0.9579903392 -0.0040061349 -0.8891517755 0.2646045054 -0.3733544909 -0.3566099540 0.1106298589 0.9276801038
0.3947912815 0.9187621524 -0.0039939265 -0.8529203359 0.3648761194 -0.3733528065 -0.3415651397 0.1508029340 0.9276808344
0.4975960272 0.8673997577 -0.0039817172 -0.8054232475 0.4603285003 -0.3733511273 -0.3220117794 0.1889850053 0.9276815627
0.5938289715 0.8045815034 -0.0039695071 -0.7472878480 0.5497008805 -0.3733494532 -0.2982080228 0.2246720862 0.9276822887
0.6822191533 0.7311370369 -0.0039572961 -0.6792819898 0.6318127969 -0.3733477844 -0.2704681224 0.2573931293 0.9276830125
0.7615991920 0.6480363470 -0.0039450843 -0.6023038980 0.7055796827 -0.3733461207 -0.2391582849 0.2867162435 0.9276837341
0.8309207048 0.5563769539 -0.0039328717 -0.5173703068 0.7700271931 -0.3733444622 -0.2046918365 0.3122543947 0.9276844534
0.8892681530 0.4573694136 -0.0039206582 -0.4256030304 0.8243040747 -0.3733428089 -0.1675237670 0.3336705141 0.9276851705
0.9358709337 0.3523213299 -0.0039084439 -0.3282141456 0.8676934092 -0.3733411607 -0.1281447232 0.3506819473 0.9276858853
0.9701135570 0.2426200854 -0.0038962288 -0.2264899827 0.8996220830 -0.3733395178 -0.0870745322 0.3630641844 0.9276865979
0.9915437754 0.1297145173 -0.0038840128 -0.1217741356 0.9196683572 -0.3733378800 -0.0448553392 0.3706538233 0.9276873082
0.9998785559 0.0150957829 -0.0038717960 -0.0154497147 0.9275674383 -0.3733362474 -0.0020444510 0.3733507261 0.9276880163
0.9950078189 -0.0997223342 -0.0038595784 0.0910789206 0.9232149759 -0.3733346200 0.0407930204 0.3711193397 0.9276887221
0.9769958916 -0.2132234172 -0.0038473600 0.1964047121 0.9066684410 -0.3733329978 0.0830916174 0.3639891654 0.9276894257
0.9460806584 -0.3239084431 -0.0038351408 0.2991364867 0.8781463673 -0.3733313808 0.1242930012 0.3520543680 0.9276901271
0.9026704194 -0.4303155810 -0.0038229207 0.3979173320 0.8380254653 -0.3733297689 0.1638533213 0.3354725327 0.9276908262
0.8473384977 -0.5310394984 -0.0038106998 0.4914425185 0.7868356463 -0.3733281622 0.2012503945 0.3144625842 0.9276915230
0.7808156677 -0.6247499217 -0.0037984782 0.5784767334 0.7252530234 -0.3733265608 0.2359905974 0.2893018966 0.9276922176
0.7039805035 -0.7102092051 -0.0037862557 0.6578703961 0.6540909821 -0.3733249645 0.2676153819 0.2603226309 0.9276929099
0.6178477756 -0.7862886766 -0.0037740324 0.7285748433 0.5742894362 -0.3733233734 0.2957073281 0.2279073507 0.9276936001
0.5235550485 -0.8519835444 -0.0037618083 0.7896561797 0.4869024141 -0.3733217874 0.3198956532 0.1924839714 0.9276942879
0.4223476572 -0.9064261675 -0.0037495834 0.8403076134 0.3930841363 -0.3733202067 0.3398611060 0.1545201112 0.9276949735
0.3155622595 -0.9488975143 -0.0037373577 0.8798601121 0.2940737709 -0.3733186312 0.3553401800 0.1145169188 0.9276956569
0.2046091825 -0.9788366594 -0.0037251313 0.9077912407 0.1911790664 -0.3733170608 0.3661285918 0.0730024571 0.9276963380
0.0909537969 -0.9958481918 -0.0037129040 0.9237320614 0.0857590782 -0.3733154956 0.3720839765 0.0305247333 0.9276970168
-0.0239028369 -0.9997074369 -0.0037006760 0.9274720072 -0.0207937817 -0.3733139356 0.3731277667 -0.0123555355 0.9276976935
-0.1384437935 -0.9903634239 -0.0036884471 0.9189616633 -0.1270721361 -0.3733123809 0.3692462288 -0.0550723237 0.9276983678
-0.2511563164 -0.9679395591 -0.0036762175 0.8983134199 -0.2316722316 -0.3733108312 0.3604906439 -0.0970617688 0.9276990399
-0.3605517973 -0.9327319962 -0.0036639871 0.8657999883 -0.3332124798 -0.3733092868 0.3469766301 -0.1377696143 0.9276997098
-0.4651854362 -0.8852057244 -0.0036517559 0.8218507985 -0.4303517057 -0.3733077476 0.3288826158 -0.1766585259 0.9277003774
-0.5636753236 -0.8259884281 -0.0036395240 0.7670463279 -0.5218068626 -0.3733062136 0.3064474840 -0.2132151842 0.9277010428
-0.6547206908 -0.7558621963 -0.0036272913 0.7021104341 -0.6063699784 -0.3733046847 0.2799674183 -0.2469570601 0.9277017059
-0.7371190899 -0.6757531936 -0.0036150578 0.6279007943 -0.6829241118 -0.3733031611 0.2497919932 -0.2774387840 0.9277023668
-0.8097822742 -0.5867194287 -0.0036028235 0.5453975770 -0.7504581045 -0.3733016426 0.2163195584 -0.3042580243 0.9277030254
-0.8717505713 -0.4899367806 -0.0035905885 0.4556904960 -0.8080799375 -0.3733001293 0.1799919811 -0.3270607981 0.9277036817
-0.9222055575 -0.3866834690 -0.0035783527 0.3599644168 -0.8550285130 -0.3732986212 0.1412888122 -0.3455461427 0.9277043359
-0.9604808663 -0.2783231724 -0.0035661162 0.2594837073 -0.8906837077 -0.3732971183 0.1007209566 -0.3594700887 0.9277049877
-0.9860709901 -0.1662870180 -0.0035538789 0.1555755375 -0.9145745632 -0.3732956206 0.0588239284 -0.3686488789 0.9277056373
-0.9986379559 -0.0520546809 -0.0035416408 0.0496123499 -0.9263855076 -0.3732941281 0.0161507820 -0.3729613942 0.9277062847
-0.9980157890 0.0628651587 -0.0035294020 -0.0570062679 -0.9259605228 -0.3732926408 -0.0267351880 -0.3723507514 0.9277069298
-0.9842127054 0.1769547405 -0.0035171625 -0.1628720694 -0.9133052063 -0.3732911587 -0.0692678829 -0.3668250537 0.9277075727
-0.9574110028 0.2887072691 -0.0035049222 -0.2665867498 -0.8885866971 -0.3732896818 -0.1108858718 -0.3564572828 0.9277082133
-0.9179646536 0.3966468152 -0.0034926811 -0.3667804148 -0.8521314685 -0.3732882100 -0.1510398031 -0.3413843354 0.9277088516
-0.8663946293 0.4993478074 -0.0034804393 -0.4621296751 -0.8044210157 -0.3732867435 -0.1891996555 -0.3218052155 0.9277094878
-0.8033820207 0.5954538608 -0.0034681968 -0.5513751259 -0.7460854969 -0.3732852822 -0.2248617338 -0.2979784068 0.9277101216
-0.7297590420 0.6836956903 -0.0034559536 -0.6333379814 -0.6778954098 -0.3732838260 -0.2575553182 -0.2702184606 0.9277107532
-0.6464980400 0.7629078746 -0.0034437096 -0.7069356450 -0.6007514147 -0.3732823750 -0.2868488768 -0.2388918428 0.9277113826
-0.5546986521 0.8320442479 -0.0034314649 -0.7711960084 -0.5156724391 -0.3732809293 -0.3123557619 -0.2044120963 0.9277120097
-0.4555732834 0.8901917166 -0.0034192194 -0.8252702916 -0.4237822189 -0.3732794887 -0.3337393132 -0.1672343821 0.9277126345
-0.3504310943 0.9365823192 -0.0034069732 -0.8684442542 -0.3262944563 -0.3732780533 -0.3507173014 -0.1278494704 0.9277132571
-0.2406607099 0.9706033683 -0.0033947264 -0.9001476292 -0.2244967889 -0.3732766232 -0.3630656529 -0.0867772622 0.9277138775
-0.1277118809 0.9918055426 -0.0033824787 -0.9199616556 -0.1197337822 -0.3732751982 -0.3706214075 -0.0445599269 0.9277144955
-0.0130763360 0.9999088213 -0.0033702304 -0.9276246097 -0.0133891705 -0.3732737784 -0.3732848684 -0.0017547447 0.9277151114
0.1017319192 0.9948061824 -0.0033579814 -0.9230352619 0.0931324198 -0.3732723638 -0.3710209183 0.0410732492 0.9277157250
0.2151965979 0.9765650159 -0.0033457316 -0.9062542147 0.1984240232 -0.3732709544 -0.3638594820 0.0833587229 0.9277163363
0.3258191581 0.9454262341 -0.0033334812 -0.8775031014 0.3010949183 -0.3732695503 -0.3518951310 0.1245435106 0.9277169454
0.4321385938 0.9018010896 -0.0033212300 -0.8371616601 0.3997889971 -0.3732681513 -0.3352858343 0.1640839804 0.9277175522
0.5327507308 0.8462657440 -0.0033089781 -0.7857627170 0.4932026768 -0.3732667575 -0.3142508734 0.2014582095 0.9277181568
0.6263267719 0.7795536585 -0.0032967255 -0.7239851498 0.5801021179 -0.3732653689 -0.2890679464 0.2361728739 0.9277187591
0.7116308461 0.7025459068 -0.0032844723 -0.6526449208 0.6593395214 -0.3732639855 -0.2600695028 0.2677697599 0.9277193592
0.7875363313 0.6162595390 -0.0032722183 -0.5726842993 0.7298682890 -0.3732626073 -0.2276383539 0.2958318124 0.9277199570
0.8530407338 0.5218341490 -0.0032599636 -0.4851594164 0.7907568474 -0.3732612343 -0.1922026200 0.3199886393 0.9277205525
0.9072789280 0.4205168239 -0.0032477083 -0.3912263152 0.8412009524 -0.3732598665 -0.1542300782 0.3399214005 0.9277211459
0.9495345825 0.3136456734 -0.0032354522 -0.2921256819 0.8805343124 -0.3732585039 -0.1142219881 0.3553670164 0.9277217369
0.9792496208 0.2026321575 -0.0032231955 -0.1891664580 0.9082373884 -0.3732571465 -0.0727064742 0.3661216396 0.9277223257
0.9960315915 0.0889424450 -0.0032109381 -0.0837085523 0.9239442571 -0.3732557943 -0.0302315552 0.3720433458 0.9277229122
0.9996588523 -0.0259219502 -0.0031986800 0.0228551218 0.9274474438 -0.3732544473 0.0126420908 0.3730540062 0.9277234965
0.9900834963 -0.1404440000 -0.0031864212 0.1291170440 0.9187006630 -0.3732531055 0.0553485265 0.3691403184 0.9277240786
0.9674319853 -0.2531111977 -0.0031741618 0.2336736776 0.8978194303 -0.3732517689 0.0973240264 0.3603539818 0.9277246583
0.9320034798 -0.3624355336 -0.0031619017 0.3351440086 0.8650795364 -0.3732504375 0.1380145179 0.3468110142 0.9277252359
0.8842658872 -0.4669731475 -0.0031496409 0.4321877859 0.8209134051 -0.3732491113 0.1768828948 0.3286902203 0.9277258111
0.8248496829 -0.5653433978 -0.0031373794 0.5235232240 0.7659043811 -0.3732477904 0.2134161067 0.3062308305 0.9277263841
0.7545395831 -0.6562470962 -0.0031251173 0.6079439332 0.7007790260 -0.3732464746 0.2471319318 0.2797293432 0.9277269549
0.6742641810 -0.7384836656 -0.0031128545 0.6843348541 0.6263975215 -0.3732451640 0.2775853412 0.2495356099 0.9277275234
0.5850836830 -0.8109669970 -0.0031005911 0.7516869857 0.5437423080 -0.3732438586 0.3043743737 0.2160482175 0.9277280897
0.4881759063 -0.8727397933 -0.0030883270 0.8091107126 0.4539051084 -0.3732425584 0.3271454407 0.1797092258 0.9277286537
0.3848207231 -0.9229862128 -0.0030760623 0.8558475553 0.3580725084 -0.3732412635 0.3455979935 0.1409983325 0.9277292154
0.2763831575 -0.9610426439 -0.0030637969 0.8912801891 0.2575102842 -0.3732399737 0.3594884903 0.1004265410 0.9277297749
0.1642953575 -0.9864064698 -0.0030515308 0.9149405975 0.1535466834 -0.3732386891 0.3686336102 0.0585294144 0.9277303321
0.0500376801 -0.9987427063 -0.0030392641 0.9265162541 0.0475548815 -0.3732374098 0.3729126726 0.0158600065 0.9277308871
-0.0648808596 -0.9978884263 -0.0030269968 0.9258542512 -0.0590651555 -0.3732361356 0.3722692300 -0.0270184391 0.9277314398
-0.1789425184 -0.9838549113 -0.0030147288 0.9129633190 -0.1649051620 -0.3732348667 0.3667118123 -0.0695399238 0.9277319902
-0.2906408698 -0.9568275028 -0.0030024602 0.8880137109 -0.2685671739 -0.3732336029 0.3563138140 -0.1111431648 0.9277325384
-0.3985006999 -0.9171631539 -0.0029901909 0.8513349548 -0.3686819929 -0.3732323444 0.3412125246 -0.1512790045 0.9277330844
-0.5010974903 -0.8653857158 -0.0029779210 0.8034115007 -0.4639272715 -0.3732310911 0.3216073161 -0.1894176590 0.9277336281
-0.5970762322 -0.8021790186 -0.0029656505 0.7448763222 -0.5530449791 -0.3732298430 0.2977570110 -0.2250557112 0.9277341695
-0.6851693220 -0.7283778400 -0.0029533794 0.6765025563 -0.6348580184 -0.3732286000 0.2699764649 -0.2577227555 0.9277347087
-0.7642133028 -0.6449568805 -0.0029411076 0.5991932913 -0.7082857726 -0.3732273623 0.2386324106 -0.2869876072 0.9277352456
-0.8331642305 -0.5530178902 -0.0029288352 0.5139696394 -0.7723583791 -0.3732261298 0.2041386165 -0.3124639936 0.9277357802
-0.8911114609 -0.4537751182 -0.0029165622 0.4219572490 -0.8262295396 -0.3732249025 0.1669504244 -0.3338156527 0.9277363126
-0.9372896770 -0.3485392753 -0.0029042886 0.3243714373 -0.8691876984 -0.3732236804 0.1275587392 -0.3507607712 0.9277368428
-0.9710889966 -0.2387002239 -0.0028920143 0.2225011382 -0.9006654408 -0.3732224636 0.0864835483 -0.3630757041 0.9277373707
-0.9920630270 -0.1257086215 -0.0028797395 0.1176918775 -0.9202469881 -0.3732212519 0.0442670575 -0.3705979268 0.9277378963
-0.9999347607 -0.0110567618 -0.0028674640 0.0113280011 -0.9276736894 -0.3732200454 0.0014665343 -0.3732281794 0.9277384197
-0.9946002338 0.1037411339 -0.0028551879 -0.0951856098 -0.9228474381 -0.3732188442 -0.0413530489 -0.3709317768 0.9277389408
-0.9761298991 0.2171689158 -0.0028429112 -0.2004420947 -0.9058319677 -0.3732176481 -0.0836264719 -0.3637390661 0.9277394597
-0.9447676956 0.3277285292 -0.0028306340 -0.3030511964 -0.8768520105 -0.3732164573 -0.1247957277 -0.3517450253 0.9277399763
-0.9009278270 0.4339597993 -0.0028183561 -0.4016576234 -0.8362903291 -0.3732152716 -0.1643173883 -0.3351080095 0.9277404906
-0.8451892909 0.5344597164 -0.0028060776 -0.4949589511 -0.7846826612 -0.3732140912 -0.2016697778 -0.3140476599 0.9277410027
-0.7782882322 0.6279009654 -0.0027937985 -0.5817228250 -0.7227106435 -0.3732129160 -0.2363598582 -0.2888420043 0.9277415125
-0.7011082206 0.7130494557 -0.0027815189 -0.6608032376 -0.6511928085 -0.3732117460 -0.2679297374 -0.2598237865 0.9277420201
-0.6146685813 0.7887806200 -0.0027692386 -0.7311556658 -0.5710737732 -0.3732105812 -0.2959627132 -0.2273760740 0.9277425254
-0.5201109327 0.8540942670 -0.0027569578 -0.7918508666 -0.4834117630 -0.3732094216 -0.3200887732 -0.1919272010 0.9277430284
-0.4186841086 0.9081277905 -0.0027446764 -0.8420871518 -0.3893646337 -0.3732082673 -0.3399894791 -0.1539451140 0.9277435292
-0.3117276653 0.9501675624 -0.0027323944 -0.8812009765 -0.2901745786 -0.3732071181 -0.3554021691 -0.1139311950 0.9277440277
-0.2006541891 0.9796583575 -0.0027201118 -0.9086757033 -0.1871517218 -0.3732059742 -0.3661234253 -0.0724136426 0.9277445240
-0.0869306410 0.9962106862 -0.0027078286 -0.9241484273 -0.0816568132 -0.3732048354 -0.3720117579 -0.0299405000 0.9277450180
0.0279410183 0.9996059391 -0.0026955449 -0.9274147684 0.0249167444 -0.3732037019 -0.3729894727 0.0129275796 0.9277455098
0.1424436648 0.9897992738 -0.0026832606 -0.9184315720 0.1311612998 -0.3732025736 -0.3690436964 0.0556247336 0.9277459993
0.2550650480 0.9669202073 -0.0026709758 -0.8973174785 0.2356735457 -0.3732014505 -0.3602265455 0.0975873591 0.9277464865
0.3643177631 0.9312709052 -0.0026586903 -0.8643513566 0.3370730546 -0.3732003326 -0.3466544387 0.1382615530 0.9277469715
0.4687588959 0.8833221915 -0.0026464044 -0.8199686202 0.4340205111 -0.3731992200 -0.3285065591 0.1771104228 0.9277474542
0.5670090792 0.8237073300 -0.0026341178 -0.7647554775 0.5252354029 -0.3731981125 -0.3060224889 0.2136211742 0.9277479347
0.6577707103 0.7532136607 -0.0026218307 -0.6994411881 0.6095129334 -0.3731970102 -0.2794990465 0.2473118789 0.9277484129
0.7398450887 0.6727722014 -0.0026095430 -0.6248884311 0.6857399354 -0.3731959132 -0.2492863682 0.2777378368 0.9277488888
0.8121482474 0.5834453518 -0.0025972548 -0.5420819107 0.7529095745 -0.3731948214 -0.2157832858 0.3044974450 0.9277493625
0.8737252689 0.4864128621 -0.0025849661 -0.4521153498 0.8101346473 -0.3731937348 -0.1794320621 0.3272374991 0.9277498339
0.9237628974 0.3829562516 -0.0025726768 -0.3561770444 0.8566593001 -0.3731926534 -0.1407125522 0.3456578552 0.9277503030
0.9616002790 0.2744418844 -0.0025603869 -0.2555341680 0.8918690126 -0.3731915772 -0.1001358699 0.3595153911 0.9277507699
0.9867376898 0.1623029226 -0.0025480965 -0.1515160345 0.9152987148 -0.3731905063 -0.0582376404 0.3686272155 0.9277512346
0.9988431363 0.0480203990 -0.0025358056 -0.0454965403 0.9266389298 -0.3731894405 -0.0155709297 0.3728730816 0.9277516969
0.9977567395 -0.0668963429 -0.0025235141 0.0611239821 0.9257398619 -0.3731883800 0.0273010555 0.3721969740 0.9277521571
0.9834928467 -0.1809295839 -0.0025112221 0.1669372608 0.9126133747 -0.3731873247 0.0698124022 0.3666078477 0.9277526149
0.9562398420 -0.2925732726 -0.0024989296 0.2705456845 0.8874328353 -0.3731862746 0.1114019618 0.3561795096 0.9277530705
0.9163576586 -0.4003529170 -0.0024866365 0.3705807630 0.8505308239 -0.3731852297 0.1515207563 0.3410496436 0.9277535238
0.8643730244 -0.5028450579 -0.0024743429 0.4657212029 0.8023947417 -0.3731841900 0.1896392254 0.3214179930 0.9277539749
0.8009725063 -0.5986960685 -0.0024620488 0.5547103588 0.7436603729 -0.3731831556 0.2252542162 0.2975437234 0.9277544237
0.7269934420 -0.6866400324 -0.0024497542 0.6363728325 0.6751034873 -0.3731821263 0.2578956249 0.2697420015 0.9277548703
0.6434128814 -0.7655154622 -0.0024374591 0.7096299973 0.5976295941 -0.3731811023 0.2871326017 0.2383798342 0.9277553146
0.5513346827 -0.8342806400 -0.0024251634 0.7735142453 0.5122619814 -0.3731800835 0.3125792379 0.2038712245 0.9277557566
0.4519749336 -0.8920273749 -0.0024128672 0.8271817676 0.4201282008 -0.3731790699 0.3338996597 0.1666717055 0.9277561963
0.3466458900 -0.9379929979 -0.0024005706 0.8699237001 0.3224451741 -0.3731780615 0.3508124611 0.1272723281 0.9277566338
0.2367386453 -0.9715704349 -0.0023882734 0.9011754862 0.2205031204 -0.3731770584 0.3630944186 0.0861931778 0.9277570691
0.1237047577 -0.9923162236 -0.0023759757 0.9205243338 0.1156485143 -0.3731760605 0.3705834371 0.0439765107 0.9277575021
0.0090370796 -0.9999563712 -0.0023636775 0.9277146676 0.0092663010 -0.3731750677 0.3731806891 0.0011795945 0.9277579328
-0.1057499591 -0.9943899724 -0.0023513788 0.9226515053 -0.0972383954 -0.3731740802 0.3708519190 -0.0416326469 0.9277583612
-0.2191403518 -0.9756905426 -0.0023390796 0.9054017120 -0.2024588324 -0.3731730980 0.3636278951 -0.0838950906 0.9277587874
-0.3296365374 -0.9441050468 -0.0023267799 0.8761931172 -0.3050052288 -0.3731721209 0.3516040026 -0.1250498743 0.9277592114
-0.4357791790 -0.9000506376 -0.0023144797 0.8354115056 -0.4035231217 -0.3731711491 0.3349389846 -0.1645537600 0.9277596330
-0.5361664375 -0.8441091465 -0.0023021791 0.7835955222 -0.4967112568 -0.3731701824 0.3138528459 -0.2018853045 0.9277600524
-0.6294724857 -0.7770193989 -0.0022898779 0.7214295570 -0.5833387753 -0.3731692210 0.2886239492 -0.2365517428 0.9277604696
-0.7144650185 -0.6996674567 -0.0022775763 0.6497347064 -0.6622614721 -0.3731682649 0.2595853397 -0.2680954916 0.9277608845
-0.7900215288 -0.6130749159 -0.0022652742 0.5694579274 -0.7324369084 -0.3731673139 0.2271203492 -0.2961001902 0.9277612971
-0.8551441318 -0.5183854145 -0.0022529716 0.4816595302 -0.7929381808 -0.3731663681 0.1916575352 -0.3201961951 0.9277617074
-0.9089727446 -0.4168495279 -0.0022406685 0.3874991739 -0.8429661641 -0.3731654276 0.1536650246 -0.3400654601 0.9277621155
-0.9507964456 -0.3098082527 -0.0022283650 0.2882205485 -0.8818600666 -0.3731644923 0.1136443332 -0.3554457335 0.9277625214
-0.9800628632 -0.1986752959 -0.0022160610 0.1851349489 -0.9091061580 -0.3731635622 0.0721237465 -0.3661340196 0.9277629249
-0.9963854717 -0.0849184039 -0.0022037565 0.0796039546 -0.9243445551 -0.3731626374 0.0296513452 -0.3719892582 0.9277633262
-0.9995486955 0.0299600221 -0.0021914516 -0.0269785545 -0.9273739753 -0.3731617177 -0.0132122285 -0.3729341860 0.9277637253
-0.9895107568 0.1444427686 -0.0021791462 -0.1332048086 -0.9181543954 -0.3731608033 -0.0559011722 -0.3689563562 0.9277641221
-0.9664042274 0.2570178479 -0.0021668403 -0.2376717422 -0.8968075805 -0.3731598941 -0.0978519917 -0.3601083024 0.9277645166
-0.9305342771 0.3661984668 -0.0021545340 -0.3389995264 -0.8636154753 -0.3731589901 -0.1385109389 -0.3465068451 0.9277649088
-0.8823746442 0.4705426634 -0.0021422272 -0.4358497939 -0.8190164809 -0.3731580914 -0.1773413216 -0.3283315488 0.9277652988
-0.8225613783 0.5686723506 -0.0021299200 -0.5269433166 -0.7635996639 -0.3731571978 -0.2138305870 -0.3058223519 0.9277656866
-0.7518844399 0.6592915173 -0.0021176123 -0.6110769021 -0.6980969763 -0.3731563095 -0.2474970882 -0.2792763988 0.9277660720
-0.6712772675 0.7412033445 -0.0021053042 -0.6871392859 -0.6233735875 -0.3731554264 -0.2778964411 -0.2490441178 0.9277664552
-0.5818044494 0.8133260122 -0.0020929956 -0.7541258090 -0.5404164570 -0.3731545486 -0.3046273902 -0.2155245947 0.9277668361
-0.4846476637 0.8747069868 -0.0020806866 -0.8111516885 -0.4503212990 -0.3731536759 -0.3273371050 -0.1791603048 0.9277672148
-0.3810900716 0.9245356019 -0.0020683772 -0.8574637035 -0.3542781092 -0.3731528085 -0.3457258371 -0.1404312722 0.9277675912
-0.2724993708 0.9621537639 -0.0020560673 -0.8924501442 -0.2535554476 -0.3731519463 -0.3595508767 -0.0998487331 0.9277679654
-0.1603097318 0.9870646448 -0.0020437570 -0.9156488918 -0.1494836829 -0.3731510893 -0.3686297557 -0.0579483873 0.9277683372
-0.0460028567 0.9989392426 -0.0020314462 -0.9267535221 -0.0434374207 -0.3731502376 -0.3728426565 -0.0152833270 0.9277687069
0.0689115895 0.9976207275 -0.0020191350 -0.9256173531 0.0631826528 -0.3731493910 -0.3721339926 0.0275832641 0.9277690742
0.1829159176 0.9831265126 -0.0020068234 -0.9122553827 0.1689682712 -0.3731485497 -0.3665131429 0.0700855449 0.9277694393
0.2945044583 0.9556480241 -0.0019945114 -0.8868440903 0.2725221886 -0.3731477136 -0.3560543266 0.1116624859 0.9277698021
0.4022034479 0.9155481732 -0.0019821990 -0.8497191065 0.3724766353 -0.3731468828 -0.3408956241 0.1517652752 0.9277701627
0.5045904923 0.8633565628 -0.0019698861 -0.8013707796 0.4675113833 -0.3731460572 -0.3212371532 0.1898645619 0.9277705210
0.6003133530 0.7997624936 -0.0019575728 -0.7424376994 0.5563711844 -0.3731452367 -0.2973384279 0.2254574441 0.9277708770
0.6881078059 0.7256058595 -0.0019452591 -0.6736982624 0.6378823496 -0.3731444216 -0.2695149323 0.2580741069 0.9277712308
0.7668143386 0.6418660560 -0.0019329450 -0.5960603906 0.7109682524 -0.3731436116 -0.2381339557 0.2872840237 0.9277715823
0.8353934637 0.5496490444 -0.0019206305 -0.5105495399 0.7746635482 -0.3731428069 -0.2036097448 0.3127016389 0.9277719315
0.8929394476 0.4501727459 -0.0019083156 -0.4182951553 0.8281269259 -0.3731420073 -0.1663980345 0.3339914571 0.9277722785
0.9386922731 0.3447509558 -0.0018960003 -0.3205157529 0.8706522195 -0.3731412131 -0.1269900330 0.3508724715 0.9277726232
0.9720476764 0.2347759925 -0.0018836846 -0.2185028259 0.9016777357 -0.3731404240 -0.0859059369 0.3631218725 0.9277729656
0.9925651278 0.1217003085 -0.0018713685 -0.1136037855 0.9207936733 -0.3731396402 -0.0436880650 0.3705779892 0.9277733058
0.9999736503 0.0070173084 -0.0018590520 -0.0072041650 0.9277475357 -0.3731388616 -0.0008936996 0.3731424224 0.9277736437
0.9941753981 -0.1077583754 -0.0018467351 0.0992906818 0.9224474661 -0.3731380882 0.0419122703 0.3707813438 0.9277739793
0.9752469486 -0.2211108864 -0.0018344178 0.2044741422 0.9049634609 -0.3731373200 0.0841648047 0.3635259418 0.9277743127
0.9434382918 -0.3315431638 -0.0018221002 0.3069569235 0.8755264456 -0.3731365571 0.1253061715 0.3514720098 0.9277746438
0.8991695279 -0.4375967147 -0.0018097821 0.4053854036 0.8345252242 -0.3731357994 0.1647933088 0.3347786813 0.9277749727
0.8430253193 -0.5378708768 -0.0017974637 0.4984595098 0.7825013443 -0.3731350469 0.2021049926 0.3136663292 0.9277752992
0.7757471691 -0.6310413164 -0.0017851449 0.5849498906 0.7201419443 -0.3731342997 0.2367487174 0.2884136563 0.9277756236
0.6982236274 -0.7158775197 -0.0017728257 0.6637141533 0.6482706772 -0.3731335576 0.2682671967 0.2593540166 0.9277759456
0.6114785569 -0.7912590442 -0.0017605062 0.7337119532 0.5678368320 -0.3731328208 0.2962443994 0.2268710144 0.9277762654
0.5166576101 -0.8561903163 -0.0017481862 0.7940187346 0.4799027954 -0.3731320893 0.3203110410 0.1913934409 0.9277765829
0.4150130985 -0.9098137803 -0.0017358659 0.8438379432 0.3856300190 -0.3731313629 0.3401494579 0.1533896135 0.9277768982
0.3078874534 -0.9514212240 -0.0017235453 0.8825115467 0.2862636794 -0.3731306418 0.3554978004 0.1133611945 0.9277772112
0.1966954962 -0.9804631321 -0.0017112243 0.9095287266 0.1831162307 -0.3731299259 0.3661534888 0.0718365683 0.9277775219
0.0829057526 -0.9965559442 -0.0016989029 0.9245326253 0.0775500702 -0.3731292153 0.3719758875 0.0293638673 0.9277778303
-0.0319789421 -0.9994871198 -0.0016865811 0.9273250600 -0.0290404572 -0.3731285098 0.3728881605 -0.0134962640 0.9277781365
-0.1464412919 -0.9892179461 -0.0016742591 0.9178691399 -0.1352474756 -0.3731278096 0.3688782862 -0.0561780692 0.9277784404
-0.2589695782 -0.9658840487 -0.0016619366 0.8962897538 -0.2396681737 -0.3731271147 0.3599992149 -0.0981181483 0.9277787421
-0.3680776261 -0.9297936007 -0.0016496138 0.8628719208 -0.3409233334 -0.3731264249 0.3463681703 -0.1387628942 0.9277790415
-0.4723244318 -0.8814232527 -0.0016372907 0.8180570256 -0.4376755473 -0.3731257404 0.3281651017 -0.1775758005 0.9277793386
-0.5703331949 -0.8214118372 -0.0016249672 0.7624369886 -0.5286468833 -0.3731250611 0.3056303081 -0.2140445433 0.9277796335
-0.6608095011 -0.7505519320 -0.0016126434 0.6967464480 -0.6126357637 -0.3731243870 0.2790612666 -0.2476877436 0.9277799260
-0.7425584184 -0.6697793922 -0.0016003192 0.6218530563 -0.6885328368 -0.3731237182 0.2488087049 -0.2780613215 0.9277802164
-0.8145002785 -0.5801609902 -0.0015879947 0.5387460204 -0.7553356285 -0.3731230546 0.2152719719 -0.3047643577 0.9277805044
-0.8756849359 -0.4828803271 -0.0015756699 0.4485230357 -0.8121617843 -0.3731223962 0.1788937659 -0.3274443859 0.9277807902
-0.9253043169 -0.3792222002 -0.0015633447 0.3523757879 -0.8582607232 -0.3731217431 0.1401542910 -0.3458020444 0.9277810737
-0.9627030917 -0.2705556349 -0.0015510192 0.2515742124 -0.8930235518 -0.3731210952 0.0995649181 -0.3595950283 0.9277813550
-0.9873873296 -0.1583158040 -0.0015386934 0.1474497212 -0.9159911068 -0.3731204525 0.0576614349 -0.3686412871 0.9277816340
-0.9990310223 -0.0439850724 -0.0015263673 0.0413776169 -0.9268600199 -0.3731198150 0.0149969732 -0.3728214277 0.9277819107
-0.9974803898 0.0709265798 -0.0015140408 -0.0652410725 -0.9254867249 -0.3731191828 -0.0278652922 -0.3720802903 0.9277821852
-0.9827559107 0.1849015002 -0.0015017141 -0.1709980987 -0.9118893538 -0.3731185558 -0.0703595778 -0.3664276759 0.9277824573
-0.9550520528 0.2964344080 -0.0014893870 -0.2744965938 -0.8862474978 -0.3731179341 -0.1119249594 -0.3559382172 0.9277827273
-0.9147347037 0.4040522741 -0.0014770596 -0.3743695204 -0.8488998348 -0.3731173175 -0.1520127763 -0.3407503928 0.9277829949
-0.8623363391 0.5063337760 -0.0014647319 -0.4692977278 -0.8003396568 -0.3731167062 -0.1900938737 -0.3210646992 0.9277832603
-0.7985489905 0.6019280691 -0.0014524038 -0.5580273760 -0.7412083536 -0.3731161001 -0.2256655876 -0.2971410040 0.9277835234
-0.7242151046 0.6895726274 -0.0014400755 -0.6393864965 -0.6722869420 -0.3731154993 -0.2582583791 -0.2692951155 0.9277837843
-0.6403164180 0.7681099182 -0.0014277469 -0.7123004720 -0.5944857495 -0.3731149037 -0.2874420333 -0.2378946138 0.9277840429
-0.5479609906 0.8365026894 -0.0014154180 -0.7758062306 -0.5088323907 -0.3731143133 -0.3128313371 -0.2033539986 0.9277842992
-0.4483685716 0.8938476690 -0.0014030887 -0.8290649662 -0.4164581944 -0.3731137282 -0.3340911640 -0.1661292176 0.9277845532
-0.3428544902 0.9393874942 -0.0013907592 -0.8713732178 -0.3185832606 -0.3731131482 -0.3509408980 -0.1267116479 0.9277848050
-0.2328122837 0.9725207147 -0.0013784294 -0.9021721609 -0.2165003452 -0.3731125736 -0.3631581371 -0.0856216097 0.9277850545
-0.1196952929 0.9928097354 -0.0013660993 -0.9210549892 -0.1115577848 -0.3731120041 -0.3705816291 -0.0434014980 0.9277853018
-0.0049974678 0.9999865962 -0.0013537690 -0.9277722870 -0.0051416877 -0.3731114399 -0.3731133994 -0.0006086231 0.9277855467
0.1097663633 0.9939565111 -0.0013414383 -0.9222353245 0.1013423740 -0.3731108809 -0.3707200449 0.0421921463 0.9277857894
0.2230805004 0.9747991197 -0.0013291074 -0.9045172295 0.2064879301 -0.3731103271 -0.3634331738 0.0844358390 0.9277860299
0.3334483895 0.9427674356 -0.0013167761 -0.8748520215 0.3089061889 -0.3731097786 -0.3513489889 0.1255648390 0.9277862681
0.4394123882 0.8982845048 -0.0013044446 -0.8336315209 0.4072443811 -0.3731092353 -0.3346270169 0.1650362463 0.9277865040
0.5395730168 0.8419378183 -0.0012921129 -0.7814001737 0.5002036271 -0.3731086973 -0.3134880030 0.2023290426 0.9277867376
0.6326074413 0.7744715536 -0.0012797808 -0.7188478606 0.5865560936 -0.3731081644 -0.2882109965 0.2369509690 0.9277869690
0.7172869444 0.6967767455 -0.0012674485 -0.6468007846 0.6651612108 -0.3731076368 -0.2591296673 0.2684450234 0.9277871981
0.7924931530 0.6098795186 -0.0012551160 -0.5662105588 0.7349807374 -0.3731071145 -0.2266279013 0.2963954935 0.9277874249
0.8572328092 0.5149275350 -0.0012427831 -0.4781416366 0.7950924741 -0.3731065973 -0.1911347329 0.3204334429 0.9277876495
0.9106508881 0.4131748371 -0.0012304500 -0.3837572531 0.8447024445 -0.3731060854 -0.1531186819 0.3402415822 0.9277878718
0.9520418901 0.3059652852 -0.0012181167 -0.2843040598 0.8831553820 -0.3731055788 -0.1130815685 0.3555584559 0.9277880918
0.9808591588 0.1947148087 -0.0012057831 -0.1810956592 0.9099433848 -0.3731050773 -0.0715518894 0.3661818944 0.9277883096
0.9967221005 0.0808927065 -0.0011934492 -0.0754952542 0.9247126246 -0.3731045811 -0.0290778418 0.3719716816 0.9277885251
0.9994212112 -0.0339977590 -0.0011811151 0.0311023575 0.9272680202 -0.3731040902 0.0137799133 0.3728514062 0.9277887383
0.9889208428 -0.1484392153 -0.0011687808 0.1372892062 0.9175758139 -0.3731036044 0.0564556513 0.3688094700 0.9277889492
0.9653596747 -0.2609202199 -0.0011564462 0.2416627470 0.8957640178 -0.3731031239 0.0983860521 0.3598992404 0.9277891579
0.9290488817 -0.3699552223 -0.0011441114 0.3428443853 0.8621207230 -0.3731026487 0.1390176354 0.3462383463 0.9277893643
0.8804680246 -0.4741041835 -0.0011317763 0.4394976851 0.8170902943 -0.3731021786 0.1778140672 0.3280071251 0.9277895685
0.8202587164 -0.5719915952 -0.0011194410 0.5303460217 0.7612675012 -0.3731017138 0.2142632385 0.3054462418 0.9277897704
0.7492161486 -0.6623246462 -0.0011071055 0.6141894434 0.6953896618 -0.3731012543 0.2478840259 0.2788535123 0.9277899700
0.6682785889 -0.7439102964 -0.0010947697 0.6899205206 0.6203269045 -0.3731007999 0.2782326418 0.2485799720 0.9277901673
0.5785149893 -0.8156710339 -0.0010824337 0.7565389736 0.5370706748 -0.3731003508 0.3049084923 0.2150252422 0.9277903624
0.4811108685 -0.8766591054 -0.0010700975 0.8131648842 0.4467206404 -0.3730999070 0.3275594653 0.1786322546 0.9277905552
0.3773526546 -0.9260690337 -0.0010577610 0.8590503183 0.3504701662 -0.3730994683 0.3458865778 0.1398814049 0.9277907457
0.2686106950 -0.9632482555 -0.0010454244 0.8935892045 0.2495905523 -0.3730990349 0.3596479226 0.0992842112 0.9277909340
0.1563211580 -0.9877057397 -0.0010330875 0.9163253395 0.1454142422 -0.3730986068 0.3686618610 0.0573765620 0.9277911200
0.0419670653 -0.9991184732 -0.0010207504 0.9269584139 0.0393172236 -0.3730981839 0.3728094209 0.0147116427 0.9277913037
-0.0729412945 -0.9973357262 -0.0010084131 0.9253479788 -0.0672991461 -0.3730977662 0.3720358662 -0.0281473670 0.9277914852
-0.1868863124 -0.9823810432 -0.0009960756 0.9115153007 -0.1730266492 -0.3730973537 0.3663514199 -0.0706347267 0.9277916644
-0.2983631026 -0.9544519324 -0.0009837378 0.8856430809 -0.2764688078 -0.3730969465 0.3558311287 -0.1121896031 0.9277918413
-0.4058993773 -0.9139172566 -0.0009713999 0.8480730426 -0.3762593293 -0.3730965445 0.3406138721 -0.1522634732 0.9277920159
-0.5080748915 -0.8613123620 -0.0009590618 0.7993014168 -0.4710801520 -0.3730961478 0.3209005293 -0.1903273642 0.9277921883
-0.6035402003 -0.7973320076 -0.0009467234 0.7399723886 -0.5596788551 -0.3730957562 0.2969513272 -0.2258788367 0.9277923584
-0.6910344816 -0.7228211896 -0.0009343849 0.6708695880 -0.6408852009 -0.3730953700 0.2690824057 -0.2584486160 0.9277925263
-0.7694021874 -0.6387639813 -0.0009220462 0.5929057405 -0.7136265916 -0.3730949889 0.2376616438 -0.2876067871 0.9277926919
-0.8376083054 -0.5462705365 -0.0009097073 0.5071106105 -0.7769422362 -0.3730946131 0.2031038045 -0.3129684689 0.9277928552
-0.8947520289 -0.4465624274 -0.0008973682 0.4146174009 -0.8299958416 -0.3730942425 0.1658650587 -0.3341988949 0.9277930162
-0.9400786533 -0.3409565110 -0.0008850289 0.3166477848 -0.8720866581 -0.3730938772 0.1264369647 -0.3510178321 0.9277931750
-0.9729895440 -0.2308475376 -0.0008726894 0.2144957696 -0.9026587353 -0.3730935171 0.0853399789 -0.3632032793 0.9277933315
-0.9930500427 -0.1176897299 -0.0008603498 0.1095106056 -0.9213082652 -0.3730931622 0.0431165861 -0.3705943981 0.9277934857
-0.9999952074 -0.0029775771 -0.0008480100 0.0030789642 -0.9277889163 -0.3730928126 0.0003241383 -0.3730936355 0.9277936377
-0.9937333124 0.1117739034 -0.0008356700 -0.1033933770 -0.9220150865 -0.3730924682 -0.0424725018 -0.3706680115 0.9277937873
-0.9743470589 0.2250491745 -0.0008233298 -0.2085001026 -0.9040630346 -0.3730921290 -0.0847084177 -0.3633495543 0.9277939348
-0.9420924833 0.3353521958 -0.0008109895 -0.3108529341 -0.8741698724 -0.3730917951 -0.1258260953 -0.3512348773 0.9277940799
-0.8973955755 0.4412261815 -0.0007986490 -0.4090999669 -0.8327304335 -0.3730914664 -0.1652827824 -0.3344839039 0.9277942228
-0.8408466529 0.5412728407 -0.0007863083 -0.5019435263 -0.7802920578 -0.3730911429 -0.2025576529 -0.3133177564 0.9277943634
-0.7731925638 0.6341708447 -0.0007739675 -0.5881573080 -0.7175473626 -0.3730908247 -0.2371586818 -0.2880158367 0.9277945017
-0.6953268239 0.7186932781 -0.0007616265 -0.6666025753 -0.6453250938 -0.3730905118 -0.2686291396 -0.2589121384 0.9277946378
-0.6082778154 0.7937238423 -0.0007492853 -0.7362431997 -0.5645791801 -0.3730902040 -0.2965536211 -0.2263908380 0.9277947716
-0.5131952053 0.8582715993 -0.0007369440 -0.7961593466 -0.4763761332 -0.3730899015 -0.3205635290 -0.1908812237 0.9277949032
-0.4113347611 0.9114840587 -0.0007246026 -0.8455596248 -0.3818809607 -0.3730896042 -0.3403419386 -0.1528520286 0.9277950324
-0.3040417662 0.9526584367 -0.0007122610 -0.8837915394 -0.2823417787 -0.3730893122 -0.3556277819 -0.1128052432 0.9277951594
-0.1927332523 0.9812509381 -0.0006999192 -0.9103501100 -0.1790733265 -0.3730890254 -0.3662192930 -0.0712694898 0.9277952841
-0.0788792847 0.9968839379 -0.0006875773 -0.9248845410 -0.0734396008 -0.3730887438 -0.3719766715 -0.0287930436 0.9277954066
0.0360164533 0.9993509690 -0.0006752353 -0.9272028548 0.0331641604 -0.3730884675 -0.3728239279 0.0140634034 0.9277955268
0.1504365195 0.9886194486 -0.0006628931 -0.9172744273 0.1393299058 -0.3730881964 -0.3687498862 0.0567341446 0.9277956447
0.2628697539 0.9648311092 -0.0006505508 -0.8952303932 0.2436553696 -0.3730879306 -0.3598083317 0.0986559253 0.9277957603
0.3718312369 0.9283001260 -0.0006382084 -0.8613619132 0.3447625923 -0.3730876699 -0.3461173007 0.1392753781 0.9277958737
0.4758819006 0.8795089681 -0.0006258658 -0.8161163286 0.4413161218 -0.3730874146 -0.3278575223 0.1780563272 0.9277959848
0.5736475350 0.8191020261 -0.0006135231 -0.7600912527 0.5320406519 -0.3730871644 -0.3052700331 0.2144868658 0.9277960936
0.6638369373 0.7478771017 -0.0006011803 -0.6940266777 0.6157378672 -0.3730869195 -0.2786529946 0.2480861131 0.9277962002
0.7452589646 0.6667748713 -0.0005888373 -0.6187952000 0.6913022709 -0.3730866798 -0.2483577583 0.2784105624 0.9277963045
0.8168382661 0.5768664617 -0.0005764943 -0.5353904955 0.7577357861 -0.3730864454 -0.2147842273 0.3050599347 0.9277964065
0.8776294850 0.4793393044 -0.0005641511 -0.4449141944 0.8141609392 -0.3730862162 -0.1783755776 0.3276824626 0.9277965062
0.9268297440 0.3754814525 -0.0005518078 -0.3485613306 0.8598324495 -0.3730859923 -0.1396124080 0.3459795336 0.9277966037
0.9637892490 0.2666645694 -0.0005394644 -0.2476045577 0.8941470732 -0.3730857735 -0.0990063966 0.3597096313 0.9277966989
0.9880198711 0.1543258129 -0.0005271209 -0.1433773391 0.9166515715 -0.3730855601 -0.0570935462 0.3686915241 0.9277967919
0.9992015933 0.0399488550 -0.0005147773 -0.0372563355 0.9270486965 -0.3730853518 -0.0144271090 0.3728066567 0.9277968825
0.9971867370 -0.0749557139 -0.0005024335 0.0693567787 0.9252011181 -0.3730851488 0.0284297157 0.3720007150 0.9277969709
0.9820019126 -0.1888703348 -0.0004900897 0.1750538286 0.9111332375 -0.3730849510 0.0709112166 0.3662843434 0.9277970571
0.9538476678 -0.3002905233 -0.0004777458 0.2784387391 0.8850308647 -0.3730847585 0.1124566371 0.3557330039 0.9277971409
0.9130958389 -0.4077447392 -0.0004654018 0.3781459738 0.8472387652 -0.3730845712 0.1525175776 0.3404859797 0.9277972225
0.8602846403 -0.5098138214 -0.0004530576 0.4728585721 0.7982561051 -0.3730843892 0.1905652342 0.3207445373 0.9277973018
0.7961115558 -0.6051497307 -0.0004407134 0.5613255437 0.7387298589 -0.3730842123 0.2260973788 0.2967692690 0.9277973789
0.7214241272 -0.6924933539 -0.0004283691 0.6423783920 0.6694462637 -0.3730840408 0.2586449888 0.2688766534 0.9277974537
0.6372087604 -0.7706911331 -0.0004160248 0.7149465479 0.5913204345 -0.3730838744 0.2877784378 0.2374348777 0.9277975262
0.5445776981 -0.8387103002 -0.0004036803 0.7780715105 0.5053842770 -0.3730837133 0.3131131669 0.2028589777 0.9277975964
0.4447543302 -0.8956525178 -0.0003913358 0.8309195068 0.4127728581 -0.3730835574 0.3343147603 0.1656053592 0.9277976644
0.3390570360 -0.9407657427 -0.0003789912 0.8727925049 0.3147094135 -0.3730834068 0.3511033604 0.1261657735 0.9277977301
0.2288817728 -0.9734541590 -0.0003666465 0.9031374335 0.2124891908 -0.3730832614 0.3632573609 0.0850608261 0.9277977935
0.1156836388 -0.9932860465 -0.0003543017 0.9215534872 0.1074623419 -0.3730831212 0.3706163326 0.0428331051 0.9277978547
0.0009576558 -0.9999994830 -0.0003419569 0.9277974202 0.0010160893 -0.3730829863 0.3730831409 0.0000400184 0.9277979135
-0.1137809762 -0.9935058031 -0.0003296120 0.9217867596 -0.1054435962 -0.3730828566 0.3706252277 -0.0427535636 0.9277979702
-0.2270168896 -0.9738907696 -0.0003172670 0.9036008944 -0.2105105666 -0.3730827322 0.3632750411 -0.0849827642 0.9277980245
-0.3372545640 -0.9414134406 -0.0003049220 0.8734800271 -0.3127970686 -0.3730826130 0.3511296076 -0.1260901572 0.9277980766
-0.4430380766 -0.8965027480 -0.0002925769 0.8318220010 -0.4109520745 -0.3730824990 0.3343492505 -0.1655331247 0.9277981264
-0.5429703314 -0.8397518328 -0.0002802318 0.7791770455 -0.5036791259 -0.3730823903 0.3131554742 -0.2027910193 0.9277981739
-0.6357315109 -0.7719102113 -0.0002678866 0.7162405081 -0.5897534585 -0.3730822868 0.2878280398 -0.2373720371 0.9277982192
-0.7200965066 -0.6938738760 -0.0002555413 0.6438436709 -0.6680381786 -0.3730821886 0.2587012729 -0.2688197093 0.9277982622
-0.7949510996 -0.6066734625 -0.0002431960 0.5629427698 -0.7374992800 -0.3730820955 0.2261596498 -0.2967189275 0.9277983029
-0.8593066759 -0.5114606373 -0.0002308507 0.4746063651 -0.7972193009 -0.3730820078 0.1906327228 -0.3207014231 0.9277983413
-0.9123132834 -0.4094928879 -0.0002185053 0.3800012272 -0.8464094425 -0.3730819252 0.1525894500 -0.3404506285 0.9277983775
-0.9532708572 -0.3021169149 -0.0002061599 0.2803769259 -0.8844199874 -0.3730818479 0.1125320050 -0.3557058555 0.9277984114
-0.9816384656 -0.1907508460 -0.0001938144 0.1770493255 -0.9107488813 -0.3730817759 0.0709891481 -0.3662657367 0.9277984431
-0.9970414540 -0.0768655067 -0.0001814689 0.0713832045 -0.9250483644 -0.3730817090 0.0285092471 -0.3719908835 0.9277984724
-0.9992763931 0.0380350054 -0.0001691234 -0.0352257708 -0.9271295645 -0.3730816475 -0.0143469618 -0.3728057255 0.9277984995
-0.9883137657 0.1524331849 -0.0001567778 -0.1413694801 -0.9169649920 -0.3730815911 -0.0570137750 -0.3686995086 0.9277985244
-0.9642983567 0.2648181610 -0.0001444323 -0.2456459489 -0.8946889025 -0.3730815400 -0.0989279893 -0.3597264367 0.9277985469
