1967
39271
0.7407984843 0.6713705683 -0.0218898534 -0.6263773430 0.6786478033 -0.3835212944 -0.2426294084 0.2978233018 0.9232725768
0.8129345077 0.5819438381 -0.0218827675 -0.5443781993 0.7460368005 -0.3835120187 -0.2068571063 0.3236826557 0.9232765978
0.8743340671 0.4848313046 -0.0218756769 -0.4551882971 0.8035728081 -0.3835027461 -0.1683554375 0.3452670678 0.9232806174
0.9241862506 0.3813155378 -0.0218685817 -0.3599855847 0.8504958156 -0.3834934764 -0.1276328840 0.3622917722 0.9232846358
0.9618326531 0.2727636760 -0.0218614818 -0.2600274363 0.8861859812 -0.3834842097 -0.0852272241 0.3745322199 0.9232886529
0.9867760721 0.1606093702 -0.0218543772 -0.1566340462 0.9101718197 -0.3834749461 -0.0416984314 0.3818270406 0.9232926686
0.9986870737 0.0463338495 -0.0218472679 -0.0511709920 0.9221364311 -0.3834656855 0.0023787203 0.3840801697 0.9232966831
0.9974083446 -0.0685536414 -0.0218401540 0.0549688016 0.9219216880 -0.3834564279 0.0464222461 0.3812621139 0.9233006962
0.9829567688 -0.1825357752 -0.0218330354 0.1603834595 0.9095303245 -0.3834471733 0.0898506348 0.3734103367 0.9233047080
0.9555232052 -0.2941071810 -0.0218259121 0.2636806728 0.8851259023 -0.3834379217 0.1320905264 0.3606287608 0.9233087185
0.9154699668 -0.4017943262 -0.0218187842 0.3634960874 0.8490306514 -0.3834286732 0.1725842819 0.3430863920 0.9233127278
0.8633260357 -0.5041749774 -0.0218116516 0.4585113251 0.8017212154 -0.3834194277 0.2107973451 0.3210150852 0.9233167357
0.7997800770 -0.5998969841 -0.0218045144 0.5474713970 0.7438223574 -0.3834101852 0.2462252990 0.2947064795 0.9233207422
0.7256713433 -0.6876961365 -0.0217973725 0.6292012790 0.6760987097 -0.3834009457 0.2784005245 0.2645081447 0.9233247475
0.6419785907 -0.7664128621 -0.0217902259 0.7026214331 0.5994446755 -0.3833917093 0.3068983721 0.2308189895 0.9233287515
0.5498071527 -0.8350075404 -0.0217830747 0.7667620659 0.5148726168 -0.3833824759 0.3313427669 0.1940839921 0.9233327541
0.4503743417 -0.8925742331 -0.0217759188 0.8207759385 0.4234994846 -0.3833732455 0.3514111710 0.1547883229 0.9233367555
0.3449933720 -0.9383526493 -0.0217687583 0.8639495581 0.3265320667 -0.3833640182 0.3668388398 0.1134509362 0.9233407555
0.2350560159 -0.9717381862 -0.0217615931 0.8957126026 0.2252510501 -0.3833547939 0.3774223138 0.0706177173 0.9233447542
0.1220142231 -0.9922899145 -0.0217544233 0.9156454545 0.1209941055 -0.3833455727 0.3830221025 0.0268542734 0.9233487515
0.0073609438 -0.9997364021 -0.0217472489 0.9234847446 0.0151382208 -0.3833363545 0.3835645225 -0.0172615352 0.9233527476
-0.1073895880 -0.9939792985 -0.0217400697 0.9191268319 -0.0909184861 -0.3833271393 0.3790426668 -0.0611472250 0.9233567423
-0.2207218534 -0.9750946339 -0.0217328860 0.9026291734 -0.1957752332 -0.3833179272 0.3695164931 -0.1042233803 0.9233607358
-0.3311390644 -0.9433318155 -0.0217256976 0.8742095672 -0.2980470755 -0.3833087182 0.3551120284 -0.1459213030 0.9233647278
-0.4371829315 -0.8991103331 -0.0217185046 0.8342432766 -0.3963831978 -0.3832995122 0.3360197018 -0.1856905208 0.9233687186
-0.5374529241 -0.8430142191 -0.0217113069 0.7832580753 -0.4894847560 -0.3832903092 0.3124918269 -0.2230060539 0.9233727081
-0.6306247670 -0.7757843354 -0.0217041046 0.7219272780 -0.5761220327 -0.3832811093 0.2848392678 -0.2573753454 0.9233766962
-0.7154679306 -0.6983085886 -0.0216968976 0.6510608483 -0.6551506796 -0.3832719125 0.2534273310 -0.2883447627 0.9233806830
-0.7908618821 -0.6116102034 -0.0216896860 0.5715947020 -0.7255268328 -0.3832627187 0.2186709401 -0.3155055847 0.9233846685
-0.8558108850 -0.5168342091 -0.0216824698 0.4845783469 -0.7863209008 -0.3832535280 0.1810291548 -0.3384993963 0.9233886526
-0.9094571495 -0.4152323166 -0.0216752490 0.3911610217 -0.8367298434 -0.3832443403 0.1409991076 -0.3570228178 0.9233926354
-0.9510921619 -0.3081463878 -0.0216680235 0.2925765178 -0.8760877791 -0.3832351557 0.0991094383 -0.3708315076 0.9233966169
-0.9801660416 -0.1969907127 -0.0216607934 0.1901268848 -0.9038747814 -0.3832259742 0.0559133129 -0.3797433853 0.9234005971
-0.9962948037 -0.0832333315 -0.0216535587 0.0851652328 -0.9197237469 -0.3832167957 0.0119811185 -0.3836410327 0.9234045759
-0.9992654304 0.0316233545 -0.0216463193 -0.0209221381 -0.9234252454 -0.3832076203 -0.0321070681 -0.3824732404 0.9234085534
-0.9890386841 0.1460624246 -0.0216390753 -0.1267340479 -0.9149302872 -0.3831984480 -0.0757691398 -0.3762556812 0.9234125296
-0.9657496260 0.2585724732 -0.0216318267 -0.2308729433 -0.8943509718 -0.3831892788 -0.1184286448 -0.3650706992 0.9234165044
-0.9297058325 0.3676675712 -0.0216245735 -0.3319633562 -0.8619590080 -0.3831801126 -0.1595223973 -0.3490662196 0.9234204780
-0.8813833324 0.4719068902 -0.0216173157 -0.4286700713 -0.8181821273 -0.3831709495 -0.1985079125 -0.3284537922 0.9234244501
-0.8214203209 0.5699137321 -0.0216100532 -0.5197157613 -0.7635984353 -0.3831617895 -0.2348705683 -0.3035057949 0.9234284210
-0.7506087302 0.6603937112 -0.0216027861 -0.6038978588 -0.6989287777 -0.3831526326 -0.2681303979 -0.2745518348 0.9234323905
-0.6698837710 0.7421518491 -0.0215955144 -0.6801044396 -0.6250272201 -0.3831434788 -0.2978484256 -0.2419743932 0.9234363586
-0.5803115806 0.8141083573 -0.0215882381 -0.7473289102 -0.5428697695 -0.3831343280 -0.3236324603 -0.2062037730 0.9234403254
-0.4830751430 0.8753128975 -0.0215809572 -0.8046833035 -0.4535414835 -0.3831251804 -0.3451422711 -0.1677124154 0.9234442909
-0.3794586647 0.9249571333 -0.0215736717 -0.8514100077 -0.3582221405 -0.3831160358 -0.3620940770 -0.1270086594 0.9234482551
-0.2708306144 0.9623854059 -0.0215663815 -0.8868917740 -0.2581706580 -0.3831068943 -0.3742642909 -0.0846300292 0.9234522179
-0.1586256493 0.9871033934 -0.0215590868 -0.9106598707 -0.1547084653 -0.3830977559 -0.3814924681 -0.0411361351 0.9234561794
-0.0443256677 0.9987846393 -0.0215517874 -0.9224002748 -0.0492020509 -0.3830886206 -0.3836834219 0.0028987157 0.9234601395
0.0705597624 0.9972748644 -0.0215444835 -0.9219578210 0.0569550854 -0.3830794884 -0.3808084770 0.0468931027 0.9234640983
0.1845133407 0.9825940043 -0.0215371749 -0.9093382529 0.1623608376 -0.3830703594 -0.3729058445 0.0902661688 0.9234680557
0.2960300734 0.9549359459 -0.0215298618 -0.8847081478 0.2656230123 -0.3830612334 -0.3600801145 0.1324452892 0.9234720118
0.4036371497 0.9146659672 -0.0215225440 -0.8483927184 0.3653777168 -0.3830521105 -0.3425008711 0.1728736317 0.9234759665
0.5059133935 0.8623159128 -0.0215152217 -0.8008715186 0.4603073734 -0.3830429907 -0.3204004510 0.2110175076 0.9234799199
0.6015080331 0.7985771701 -0.0215078947 -0.7427721106 0.5491581221 -0.3830338740 -0.2940708721 0.2463734166 0.9234838720
0.6891585406 0.7242915377 -0.0215005632 -0.6748617779 0.6307563821 -0.3830247605 -0.2638599753 0.2784746933 0.9234878227
0.7677073067 0.6404401084 -0.0214932271 -0.5980373919 0.7040243531 -0.3830156500 -0.2301668291 0.3068976665 0.9234917720
0.8361169287 0.5481303113 -0.0214858863 -0.5133135670 0.7679942514 -0.3830065427 -0.1934364583 0.3312672511 0.9234957201
0.8934839125 0.4485812862 -0.0214785410 -0.4218092613 0.8218210932 -0.3829974385 -0.1541539655 0.3512618973 0.9234996667
0.9390506045 0.3431077822 -0.0214711911 -0.3247329978 0.8647938561 -0.3829883373 -0.1128381249 0.3666178339 0.9235036120
0.9722151979 0.2331027942 -0.0214638366 -0.2233669032 0.8963448716 -0.3829792394 -0.0700345309 0.3771325477 0.9235075560
0.9925396816 0.1200191649 -0.0214564776 -0.1190497745 0.9160573233 -0.3829701445 -0.0263083935 0.3826674541 0.9235114986
0.9997556245 0.0053503975 -0.0214491139 -0.0131593968 0.9236707543 -0.3829610528 0.0177629254 0.3831497239 0.9235154398
0.9937677209 -0.1093890694 -0.0214417457 0.0929056544 0.9190845078 -0.3829519641 0.0615975353 0.3785732412 0.9235193797
0.9746550491 -0.2226838630 -0.0214343729 0.1977444847 0.9023590585 -0.3829428787 0.1046167000 0.3689986812 0.9235233182
0.9426700277 -0.3330376897 -0.0214269955 0.2999723844 0.8737152146 -0.3829337963 0.1462524788 0.3545527054 0.9235272554
0.8982350809 -0.4389930973 -0.0214196135 0.3982391167 0.8335312033 -0.3829247171 0.1859552238 0.3354262863 0.9235311912
0.8419370607 -0.5391507232 -0.0214122269 0.4912467530 0.7823376762 -0.3829156410 0.2232008366 0.3118721823 0.9235351257
0.7745194954 -0.6321877761 -0.0214048358 0.5777668152 0.7208107015 -0.3829065680 0.2574976864 0.2842015980 0.9235390588
0.6968727705 -0.7168755062 -0.0213974401 0.6566565024 0.6497628366 -0.3828974982 0.2883930992 0.2527800722 0.9235429906
0.6100223688 -0.7920954335 -0.0213900399 0.7268737856 0.5701323959 -0.3828884315 0.3154793328 0.2180226487 0.9235469210
0.5151153273 -0.8568541197 -0.0213826350 0.7874911714 0.4829710598 -0.3828793680 0.3383989577 0.1803883947 0.9235508500
0.4134050881 -0.9102962885 -0.0213752256 0.8377079532 0.3894299843 -0.3828703076 0.3568495738 0.1403743367 0.9235547776
0.3062349438 -0.9517161215 -0.0213678117 0.8768607881 0.2907445981 -0.3828612503 0.3705878000 0.0985088973 0.9235587039
0.1950202969 -0.9805665798 -0.0213603931 0.9044324590 0.1882182852 -0.3828521962 0.3794324852 0.0553449161 0.9235626289
0.0812299667 -0.9964666292 -0.0213529700 0.9200587077 0.0832051711 -0.3828431453 0.3832670960 0.0114523499 0.9235665524
-0.0336332102 -0.9992062725 -0.0213455424 0.9235330466 -0.0229077622 -0.3828340975 0.3820412529 -0.0325892535 0.9235704746
-0.1480522273 -0.9887493226 -0.0213381102 0.9148094880 -0.1287189950 -0.3828250528 0.3757713916 -0.0761984074 0.9235743955
-0.2605159438 -0.9652338812 -0.0213306734 0.8940031520 -0.2328309811 -0.3828160113 0.3645405428 -0.1187993637 0.9235783150
-0.3695390420 -0.9289705142 -0.0213232321 0.8613887480 -0.3338686062 -0.3828069730 0.3484972327 -0.1598297142 0.9235822331
-0.4736816444 -0.8804381506 -0.0213157862 0.8173969476 -0.4304973507 -0.3827979378 0.3278535189 -0.1987478152 0.9235861498
-0.5715683301 -0.8202777571 -0.0213083357 0.7626086971 -0.5214409159 -0.3827889058 0.3028821870 -0.2350399378 0.9235900652
-0.6619063001 -0.7492838730 -0.0213008807 0.6977475462 -0.6054980823 -0.3827798769 0.2739131462 -0.2682270493 0.9235939792
-0.7435024515 -0.6683941164 -0.0212934212 0.6236700924 -0.6815585752 -0.3827708512 0.2413290710 -0.2978711362 0.9235978918
-0.8152791347 -0.5786768014 -0.0212859571 0.5413546681 -0.7486177301 -0.3827618287 0.2055603458 -0.3235809847 0.9236018030
-0.8762883865 -0.4813168287 -0.0212784885 0.4518884203 -0.8057897633 -0.3827528093 0.1670793801 -0.3450173442 0.9236057129
-0.9257244495 -0.3776000363 -0.0212710153 0.3564529518 -0.8523194718 -0.3827437931 0.1263943697 -0.3618974034 0.9236096214
-0.9629344141 -0.2688962181 -0.0212635376 0.2563087164 -0.8875922093 -0.3827347801 0.0840425846 -0.3739985212 0.9236135285
-0.9874268414 -0.1566410320 -0.0212560553 0.1527783709 -0.9111420055 -0.3827257702 0.0405832747 -0.3811611639 0.9236174343
-0.9988782541 -0.0423170398 -0.0212485685 0.0472293062 -0.9226577218 -0.3827167635 -0.0034097153 -0.3832910077 0.9236213387
-0.9971374081 0.0725658733 -0.0212410772 -0.0589444123 -0.9219871619 -0.3827077601 -0.0473555233 -0.3803601811 0.9236252417
-0.9822272908 0.1864904401 -0.0212335813 -0.1643404577 -0.9091390836 -0.3826987597 -0.0906739388 -0.3724076295 0.9236291433
-0.9543448169 0.2979520496 -0.0212260809 -0.2675667631 -0.8842830841 -0.3826897626 -0.1327930634 -0.3595385977 0.9236330435
-0.9138582283 0.4054786191 -0.0212185759 -0.3672599078 -0.8477473618 -0.3826807686 -0.1731568614 -0.3419232370 0.9236369424
-0.8613022304 0.5076500354 -0.0212110664 -0.4621031258 -0.8000143821 -0.3826717779 -0.2112324998 -0.3197943557 0.9236408399
-0.7973709305 0.6031169112 -0.0212035524 -0.5508436977 -0.7417145068 -0.3826627903 -0.2465173825 -0.2934443419 0.9236447360
-0.7229086704 0.6906184057 -0.0211960339 -0.6323094972 -0.6736176695 -0.3826538059 -0.2785457843 -0.2632213005 0.9236486307
-0.6388988757 0.7689988775 -0.0211885108 -0.7054244728 -0.5966232071 -0.3826448247 -0.3068949980 -0.2295244542 0.9236525240
-0.5464510671 0.8372231466 -0.0211809832 -0.7692228613 -0.5117479833 -0.3826358467 -0.3311909130 -0.1927988702 0.9236564160
-0.4467862073 0.8943901665 -0.0211734511 -0.8228619443 -0.4201129581 -0.3826268719 -0.3511129528 -0.1535295818 0.9236603065
-0.3412205754 0.9397449244 -0.0211659145 -0.8656331795 -0.3229283835 -0.3826179003 -0.3663983043 -0.1122351822 0.9236641957
-0.2311483830 0.9726884127 -0.0211583733 -0.8969715608 -0.2214778193 -0.3826089319 -0.3768453850 -0.0694609768 0.9236680835
-0.1180233607 0.9927855402 -0.0211508276 -0.9164630811 -0.1171011805 -0.3825999667 -0.3823165015 -0.0257717812 0.9236719699
-0.0033395584 0.9997708783 -0.0211432774 -0.9238502026 -0.0111770404 -0.3825910046 -0.3827396640 0.0182555361 0.9236758549
0.1113883865 0.9935521670 -0.0211357227 -0.9190352592 0.0948955774 -0.3825820458 -0.3781095341 0.0620396712 0.9236797386
0.2246452531 0.9742115330 -0.0211281635 -0.9020817474 0.1997156768 -0.3825730902 -0.3684874912 0.1050025593 0.9236836208
0.3349352487 0.9420044052 -0.0211205997 -0.8732134899 0.3018987935 -0.3825641378 -0.3540008196 0.1465770072 0.9236875017
0.4408017638 0.8973561416 -0.0211130315 -0.8328116797 0.4000952809 -0.3825551887 -0.3348410238 0.1862141811 0.9236913811
0.5408466097 0.8408564113 -0.0211054587 -0.7814098471 0.4930081369 -0.3825462427 -0.3112612979 0.2233908517 0.9236952592
0.6337484844 0.7732514066 -0.0210978814 -0.7196868143 0.5794101341 -0.3825372999 -0.2835731790 0.2576163011 0.9236991358
0.7182804234 0.6954339887 -0.0210902996 -0.6484577301 0.6581600305 -0.3825283604 -0.2521424312 0.2884388005 0.9237030111
0.7933260040 0.6084318948 -0.0210827133 -0.5686633054 0.7282176428 -0.3825194241 -0.2173842142 0.3154515716 0.9237068850
0.8578940902 0.5133941655 -0.0210751226 -0.4813573886 0.7886575865 -0.3825104910 -0.1797575990 0.3382981556 0.9237107575
0.9111319230 0.4115759688 -0.0210675273 -0.3876930481 0.8386814987 -0.3825015611 -0.1397595053 0.3566771168 0.9237146286
0.9523363825 0.3043220235 -0.0210599275 -0.2889073428 0.8776285842 -0.3824926344 -0.0979181381 0.3703460195 0.9237184983
0.9809632743 0.1930488389 -0.0210523232 -0.1863049845 0.9049843444 -0.3824837110 -0.0547860134 0.3791246262 0.9237223666
0.9966345166 0.0792260074 -0.0210447144 -0.0812411052 0.9203873735 -0.3824747908 -0.0109326612 0.3828972741 0.9237262335
0.9991431341 -0.0356432048 -0.0210371011 0.0248966404 0.9236341336 -0.3824658738 0.0330628941 0.3816143987 0.9237300990
0.9884559908 -0.1500417114 -0.0210294833 0.1307064029 0.9146816440 -0.3824569601 0.0766197792 0.3752931853 0.9237339631
0.9647142284 -0.2624586421 -0.0210218611 0.2347906535 0.8936480506 -0.3824480496 0.1191629409 0.3640173386 0.9237378258
0.9282314021 -0.3714092973 -0.0210142343 0.3357746428 0.8608110662 -0.3824391423 0.1601307385 0.3479359743 0.9237416871
0.8794893392 -0.4754547558 -0.0210066031 0.4323245579 0.8166043041 -0.3824302383 0.1989823580 0.3272616472 0.9237455469
0.8191317760 -0.5732208797 -0.0209989673 0.5231651405 0.7616115522 -0.3824213375 0.2352049516 0.3022675416 0.9237494054
0.7479558558 -0.6634164619 -0.0209913271 0.6070965302 0.6965590634 -0.3824124399 0.2683204070 0.2732838619 0.9237532625
0.6669016010 -0.7448502800 -0.0209836824 0.6830101128 0.6223059650 -0.3824035456 0.2978916587 0.2406934695 0.9237571182
0.5770394983 -0.8164468283 -0.0209760332 0.7499031642 0.5398329117 -0.3823946545 0.3235284559 0.2049268259 0.9237609725
0.4795563607 -0.8772605223 -0.0209683796 0.8068920941 0.4502291349 -0.3823857667 0.3448925128 0.1664563070 0.9237648253
0.3757396531 -0.9264881873 -0.0209607214 0.8532241184 0.3546780565 -0.3823768821 0.3617019723 0.1257899640 0.9237686768
0.2669604890 -0.9634796659 -0.0209530588 0.8882872024 0.2544416595 -0.3823680008 0.3737351247 0.0834648145 0.9237725268
0.1546555216 -0.9877464048 -0.0209453917 0.9116181455 0.1508438204 -0.3823591227 0.3808333317 0.0400397504 0.9237763755
0.0403079703 -0.9989679071 -0.0209377201 0.9229087007 0.0452528241 -0.3823502479 0.3829031179 -0.0039118417 0.9237802227
-0.0745719685 -0.9969959653 -0.0209300441 0.9220096472 -0.0609367085 -0.3823413763 0.3799174016 -0.0478096516 0.9237840685
-0.1884670664 -0.9818566186 -0.0209223636 0.9089327621 -0.1663222393 -0.3823325080 0.3719158492 -0.0910741079 0.9237879129
-0.2998731018 -0.9537498095 -0.0209146786 0.8838506666 -0.2695118387 -0.3823236430 0.3590043482 -0.1331340293 0.9237917559
-0.4073187255 -0.9130467423 -0.0209069891 0.8470945471 -0.3691425692 -0.3823147812 0.3413536058 -0.1734341659 0.9237955975
-0.5093848933 -0.8602849818 -0.0208992952 0.7991497822 -0.4638984879 -0.3823059227 0.3191968923 -0.2114425289 0.9237994376
-0.6047236077 -0.7961613526 -0.0208915968 0.7406495333 -0.5525280274 -0.3822970674 0.2928269575 -0.2466574133 0.9238032764
-0.6920757206 -0.7215227370 -0.0208838940 0.6723663828 -0.6338605270 -0.3822882154 0.2625921635 -0.2786140204 0.9238071137
-0.7702875630 -0.6373548895 -0.0208761867 0.5952021310 -0.7068216954 -0.3822793667 0.2288918818 -0.3068905926 0.9238109496
-0.8383261821 -0.5447694184 -0.0208684749 0.5101758864 -0.7704478006 -0.3822705213 0.1921712189 -0.3311139793 0.9238147841
-0.8952929830 -0.4449891047 -0.0208607587 0.4184106064 -0.8238983998 -0.3822616791 0.1529151366 -0.3509645617 0.9238186172
-0.9404355973 -0.3393317524 -0.0208530380 0.3211182657 -0.8664674406 -0.3822528402 0.1116420476 -0.3661804695 0.9238224488
-0.9731578189 -0.2291927847 -0.0208453129 0.2195838501 -0.8975925879 -0.3822440046 0.0688969695 -0.3765610358 0.9238262791
-0.9930274787 -0.1160268141 -0.0208375833 0.1151483842 -0.9168626521 -0.3822351722 0.0252443274 -0.3819694434 0.9238301079
-0.9997821526 -0.0013284315 -0.0208298493 0.0091912207 -0.9240230214 -0.3822263432 -0.0187394987 -0.3823345279 0.9238339353
-0.9933326266 0.1133875329 -0.0208221108 -0.0968881787 -0.9189790260 -0.3822175174 -0.0624737844 -0.3776517141 0.9238377613
-0.9737640759 0.2266060162 -0.0208143679 -0.2016887263 -0.9017971896 -0.3822086949 -0.1053811282 -0.3679830732 0.9238415858
-0.9413349395 0.3368317327 -0.0208066205 -0.3038262146 -0.8727043522 -0.3821998757 -0.1468950746 -0.3534565001 0.9238454089
-0.8964735075 0.4426089215 -0.0207988687 -0.4019515981 -0.8320846752 -0.3821910597 -0.1864675926 -0.3342640214 0.9238492306
-0.8397722643 0.5425405734 -0.0207911124 -0.4947688124 -0.7804745686 -0.3821822471 -0.2235763100 -0.3106592570 0.9238530509
-0.7719800638 0.6353068813 -0.0207833517 -0.5810518927 -0.7185556077 -0.3821734378 -0.2577314088 -0.2829540690 0.9238568697
-0.6939922393 0.7196826709 -0.0207755866 -0.6596611668 -0.6471455318 -0.3821646317 -0.2884820909 -0.2515144409 0.9238606872
-0.6068387790 0.7945535816 -0.0207678170 -0.7295583084 -0.5671874444 -0.3821558290 -0.3154225277 -0.2167556432 0.9238645031
-0.5116707225 0.8589307844 -0.0207600430 -0.7898200522 -0.4797373583 -0.3821470295 -0.3381972160 -0.1791367485 0.9238683177
-0.4097449592 0.9119640409 -0.0207522645 -0.8396503893 -0.3859502485 -0.3821382334 -0.3565056691 -0.1391545679 0.9238721308
-0.3024076286 0.9529529331 -0.0207444816 -0.8783910817 -0.2870647979 -0.3821294405 -0.3701063816 -0.0973370903 0.9238759425
-0.1910763415 0.9813561134 -0.0207366943 -0.9055303575 -0.1843870380 -0.3821206510 -0.3788200145 -0.0542365098 0.9238797528
-0.0772214579 0.9967984546 -0.0207289026 -0.9207096712 -0.0792730992 -0.3821118647 -0.3825317606 -0.0104219342 0.9238835616
0.0376533326 0.9990760043 -0.0207211064 -0.9237284410 0.0268887006 -0.3821030818 -0.3811928565 0.0335281297 0.9238873690
0.1520308698 0.9881586784 -0.0207133058 -0.9145466991 0.1326961923 -0.3820943022 -0.3748212238 0.0770334145 0.9238911750
0.2644005603 0.9641906585 -0.0207055008 -0.8932856209 0.2367518753 -0.3820855258 -0.3635012286 0.1195195532 0.9238949795
0.3732783281 0.9274884880 -0.0206976913 -0.8602259258 0.3376813758 -0.3820767528 -0.3473825649 0.1604256622 0.9238987826
0.4772262146 0.8785368911 -0.0206898775 -0.8158041707 0.4341515995 -0.3820679831 -0.3266782747 0.1992117456 0.9239025843
0.5748713701 0.8179823716 -0.0206820592 -0.7606069854 0.5248883392 -0.3820592168 -0.3016619325 0.2353658241 0.9239063845
0.6649241854 0.7466246739 -0.0206742365 -0.6953633254 0.6086931053 -0.3820504537 -0.2726640302 0.2684106925 0.9239101833
0.7461953231 0.6654062213 -0.0206664093 -0.6209348452 0.6844589557 -0.3820416940 -0.2400676110 0.2979102190 0.9239139806
0.8176114259 0.5753996692 -0.0206585778 -0.5383045185 0.7511851169 -0.3820329376 -0.2043032097 0.3234751006 0.9239177765
0.8782292926 0.4777937385 -0.0206507419 -0.4485636565 0.8079902033 -0.3820241845 -0.1658431662 0.3447680016 0.9239215710
0.9272483345 0.3738775159 -0.0206429015 -0.3528974941 0.8541238589 -0.3820154347 -0.1251953871 0.3615080038 0.9239253640
0.9640211494 0.2650234292 -0.0206350567 -0.2525695368 0.8889766696 -0.3820066883 -0.0828966385 0.3734743134 0.9239291556
0.9880620718 0.1526691215 -0.0206272076 -0.1489048729 0.9120882132 -0.3819979452 -0.0395054578 0.3805091728 0.9239329457
0.9990535871 0.0382984640 -0.0206193540 -0.0432726718 0.9231531416 -0.3819892054 0.0044052216 0.3825199404 0.9239367344
0.9968505253 -0.0765780417 -0.0206114960 0.0629318989 0.9220252152 -0.3819804690 0.0482556353 0.3794803105 0.9239405217
0.9814819780 -0.1904432124 -0.0206036336 0.1683061008 0.9087192358 -0.3819717359 0.0914668426 0.3714306576 0.9239443075
0.9531509145 -0.3017932214 -0.0205957668 0.2714581520 0.8834108521 -0.3819630061 0.1334683700 0.3584774998 0.9239480918
0.9122315013 -0.4091574594 -0.0205878956 0.3710256097 0.8464342415 -0.3819542796 0.1737057425 0.3407920894 0.9239518747
0.8592641601 -0.5111179569 -0.0205800201 0.4656933652 0.7982776969 -0.3819455566 0.2116478035 0.3186081491 0.9239556562
0.7949484310 -0.6063281118 -0.0205721401 0.5542110146 0.7395771792 -0.3819368368 0.2467937264 0.2922187825 0.9239594362
0.7201337331 -0.6935304736 -0.0205642557 0.6354093744 0.6711079181 -0.3819281204 0.2786796251 0.2619726023 0.9239632148
0.6358081468 -0.7715733512 -0.0205563669 0.7082159244 0.5937741748 -0.3819194074 0.3068846768 0.2282691242 0.9239669919
0.5430853637 -0.8394260229 -0.0205484738 0.7716689748 0.5085972988 -0.3819106976 0.3310366763 0.1915534904 0.9239707675
0.4431899783 -0.8961923498 -0.0205405762 0.8249303684 0.4167022394 -0.3819019913 0.3508169471 0.1523105901 0.9239745417
0.3374413147 -0.9411226107 -0.0205326743 0.8672965524 0.3193026880 -0.3818932883 0.3659645466 0.1110586556 0.9239783145
0.2272360020 -0.9736234042 -0.0205247680 0.8982078715 0.2176850488 -0.3818845886 0.3762797083 0.0683424190 0.9239820858
0.1140295292 -0.9932654857 -0.0205168573 0.9172559615 0.1131914481 -0.3818758923 0.3816264764 0.0247259186 0.9239858556
-0.0006829777 -0.9997894362 -0.0205089422 0.9241891436 0.0072020082 -0.3818671994 0.3819344976 -0.0192149485 0.9239896240
-0.1153865019 -0.9931090893 -0.0205010227 0.9189157500 -0.0988833805 -0.3818585098 0.3771999465 -0.0629000303 0.9239933910
-0.2285661446 -0.9733126684 -0.0204930989 0.9015053360 -0.2036635495 -0.3818498236 0.3674855734 -0.1057525800 0.9239971565
-0.3387271328 -0.9406616221 -0.0204851707 0.8721877625 -0.3057545587 -0.3818411407 0.3529198725 -0.1472068700 0.9240009205
-0.4444145604 -0.8955871712 -0.0204772381 0.8313501613 -0.4038079753 -0.3818324612 0.3336953818 -0.1867156606 0.9240046830
-0.5442326035 -0.8386846135 -0.0204693011 0.7795318230 -0.4965286841 -0.3818237851 0.3100661385 -0.2237574242 0.9240084441
-0.6368629552 -0.7707054619 -0.0204613597 0.7174170754 -0.5826919940 -0.3818151124 0.2823443220 -0.2578432297 0.9240122038
-0.7210822367 -0.6925475188 -0.0204534140 0.6458262461 -0.6611598142 -0.3818064430 0.2508961293 -0.2885231955 0.9240159620
-0.7957781543 -0.6052430190 -0.0204454639 0.5657048287 -0.7308956863 -0.3817977770 0.2161369378 -0.3153924279 0.9240197187
-0.8599641899 -0.5099449973 -0.0204375095 0.4781109956 -0.7909784751 -0.3817891143 0.1785258188 -0.3380963644 0.9240234739
-0.9127926298 -0.4079120596 -0.0204295507 0.3842016228 -0.8406145354 -0.3817804550 0.1385594745 -0.3563354521 0.9240272277
-0.9535657609 -0.3004917610 -0.0204215875 0.2852170106 -0.8791481958 -0.3817717992 0.0967656784 -0.3698691003 0.9240309801
-0.9817450850 -0.1891028083 -0.0204136200 0.1824645026 -0.9060704195 -0.3817631467 0.0536963059 -0.3785188539 0.9240347309
-0.9969584316 -0.0752163231 -0.0204056481 0.0773012186 -0.9210255291 -0.3817544975 0.0099200468 -0.3821707466 0.9240384803
-0.9990048723 0.0396635874 -0.0203976718 -0.0288838695 -0.9238159052 -0.3817458518 -0.0339851036 -0.3807768022 0.9240422283
-0.9878573753 0.1540196953 -0.0203896912 -0.1346882831 -0.9144045983 -0.3817372094 -0.0774394761 -0.3743556653 0.9240459747
-0.9636631622 0.2663416900 -0.0203817062 -0.2387145605 -0.8929158175 -0.3817285705 -0.1198693804 -0.3629923513 0.9240497197
-0.9267417637 0.3751461251 -0.0203737169 -0.3395887148 -0.8596332917 -0.3817199349 -0.1607146797 -0.3468371213 0.9240534633
-0.8775807993 0.4789960104 -0.0203657232 -0.4359783812 -0.8149965230 -0.3817113027 -0.1994361847 -0.3261034951 0.9240572053
-0.8168295380 0.5765197905 -0.0203577252 -0.5266104157 -0.7595949834 -0.3817026739 -0.2355227715 -0.3010654287 0.9240609459
-0.7452903228 0.6664294588 -0.0203497228 -0.6102877107 -0.6941603299 -0.3816940485 -0.2684981285 -0.2720536949 0.9240646850
-0.6639079743 0.7475375685 -0.0203417161 -0.6859050071 -0.6195567419 -0.3816854265 -0.2979270430 -0.2394515134 0.9240684227
-0.5737573125 0.8187729153 -0.0203337050 -0.7524634935 -0.5367695086 -0.3816768079 -0.3234211455 -0.2036894888 0.9240721589
-0.4760289617 0.8791946849 -0.0203256896 -0.8090839987 -0.4468920158 -0.3816681927 -0.3446440348 -0.1652399233 0.9240758936
-0.3720136257 0.9280048785 -0.0203176699 -0.8550186052 -0.3511113059 -0.3816595809 -0.3613157166 -0.1246105787 0.9240796268
-0.2630850414 0.9645588521 -0.0203096458 -0.8896605285 -0.2506923995 -0.3816509725 -0.3732162978 -0.0823379717 0.9240833585
-0.1506818359 0.9883738304 -0.0203016173 -0.9125521327 -0.1469615884 -0.3816423675 -0.3801888865 -0.0389802884 0.9240870888
-0.0362885263 0.9991352828 -0.0202935846 -0.9233909757 -0.0412889180 -0.3816337659 -0.3821416607 0.0048899859 0.9240908176
0.0785840864 0.9967010775 -0.0202855475 -0.9220338055 0.0649299075 -0.3816251677 -0.3790490771 0.0486936257 0.9240945449
0.1924188702 0.9811033591 -0.0202775060 -0.9084984534 0.1702919596 -0.3816165729 -0.3709522053 0.0918523127 0.9240982708
0.3037123996 0.9525481234 -0.0202694603 -0.8829635995 0.2734056152 -0.3816079816 -0.3579581825 0.1337962714 0.9241019951
0.4109948110 0.9114124975 -0.0202614102 -0.8457664142 0.3729089371 -0.3815993936 -0.3402387955 0.1739717909 0.9241057180
0.5128492155 0.8582397589 -0.0202533558 -0.7973981062 0.4674876626 -0.3815908091 -0.3180282100 0.2118485346 0.9241094394
0.6079304120 0.7937321602 -0.0202452970 -0.7384974354 0.5558925627 -0.3815822280 -0.2916198761 0.2469265410 0.9241131593
0.6949826530 0.7187416549 -0.0202372339 -0.6698422777 0.6369559423 -0.3815736503 -0.2613626505 0.2787428227 0.9241168778
0.7728562298 0.6342586451 -0.0202291666 -0.5923393519 0.7096070637 -0.3815650761 -0.2276561887 0.3068774775 0.9241205947
0.8405226567 0.5413989019 -0.0202210948 -0.5070122447 0.7728862899 -0.3815565052 -0.1909456660 0.3309592301 0.9241243102
0.8970882542 0.4413888286 -0.0202130188 -0.4149878921 0.8259577596 -0.3815479378 -0.1517158976 0.3506703315 0.9241280242
0.9418059523 0.3355492641 -0.0202049385 -0.3174816956 0.8681204290 -0.3815393738 -0.1104849363 0.3657507514 0.9241317367
0.9740851567 0.2252780382 -0.0201968538 -0.2157814702 0.8988173316 -0.3815308133 -0.0677972309 0.3760016088 0.9241354477
0.9934995493 0.1120315107 -0.0201887648 -0.1112304355 0.9176429362 -0.3815222561 -0.0242164373 0.3812877946 0.9241391572
0.9997927182 -0.0026946633 -0.0201806715 -0.0052094745 0.9243485037 -0.3815137024 0.0196820245 0.3815397523 0.9241428652
0.9928815447 -0.1173852864 -0.0201725739 0.1008811041 0.9188453742 -0.3815051522 0.0633185678 0.3767543933 0.9241465718
0.9728573009 -0.2305256299 -0.0201644720 0.2056400616 0.9012061391 -0.3814966054 0.1061170912 0.3669951345 0.9241502768
0.9399844444 -0.3406214398 -0.0201563658 0.3076837363 0.8716636834 -0.3814880620 0.1475125850 0.3523910580 0.9241539804
0.8946971253 -0.4462186704 -0.0201482553 0.4056643192 0.8306081112 -0.3814795220 0.1869585893 0.3331352035 0.9241576825
0.8375934529 -0.5459226890 -0.0201401404 0.4982876561 0.7785815943 -0.3814709855 0.2239344089 0.3094820166 0.9241613831
0.7694275962 -0.6384166946 -0.0201320213 0.5843303411 0.7162712125 -0.3814624525 0.2579519853 0.2817439870 0.9241650822
0.6910998235 -0.7224791088 -0.0201238979 0.6626558759 0.6444998797 -0.3814539229 0.2885623400 0.2502875196 0.9241687797
0.6036446129 -0.7969997096 -0.0201157701 0.7322296812 0.5642154759 -0.3814453967 0.3153614992 0.2155280949 0.9241724759
0.5082169895 -0.8609942941 -0.0201076381 0.7921327624 0.4764783289 -0.3814368740 0.3379958259 0.1779247809 0.9241761705
0.4060772712 -0.9136176771 -0.0200995018 0.8415738481 0.3824472100 -0.3814283547 0.3561666858 0.1379741704 0.9241798636
0.2985744233 -0.9541748535 -0.0200913612 0.8798998426 0.2833640300 -0.3814198389 0.3696343880 0.0962038229 0.9241835552
0.1871282430 -0.9821301773 -0.0200832163 0.9066044529 0.1805374365 -0.3814113266 0.3782213462 0.0531652981 0.9241872453
0.0732106080 -0.9971144360 -0.0200750671 0.9213348768 0.0753255303 -0.3814028177 0.3818144205 0.0094268727 0.9241909339
-0.0416739630 -0.9989297272 -0.0200669136 0.9238964640 -0.0308820726 -0.3813943122 0.3803664084 -0.0344339630 0.9241946210
-0.1560081803 -0.9875520715 -0.0200587559 0.9142552883 -0.1366825941 -0.3813858103 0.3738966642 -0.0778381299 0.9241983067
-0.2682820222 -0.9631317305 -0.0200505938 0.8925385968 -0.2406786224 -0.3813773117 0.3624908409 -0.1202126053 0.9242019908
-0.3770126783 -0.9259912211 -0.0200424275 0.8590331305 -0.3414965685 -0.3813688167 0.3462997560 -0.1609979882 0.9242056734
-0.4807641326 -0.8766210569 -0.0200342569 0.8141813384 -0.4378048088 -0.3813603251 0.3255373973 -0.1996558840 0.9242093545
-0.5781661293 -0.8156732697 -0.0200260820 0.7585755346 -0.5283312736 -0.3813518370 0.3004780944 -0.2356760113 0.9242130341
-0.6679322702 -0.7439527982 -0.0200179028 0.6929500764 -0.6118802491 -0.3813433523 0.2714528947 -0.2685829383 0.9242167122
-0.7488770039 -0.6624068570 -0.0200097193 0.6181716659 -0.6873481705 -0.3813348712 0.2388451895 -0.2979423573 0.9242203889
-0.8199312837 -0.5721124267 -0.0200015316 0.5352279037 -0.7537381991 -0.3813263935 0.2030856499 -0.3233668171 0.9242240640
-0.8801566865 -0.4742620306 -0.0199933396 0.4452142456 -0.8101733888 -0.3813179192 0.1646465389 -0.3445208359 0.9242277375
-0.9287578068 -0.3701479843 -0.0199851434 0.3493195348 -0.8559082703 -0.3813094485 0.1240354743 -0.3611253281 0.9242314096
-0.9650927619 -0.2611453287 -0.0199769428 0.2488103001 -0.8903386975 -0.3813009812 0.0817887248 -0.3729612862 0.9242350802
-0.9886816688 -0.1486936691 -0.0199687380 0.1450140286 -0.9130098289 -0.3812925174 0.0384641293 -0.3798726696 0.9242387493
-0.9992129827 -0.0342781630 -0.0199605290 0.0393016326 -0.9236221357 -0.3812840571 -0.0053662694 -0.3817684613 0.9242424168
-0.9965476113 0.0805900954 -0.0199523157 -0.0669306571 -0.9220353593 -0.3812756003 -0.0491237775 -0.3786238671 0.9242460829
-0.9807207520 0.1943940315 -0.0199440981 -0.1722797323 -0.9082703653 -0.3812671469 -0.0922306910 -0.3704806392 0.9242497474
-0.9519414271 0.3056306270 -0.0199358762 -0.2753541397 -0.8825088689 -0.3812586971 -0.1341179222 -0.3574465222 0.9242534105
-0.9105897233 0.4128307700 -0.0199276501 -0.3747924590 -0.8450910359 -0.3812502507 -0.1742325130 -0.3396938273 0.9242570720
-0.8572117716 0.5145786581 -0.0199194198 -0.4692812849 -0.7965109915 -0.3812418078 -0.2120449347 -0.3174571546 0.9242607320
-0.7925125352 0.6095304965 -0.0199111851 -0.5575725748 -0.7374102946 -0.3812333685 -0.2470560773 -0.2910302926 0.9242643905
-0.7173464986 0.6964322463 -0.0199029463 -0.6385001337 -0.6685694654 -0.3812249326 -0.2788038383 -0.2607623367 0.9242680474
-0.6327063823 0.7741361861 -0.0198947031 -0.7109950174 -0.5908976774 -0.3812165002 -0.3068692214 -0.2270530779 0.9242717029
-0.5397100322 0.8416160704 -0.0198864558 -0.7740996523 -0.5054207502 -0.3812080713 -0.3308818664 -0.1903477219 0.9242753568
-0.4395856562 0.8979806835 -0.0198782042 -0.8269804834 -0.4132676010 -0.3811996459 -0.3505249363 -0.1511310096 0.9242790093
-0.3336556027 0.9424856094 -0.0198699483 -0.8689389853 -0.3156553350 -0.3811912240 -0.3655392983 -0.1099208149 0.9242826602
-0.2233188970 0.9745430640 -0.0198616882 -0.8994208890 -0.2138731706 -0.3811828056 -0.3757269416 -0.0672613065 0.9242863096
-0.1100327637 0.9937296576 -0.0198534238 -0.9180235039 -0.1092654115 -0.3811743908 -0.3809535894 -0.0237157619 0.9242899574
0.0047066189 0.9997919871 -0.0198451553 -0.9245010375 -0.0032136924 -0.3811659794 -0.3811504682 0.0201408696 0.9242936038
0.1193838787 0.9926499824 -0.0198368824 -0.9187678433 0.1028812699 -0.3811575715 -0.3763152130 0.0637295590 0.9242972486
0.2324844634 0.9723979642 -0.0198286054 -0.9008995532 0.2076181771 -0.3811491672 -0.3665118953 0.1064748413 0.9243008919
0.3425146436 0.9393033981 -0.0198203241 -0.8711320793 0.3096136571 -0.3811407663 -0.3518701740 0.1478124139 0.9243045337
0.4480212406 0.8938033626 -0.0198120385 -0.8298584999 0.4075205361 -0.3811323690 -0.3325835805 0.1871965854 0.9243081739
0.5476108185 0.8364987764 -0.0198037488 -0.7776238686 0.5000456324 -0.3811239752 -0.3089069609 0.2241074797 0.9243118127
0.6399680873 0.7681464621 -0.0197954548 -0.7151180161 0.5859668369 -0.3811155849 -0.2811531082 0.2580578983 0.9243154499
0.7238732745 0.6896491505 -0.0197871565 -0.6431664406 0.6641492552 -0.3811071982 -0.2496886302 0.2885997505 0.9243190856
0.7982182345 0.6020435591 -0.0197788541 -0.5627194053 0.7335601980 -0.3810988149 -0.2149291068 0.3153299682 0.9243227197
0.8620210840 0.5064866990 -0.0197705474 -0.4748393884 0.7932828218 -0.3810904352 -0.1773336009 0.3378958247 0.9243263524
0.9144391698 0.4042405951 -0.0197622365 -0.3806870507 0.8425282392 -0.3810820590 -0.1373985960 0.3559995892 0.9243299835
0.9547801982 0.2966556181 -0.0197539214 -0.2815059063 0.8806459392 -0.3810736863 -0.0956514393 0.3694024553 0.9243336130
0.9825113778 0.1851526499 -0.0197456021 -0.1786058994 0.9071323811 -0.3810653172 -0.0526433782 0.3779276908 0.9243372411
0.9972664563 0.0712043184 -0.0197372785 -0.0733461022 0.9216376451 -0.3810569516 -0.0089422816 0.3814629682 0.9243408676
0.9988505580 -0.0436844522 -0.0197289507 0.0328832343 0.9239700565 -0.3810485895 0.0348748586 0.3799618445 0.9243444926
0.9872427570 -0.1579963165 -0.0197206188 0.1386790434 0.9140987175 -0.3810402310 0.0782295452 0.3734443716 0.9243481160
0.9625963541 -0.2702215479 -0.0197122826 0.2426439736 0.8921539170 -0.3810318759 0.1205494134 0.3619968280 0.9243517379
0.9252368522 -0.3788779776 -0.0197039422 0.3434048453 0.8584254109 -0.3810235245 0.1612757870 0.3457705772 0.9243553583
0.8756576571 -0.4825305699 -0.0196955975 0.4396307875 0.8133585961 -0.3810151765 0.1998710539 0.3249800658 0.9243589772
0.8145135614 -0.5798103747 -0.0196872487 0.5300508166 0.7575486293 -0.3810068322 0.2358257624 0.2998999895 0.9243625945
0.7426120963 -0.6694326072 -0.0196788957 0.6134706237 0.6917325664 -0.3809984913 0.2686653464 0.2708616639 0.9243662103
0.6609028669 -0.7502136165 -0.0196705385 0.6887883498 0.6167796297 -0.3809901540 0.2979563887 0.2382486473 0.9243698245
0.5704650109 -0.8210865181 -0.0196621770 0.7550091398 0.5336797274 -0.3809818203 0.3233123415 0.2024916749 0.9243734372
0.4724929454 -0.8811152843 -0.0196538114 0.8112582831 0.4435303800 -0.3809734901 0.3443986274 0.1640629691 0.9243770484
0.3682805935 -0.9295071065 -0.0196454416 0.8567927680 0.3475222252 -0.3809651634 0.3609370543 0.1234700042 0.9243806580
0.2592042943 -0.9656228660 -0.0196370676 0.8910110961 0.2469232927 -0.3809568403 0.3727094853 0.0812488039 0.9243842661
0.1467046261 -0.9889855748 -0.0196286893 0.9134612281 0.1430622566 -0.3809485208 0.3795607164 0.0379568636 0.9243878726
0.0322673803 -0.9992866754 -0.0196203069 0.9238465555 0.0373108867 -0.3809402048 0.3814005218 -0.0058342105 0.9243914776
-0.0825960613 -0.9963901160 -0.0196119203 0.9220298192 -0.0689340695 -0.3809318923 0.3782048429 -0.0495462493 0.9243950811
-0.1963686877 -0.9803341472 -0.0196035295 0.9080349236 -0.1742693347 -0.3809235835 0.3700161023 -0.0926021536 0.9243986830
-0.3075478938 -0.9513308172 -0.0195951346 0.8820466225 -0.2773036362 -0.3809152781 0.3569426408 -0.1344335138 0.9244022834
-0.4146653257 -0.9097631711 -0.0195867354 0.8444080793 -0.3766760823 -0.3809069764 0.3391572840 -0.1744881131 0.9244058822
-0.5163062730 -0.8561801921 -0.0195783321 0.7956163365 -0.4710741364 -0.3808986782 0.3168950576 -0.2122372178 0.9244094795
-0.6111283532 -0.7912895512 -0.0195699245 0.7363157515 -0.5592509542 -0.3808903836 0.2904500817 -0.2471825566 0.9244130753
-0.6978792410 -0.7159482609 -0.0195615128 0.6672894870 -0.6400418519 -0.3808820925 0.2601716848 -0.2788628975 0.9244166695
-0.7754132072 -0.6311513563 -0.0195530969 0.5894491682 -0.7123796900 -0.3808738051 0.2264597895 -0.3068601354 0.9244202621
-0.8427062511 -0.5380187542 -0.0195446769 0.5038228430 -0.7753089691 -0.3808655211 0.1897596299 -0.3308048102 0.9244238532
-0.8988696245 -0.4377804621 -0.0195362527 0.4115414045 -0.8279984508 -0.3808572408 0.1505558720 -0.3503809819 0.9244274428
-0.9431615691 -0.3317603332 -0.0195278242 0.3138236547 -0.8697521373 -0.3808489641 0.1093662123 -0.3653303997 0.9244310308
-0.9749971135 -0.2213585824 -0.0195193917 0.2119602073 -0.9000184657 -0.3808406909 0.0667345425 -0.3754559086 0.9244346172
-0.9939557989 -0.1080332935 -0.0195109549 0.1072964423 -0.9183975938 -0.3808324213 0.0232237667 -0.3806240496 0.9244382021
-0.9997872319 0.0067188378 -0.0195025140 0.0012147358 -0.9246466824 -0.3808241552 -0.0205916306 -0.3807668184 0.9244417855
-0.9924143921 0.1213822707 -0.0194940689 -0.1048837973 -0.9186831036 -0.3808158928 -0.0641331695 -0.3758825608 0.9244453673
-0.9719346486 0.2344426357 -0.0194856197 -0.2095978097 -0.9005855340 -0.3808076339 -0.1068260126 -0.3660359907 0.9244489475
-0.9386184749 0.3444067342 -0.0194771663 -0.3115442303 -0.8705929162 -0.3807993787 -0.1481065534 -0.3513573333 0.9244525262
-0.8929058762 0.4498222601 -0.0194687087 -0.4093765320 -0.8291013042 -0.3807911270 -0.1874298571 -0.3320406024 0.9244561033
-0.8354005785 0.5492969800 -0.0194602470 -0.5018025170 -0.7766586335 -0.3807828789 -0.2242768542 -0.3083410364 0.9244596789
-0.7668620553 0.6415171209 -0.0194517811 -0.5876013846 -0.7139574852 -0.3807746344 -0.2581611919 -0.2805717252 0.9244632529
-0.6881954969 0.7252647211 -0.0194433111 -0.6656398557 -0.6418259391 -0.3807663935 -0.2886356536 -0.2490994746 0.9244668254
-0.6004398561 0.7994337161 -0.0194348369 -0.7348871421 -0.5612166381 -0.3807581562 -0.3152980615 -0.2143399607 0.9244703963
-0.5047541258 0.8630445464 -0.0194263586 -0.7944285619 -0.4731942059 -0.3807499224 -0.3377965844 -0.1767522402 0.9244739656
-0.4024020331 0.9152570949 -0.0194178761 -0.8434776214 -0.3789211869 -0.3807416923 -0.3558343799 -0.1368326872 0.9244775334
-0.2947353487 0.9553817822 -0.0194093894 -0.8813864039 -0.2796426917 -0.3807334658 -0.3691735110 -0.0951084388 0.9244810997
-0.1831760336 0.9828886742 -0.0194008987 -0.9076541287 -0.1766699522 -0.3807252429 -0.3776380850 -0.0521304341 0.9244846643
-0.0691974602 0.9974144806 -0.0193924037 -0.9219337664 -0.0713630038 -0.3807170236 -0.3811165725 -0.0084661393 0.9244882274
0.0456950477 0.9987673537 -0.0193839047 -0.9240366234 0.0348872780 -0.3807088079 -0.3795632769 0.0353079450 0.9244917890
0.1599840953 0.9869294215 -0.0193754015 -0.9139348357 0.1406775479 -0.3807005957 -0.3729989348 0.0786138947 0.9244953489
0.2721602571 0.9620570242 -0.0193668941 -0.8917617377 0.2446105259 -0.3806923873 -0.3615104391 0.1208799931 0.9244989074
0.3807420122 0.9244786494 -0.0193583826 -0.8578101028 0.3453134529 -0.3806841824 -0.3452496888 0.1615482778 0.9245024642
