1970
40367
0.9998905237 0.0147307071 0.0013953253 -0.0131463741 0.9276915831 -0.3731159331 -0.0067906931 0.3730567423 0.9277836782
0.9949777569 -0.1000863718 0.0014076534 0.0933812419 0.9230731240 -0.3731165387 0.0360445136 0.3713741051 0.9277834160
0.9769241969 -0.2135815936 0.0014199811 0.1986753980 0.9062624780 -0.3731171495 0.0784040798 0.3647892869 0.9277831516
0.9459682798 -0.3242560132 0.0014323086 0.3013453417 0.8774816910 -0.3731177656 0.1197288546 0.3533891904 0.9277828849
0.9025188446 -0.4306479399 0.0014446357 0.4000349829 0.8371109137 -0.3731183868 0.1594733443 0.3373242802 0.9277826159
0.8471497339 -0.5313522426 0.0014569625 0.4934408048 0.7856833803 -0.3731190134 0.1971129133 0.3168065976 0.9277823447
0.7805922146 -0.6250389073 0.0014692890 0.5803290816 0.7238783651 -0.3731196451 0.2321507088 0.2921069612 0.9277820712
0.7037253206 -0.7104706032 0.0014816152 0.6595521736 0.6525122110 -0.3731202821 0.2641242199 0.2635513926 0.9277817954
0.6175642428 -0.7865190234 0.0014939411 0.7300636855 0.5725275461 -0.3731209243 0.2926113826 0.2315168132 0.9277815174
0.5232469214 -0.8521797876 0.0015062666 0.7909322876 0.4849808338 -0.3731215717 0.3172361513 0.1964260686 0.9277812371
0.4220190172 -0.9065857064 0.0015185918 0.8413540168 0.3910284185 -0.3731222244 0.3376734628 0.1587423477 0.9277809545
0.3152174599 -0.9490182344 0.0015309167 0.8806628956 0.2919112520 -0.3731228823 0.3536535272 0.1189630687 0.9277806697
0.2042527910 -0.9789169606 0.0015432412 0.9083397283 0.1889385029 -0.3731235454 0.3649653893 0.0776133129 0.9277803826
0.0905905347 -0.9958870093 0.0015555654 0.9240189587 0.0834702648 -0.3731242138 0.3714597139 0.0352388940 0.9277800932
-0.0242681576 -0.9997042554 0.0015678893 0.9274934984 -0.0231004087 -0.3731248873 0.3730507565 -0.0076008464 0.9277798016
-0.1388063329 -0.9903182846 0.0015802128 0.9187174620 -0.1293659035 -0.3731255661 0.3697174963 -0.0503404224 0.9277795077
-0.2515112714 -0.9678530592 0.0015925360 0.8978067728 -0.2339226371 -0.3731262502 0.3615039129 -0.0924156679 0.9277792115
-0.3608944653 -0.9326052806 0.0016048589 0.8650376321 -0.3353895976 -0.3731269395 0.3485184070 -0.1332711840 0.9277789130
-0.4655112774 -0.8850404710 0.0016171814 0.8208428703 -0.4324265846 -0.3731276339 0.3309323691 -0.1723676697 0.9277786123
-0.5639800207 -0.8257868254 0.0016295035 0.7658062305 -0.5237519107 -0.3731283337 0.3089779177 -0.2091890414 0.9277783094
-0.6550002068 -0.7556269142 0.0016418253 0.7006546576 -0.6081593306 -0.3731290386 0.2829448354 -0.2432492449 0.9277780041
-0.7373697212 -0.6754873486 0.0016541467 0.6262486970 -0.6845339729 -0.3731297488 0.2531767443 -0.2740986716 0.9277776966
-0.8100006998 -0.5864265420 0.0016664678 0.5435711279 -0.7518670665 -0.3731304642 0.2200665701 -0.3013300934 0.9277773869
-0.8719338969 -0.4896207319 0.0016787885 0.4537139825 -0.8092692636 -0.3731311848 0.1840513557 -0.3245840382 0.9277770748
-0.9223513536 -0.3863484447 0.0016911088 0.3578641221 -0.8559823873 -0.3731319107 0.1456064928 -0.3435535357 0.9277767605
-0.9605872007 -0.2779736106 0.0017034288 0.2572875606 -0.8913894451 -0.3731326418 0.1052394462 -0.3579881688 0.9277764440
-0.9861364533 -0.1659275495 0.0017157484 0.1533127427 -0.9150227784 -0.3731333781 0.0634830560 -0.3676973800 0.9277761251
-0.9986616798 -0.0516900677 0.0017280677 0.0473129973 -0.9265702397 -0.3731341197 0.0208885040 -0.3725529867 0.9277758040
-0.9979974585 0.0632300863 0.0017403865 -0.0593116018 -0.9258793147 -0.3731348664 -0.0219819619 -0.3724908735 0.9277754807
-0.9841525625 0.1773151479 0.0017527050 -0.1651527287 -0.9129591373 -0.3731356184 -0.0645624493 -0.3675118391 0.9277751550
-0.9573098436 0.2890583816 0.0017650231 -0.2688124063 -0.8879803688 -0.3731363757 -0.1062908910 -0.3576815856 0.9277748271
-0.9178238175 0.3969839810 0.0017773408 -0.3689214720 -0.8512729431 -0.3731371381 -0.1466164644 -0.3431298517 0.9277744970
-0.8662159814 0.4996665595 0.0017896582 -0.4641576612 -0.8033217094 -0.3731379058 -0.1850068624 -0.3240487008 0.9277741645
-0.8031679270 0.5957499760 0.0018019751 -0.5532630728 -0.7447600276 -0.3731386787 -0.2209553199 -0.3006899853 0.9277738298
-0.7295123382 0.6839652453 0.0018142917 -0.6350607831 -0.6763614030 -0.3731394568 -0.2539873033 -0.2733620231 0.9277734929
-0.6462219938 0.7631472979 0.0018266078 -0.7084703916 -0.5990292692 -0.3731402402 -0.2836667745 -0.2424255275 0.9277731537
-0.5543969202 0.8322503669 0.0018389236 -0.7725222906 -0.5137850554 -0.3731410288 -0.3096019466 -0.2082888466 0.9277728122
-0.4552498626 0.8903618003 0.0018512390 -0.8263704724 -0.4217546948 -0.3731418226 -0.3314504562 -0.1714025727 0.9277724684
-0.3500902690 0.9367141137 0.0018635539 -0.8693037030 -0.3241537534 -0.3731426216 -0.3489238821 -0.1322535951 0.9277721224
-0.2403069950 0.9706951268 0.0018758685 -0.9007549168 -0.2222713737 -0.3731434259 -0.3617915532 -0.0913586732 0.9277717741
-0.1273499623 0.9918560490 0.0018881827 -0.9203087059 -0.1174532480 -0.3731442353 -0.3698835938 -0.0492576152 0.9277714236
-0.0127110083 0.9999174058 0.0019004964 -0.9277068072 -0.0110838435 -0.3731450501 -0.3730931656 -0.0065061533 0.9277710708
0.1020958162 0.9947727306 0.0019128097 -0.9228515131 0.0954318837 -0.3731458700 -0.3713778790 0.0363313928 0.9277707157
0.2155542433 0.9764899703 0.0019251227 -0.9058069626 0.2006870460 -0.3731466951 -0.3647603524 0.0786895640 0.9277703583
0.3261658137 0.9453105883 0.0019374352 -0.8767982932 0.3032914065 -0.3731475255 -0.3533279143 0.1200092265 0.9277699987
0.4324696670 0.9016463751 0.0019497472 -0.8362086677 0.4018897419 -0.3731483611 -0.3372314506 0.1597449519 0.9277696369
0.5330618352 0.8460740098 0.0019620589 -0.7845742129 0.4951797427 -0.3731492020 -0.3166834134 0.1973722176 0.9277692727
0.6266137857 0.7793274443 0.0019743701 -0.7225769382 0.5819292139 -0.3731500480 -0.2919550169 0.2323943299 0.9277689063
0.7118899666 0.7022882090 0.0019866809 -0.6510357276 0.6609923508 -0.3731508993 -0.2633726576 0.2643489810 0.9277685377
0.7877641254 0.6159737711 0.0019989913 -0.5708955231 0.7313248723 -0.3731517558 -0.2313136063 0.2928143513 0.9277681667
0.8532341832 0.5215240965 0.0020113013 -0.4832148438 0.7919978149 -0.3731526175 -0.1962010279 0.3174146782 0.9277677935
0.9074354694 0.4201865940 0.0020236108 -0.3891518047 0.8422098016 -0.3731534844 -0.1584983965 0.3378252155 0.9277674181
0.9496521416 0.3132996408 0.0020359198 -0.2899488199 0.8812976274 -0.3731543566 -0.1187033772 0.3537765214 0.9277670404
0.9793266396 0.2022749063 0.0020482285 -0.1869161921 0.9087450184 -0.3731552340 -0.0773412574 0.3650580143 0.9277666604
0.9960670493 0.0885787079 0.0020605367 -0.0814148061 0.9241894514 -0.3731561166 -0.0349580129 0.3715207538 0.9277662781
0.9996522787 -0.0262873545 0.0020728444 0.0251618465 0.9274269413 -0.3731570045 0.0078868987 0.3730794064 0.9277658936
0.9900349779 -0.1408062307 0.0020851517 0.1314060724 0.9184147362 -0.3731578975 0.0506279230 0.3697133724 0.9277655068
0.9673421646 -0.2534654559 0.0020974585 0.2359145707 0.8972718810 -0.3731587958 0.0927008737 0.3614670583 0.9277651178
0.9318735460 -0.3627771259 0.0021097649 0.3373069671 0.8642776456 -0.3731596993 0.1335503806 0.3484492906 0.9277647265
0.8840975614 -0.4672975484 0.0021220708 0.4342440470 0.8198678359 -0.3731606080 0.1726372197 0.3308318802 0.9277643329
0.8246451946 -0.5656463095 0.0021343763 0.5254454436 0.7646290371 -0.3731615220 0.2094454316 0.3088473542 0.9277639371
0.7543016410 -0.6565245054 0.0021466813 0.6097065498 0.6992908663 -0.3731624411 0.2434891324 0.2827858873 0.9277635390
0.6739959370 -0.7387318970 0.0021589859 0.6859144284 0.6247163353 -0.3731633655 0.2743189271 0.2529914718 0.9277631386
0.5847886906 -0.8111827617 0.0021712899 0.7530625125 0.5418904512 -0.3731642951 0.3015278422 0.2198573766 0.9277627360
0.4878580731 -0.8729202326 0.0021835936 0.8102639001 0.4519072066 -0.3731652299 0.3247566976 0.1838209571 0.9277623311
0.3844842597 -0.9231289358 0.0021958967 0.8567630685 0.3559551293 -0.3731661700 0.3436988487 0.1453578818 0.9277619240
0.2760325212 -0.9611457596 0.0022081993 0.8919458532 0.2553015844 -0.3731671152 0.3581042336 0.1049758539 0.9277615146
0.1639351933 -0.9864686116 0.0022205015 0.9153475604 0.1512760338 -0.3731680657 0.3677826750 0.0632079097 0.9277611029
0.0496727595 -0.9987630508 0.0022328032 0.9266591039 0.0452524768 -0.3731690214 0.3726063904 0.0206053825 0.9277606890
-0.0652457022 -0.9978667034 0.0022451045 0.9257310879 -0.0613686981 -0.3731699824 0.3725116793 -0.0222693746 0.9277602728
-0.1793024496 -0.9837914086 0.0022574052 0.9125757803 -0.1671792104 -0.3731709485 0.3674997643 -0.0648504119 0.9277598543
-0.2909911213 -0.9567230612 0.0022697054 0.8873669500 -0.2707814880 -0.3731719199 0.3576367757 -0.1065756538 0.9277594336
-0.3988366314 -0.9170191568 0.0022820052 0.8504375720 -0.3708071270 -0.3731728965 0.3430528786 -0.1468943180 0.9277590106
-0.5014146513 -0.8652040705 0.0022943044 0.8022754292 -0.4659349658 -0.3731738783 0.3239405551 -0.1852741859 0.9277585854
-0.5973704207 -0.8019621313 0.0023066032 0.7435166691 -0.5549085355 -0.3731748653 0.3005520641 -0.2212086283 0.9277581579
-0.6854366406 -0.7281285838 0.0023189015 0.6749374019 -0.6365526553 -0.3731758575 0.2731961115 -0.2542232928 0.9277577281
-0.7644502098 -0.6446785573 0.0023311992 0.5974434488 -0.7097889549 -0.3731768550 0.2422337759 -0.2838823654 0.9277572961
-0.8333675872 -0.5527141871 0.0023434965 0.5120583777 -0.7736501175 -0.3731778576 0.2080737426 -0.3097943238 0.9277568618
-0.8912785731 -0.4534500584 0.0023557933 0.4199099838 -0.8272926567 -0.3731788655 0.1711669088 -0.3316171057 0.9277564252
-0.9374183305 -0.3481971651 0.0023680895 0.3222153928 -0.8700080567 -0.3731798786 0.1320004328 -0.3490626239 0.9277559864
-0.9711774868 -0.2383455955 0.0023803852 0.2202649852 -0.9012321313 -0.3731808970 0.0910913028 -0.3619005701 0.9277555453
-0.9921101814 -0.1253461730 0.0023926804 0.1154053519 -0.9205524749 -0.3731819205 0.0489795135 -0.3699614547 0.9277551020
-0.9999399544 -0.0106912949 0.0024049751 0.0090215089 -0.9277139100 -0.3731829493 0.0062209378 -0.3731388447 0.9277546564
-0.9945633977 0.1041047777 0.0024172693 -0.0974813971 -0.9226218575 -0.3731839832 -0.0366200101 -0.3713907691 0.9277542085
-0.9760515211 0.2175259188 0.0024295630 -0.2026966482 -0.9053435855 -0.3731850224 -0.0789778256 -0.3647402731 0.9277537584
-0.9446488139 0.3280741618 0.0024418561 -0.3052345352 -0.8761073211 -0.3731860668 -0.1202933781 -0.3532751142 0.9277533060
-0.9007700164 0.4342894826 0.0024541487 -0.4037407137 -0.8352992351 -0.3731871165 -0.1600212912 -0.3371466048 0.9277528514
-0.8449946419 0.5347690827 0.0024664408 -0.4969140923 -0.7834583420 -0.3731881713 -0.1976371424 -0.3165676144 0.9277523945
-0.7780593234 0.6281859161 0.0024787323 -0.5835240177 -0.7212693799 -0.3731892314 -0.2326443854 -0.2918097607 0.9277519353
-0.7008480844 0.7133062157 0.0024910234 -0.6624265299 -0.6495537661 -0.3731902966 -0.2645809046 -0.2631998245 0.9277514739
-0.6143806640 0.7890057878 0.0025033138 -0.7325794711 -0.5692587479 -0.3731913671 -0.2930251153 -0.2311154362 0.9277510102
-0.5197990485 0.8542848594 0.0025156038 -0.7930562515 -0.4814448905 -0.3731924428 -0.3176015290 -0.1959800919 0.9277505443
-0.4183523893 0.9082812825 0.0025278931 -0.8430580871 -0.3872720692 -0.3731935237 -0.3379857099 -0.1582575631 0.9277500760
-0.3113805054 0.9502819204 0.0025401820 -0.8819245507 -0.2879841489 -0.3731946098 -0.3539085584 -0.1184457751 0.9277496056
-0.2002961878 0.9797320664 0.0025524703 -0.9091422946 -0.1848925549 -0.3731957012 -0.3651598628 -0.0770702349 0.9277491329
-0.0865665411 0.9962427696 0.0025647580 -0.9243518308 -0.0793589511 -0.3731967977 -0.3715910749 -0.0346770947 0.9277486579
0.0283063933 0.9995959718 0.0025770452 -0.9273522793 0.0272227450 -0.3731978995 -0.3731172713 0.0081740578 0.9277481806
0.1428054745 0.9897473879 0.0025893318 -0.9181040213 0.1334447739 -0.3731990065 -0.3697182746 0.0509175852 0.9277477011
0.2554184990 0.9668270900 0.0026016179 -0.8967292218 0.2379041282 -0.3732001187 -0.3614389204 0.0929892674 0.9277472193
0.3646581730 0.9311377902 0.0026139034 -0.8635102165 0.3392210833 -0.3732012361 -0.3483884654 0.1338337486 0.9277467353
0.4690817549 0.8831508424 0.0026261883 -0.8188857822 0.4360574219 -0.3732023587 -0.3307391464 0.1729118691 0.9277462490
0.5673101101 0.8235000166 0.0026384727 -0.7634453409 0.5271341091 -0.3732034866 -0.3087239064 0.2097077814 0.9277457605
0.6580459251 0.7529731296 0.0026507565 -0.6979211751 0.6112481864 -0.3732046196 -0.2826333205 0.2437357601 0.9277452697
0.7400908413 0.6725016392 0.0026630398 -0.6231787545 0.6872886600 -0.3732057579 -0.2528117610 0.2745466135 0.9277447766
0.8123612822 0.5831483430 0.0026753224 -0.5402053056 0.7542511761 -0.3732069013 -0.2196528512 0.3017336135 0.9277442813
0.8739027637 0.4860933413 0.0026876045 -0.4500967712 0.8112512853 -0.3732080500 -0.1835942706 0.3249378642 0.9277437837
0.9239025007 0.3826184520 0.0026998860 -0.3540433351 0.8575361258 -0.3732092039 -0.1451119776 0.3438530401 0.9277432839
0.9617001414 0.2740902810 0.0027121669 -0.2533137017 0.8924943661 -0.3732103630 -0.1047139270 0.3582294298 0.9277427818
0.9867964886 0.1619421735 0.0027244472 -0.1492383388 0.9156642803 -0.3732115273 -0.0629333649 0.3678772327 0.9277422774
0.9988600924 0.0476552835 0.0027367270 -0.0431919037 0.9267398461 -0.3732126968 -0.0203217908 0.3726690644 0.9277417708
0.9977316285 -0.0672609879 0.0027490061 0.0634249130 0.9255747871 -0.3732138716 0.0225583229 0.3725416393 0.9277412619
0.9834260013 -0.1812889274 0.0027612847 0.1692038884 0.9121845041 -0.3732150515 0.0651409553 0.3674966058 0.9277407508
0.9561321481 -0.2929225542 0.0027735627 0.2727478675 0.8867458720 -0.3732162367 0.1068640081 0.3576005254 0.9277402374
0.9162105428 -0.4006875095 0.0027858400 0.3726892171 0.8495949032 -0.3732174270 0.1471767259 0.3429839939 0.9277397217
0.8641884360 -0.5031605287 0.0027981168 0.4677078902 0.8012223095 -0.3732186226 0.1855469658 0.3238399191 0.9277392038
0.8007528908 -0.5989882383 0.0028103930 0.5565488607 0.7422670201 -0.3732198234 0.2214682225 0.3004209735 0.9277386836
0.7267417089 -0.6869050306 0.0028226685 0.6380387009 0.6735077427 -0.3732210294 0.2544663135 0.2730362604 0.9277381612
0.6431323659 -0.7657497784 0.0028349435 0.7111010798 0.5958526777 -0.3732222406 0.2841056393 0.2420472339 0.9277376365
0.5510291012 -0.8344811700 0.0028472178 0.7747709797 0.5103275225 -0.3732234570 0.3099949334 0.2078629277 0.9277371096
0.4516483344 -0.8921914623 0.0028594915 0.8282074422 0.4180619237 -0.3732246786 0.3317924272 0.1709345566 0.9277365804
0.3463026001 -0.9381184691 0.0028717646 0.8707046757 0.3202745560 -0.3732259054 0.3492103619 0.1317495603 0.9277360489
0.2363832126 -0.9716556278 0.0028840371 0.9017013777 0.2182570259 -0.3732271374 0.3620187872 0.0908251700 0.9277355152
0.1233418911 -0.9923600099 0.0028963090 0.9207881481 0.1133568117 -0.3732283747 0.3700485972 0.0487015805 0.9277349793
0.0086715862 -0.9999581710 0.0029085802 0.9277128967 0.0069594652 -0.3732296171 0.3731937631 0.0059348202 0.9277344410
-0.1061132371 -0.9943497622 0.0029208508 0.9223841731 -0.0995296886 -0.3732308647 0.3714127330 -0.0369105887 0.9277339006
-0.2194966018 -0.9756088553 0.0029331208 0.9048723735 -0.2047041136 -0.3732321176 0.3647289809 -0.0792690815 0.9277333578
-0.3299810399 -0.9439829649 0.0029453901 0.8754088117 -0.3071746405 -0.3732333757 0.3532306977 -0.1205815169 0.9277328128
-0.4361073702 -0.8998897788 0.0029576588 0.8343826629 -0.4055878155 -0.3732346389 0.3370696270 -0.1603025576 0.9277322656
-0.5364739696 -0.8439116420 0.0029699269 0.7823358239 -0.4986437767 -0.3732359074 0.3164590630 -0.1979078686 0.9277317161
-0.6297552847 -0.7767878655 0.0029821943 0.7199557547 -0.5851134232 -0.3732371811 0.2916710351 -0.2329010392 0.9277311643
-0.7147193382 -0.6994049620 0.0029944611 0.6480663986 -0.6638546490 -0.3732384599 0.2630327178 -0.2648201354 0.9277306103
-0.7902440001 -0.6127849378 0.0030067273 0.5676172993 -0.7338274287 -0.3732397440 0.2309221123 -0.2932437979 0.9277300540
-0.8553318077 -0.5180717947 0.0030189928 0.4796710584 -0.7941075537 -0.3732410333 0.1957630569 -0.3177968043 0.9277294955
-0.9091231392 -0.4165164214 0.0030312576 0.3853893009 -0.8438988396 -0.3732423278 0.1580196335 -0.3381550225 0.9277289347
-0.9509075667 -0.3094600726 0.0030435218 0.2860173313 -0.8825436424 -0.3732436275 0.1181900409 -0.3540496896 0.9277283716
-0.9801332392 -0.1983166550 0.0030557853 0.1828676856 -0.9095315442 -0.3732449324 0.0768000196 -0.3652709602 0.9277278063
-0.9964141705 -0.0845540536 0.0030680482 0.0773027951 -0.9245060953 -0.3732462425 0.0343959120 -0.3716706764 0.9277272388
-0.9995353373 0.0303252550 0.0030803104 -0.0292830097 -0.9272695217 -0.3732475578 -0.0084625494 -0.3731643244 0.9277266689
-0.9894555192 0.1448040454 0.0030925720 -0.1354819152 -0.9177853374 -0.3732488783 -0.0512096303 -0.3697321503 0.9277260969
-0.9663078424 0.2573703825 0.0031048328 -0.2398912195 -0.8961788259 -0.3732502040 -0.0932810623 -0.3614194215 0.9277255226
-0.9303980221 0.3665375891 0.0031170931 -0.3411318602 -0.8627353856 -0.3732515350 -0.1341214913 -0.3483358296 0.9277249460
-0.8822003247 0.4708638807 0.0031293526 -0.4378666288 -0.8178967597 -0.3732528711 -0.1731918080 -0.3306540431 0.9277243671
-0.8223513041 0.5689714078 0.0031416115 -0.5288178332 -0.7622552015 -0.3732542124 -0.2099762650 -0.3086074285 0.9277237861
-0.7516413944 0.6595644527 0.0031538697 -0.6127841735 -0.6965456513 -0.3732555589 -0.2439892842 -0.2824869702 0.9277232027
-0.6710044710 0.7414465426 0.0031661272 -0.6886566092 -0.6216360296 -0.3732569106 -0.2747818672 -0.2526374302 0.9277226171
-0.5815055161 0.8135362516 0.0031783840 -0.7554330074 -0.5385157723 -0.3732582675 -0.3019475219 -0.2194527977 0.9277220293
-0.4843265542 0.8748814827 0.0031906401 -0.8122313793 -0.4482827626 -0.3732596297 -0.3251276292 -0.1833710883 0.9277214392
-0.3807510403 0.9246720428 0.0032028956 -0.8583015295 -0.3521288296 -0.3732609970 -0.3440161767 -0.1448685631 0.9277208468
-0.2721469092 0.9622503430 0.0032151503 -0.8930349644 -0.2513240058 -0.3732623695 -0.3583637986 -0.1044534419 0.9277202522
-0.1599485095 0.9871200830 0.0032274044 -0.9159729297 -0.1471997523 -0.3732637472 -0.3679810680 -0.0626591951 0.9277196553
-0.0456376592 0.9989528060 0.0032396578 -0.9268124690 -0.0411313728 -0.3732651301 -0.3727409976 -0.0200375020 0.9277190562
0.0692759241 0.9975922370 0.0032519105 -0.9254104257 0.0654801524 -0.3732665183 -0.3725807166 0.0228490311 0.9277184548
0.1832745626 0.9830563463 0.0032641624 -0.9117853330 0.1712266706 -0.3732679116 -0.3675023010 0.0654342978 0.9277178512
0.2948526626 0.9555371120 0.0032764137 -0.8861171695 0.2747114561 -0.3732693101 -0.3575727470 0.1071561635 0.9277172453
0.4025365986 0.9153979853 0.0032886643 -0.8487449814 0.3745676585 -0.3732707138 -0.3429230867 0.1474638862 0.9277166372
0.5049041761 0.8631690894 0.0033009141 -0.8001624044 0.4694763561 -0.3732721227 -0.3237466594 0.1858253862 0.9277160268
0.6006034146 0.7995402187 0.0033131633 -0.7410111433 0.5581839770 -0.3732735368 -0.3002965599 0.2217342699 0.9277154142
0.6883704030 0.7253517284 0.0033254117 -0.6720724959 0.6395188562 -0.3732749561 -0.2728822981 0.2547165142 0.9277147993
0.7670459927 0.6415834359 0.0033376594 -0.5942570333 0.7124067111 -0.3732763806 -0.2418657138 0.2843367243 0.9277141821
0.8355911063 0.5493416798 0.0033499064 -0.5085925729 0.7758848311 -0.3732778103 -0.2076562009 0.3102038810 0.9277135627
0.8931004611 0.4498447090 0.0033621527 -0.4162106024 0.8291147928 -0.3732792452 -0.1707053040 0.3319765025 0.9277129411
0.9388145249 0.3444065928 0.0033743982 -0.3183313344 0.8713935342 -0.3732806853 -0.1315007578 0.3493671526 0.9277123172
0.9721295476 0.2344198657 0.0033866431 -0.2162475900 0.9021626410 -0.3732821306 -0.0905600498 0.3621462353 0.9277116910
0.9926055344 0.1213371361 0.0033988871 -0.1113077223 0.9210157214 -0.3732835811 -0.0484235892 0.3701450261 0.9277110626
0.9999720578 0.0066519016 0.0034111305 -0.0048978071 0.9277037743 -0.3732850368 -0.0056475740 0.3732578993 0.9277104319
0.9941318282 -0.1081211757 0.0034233731 0.1015766646 0.9221384776 -0.3732864976 0.0372033509 0.3714437232 0.9277097990
0.9751619794 -0.2214662739 0.0034356150 0.2067093512 0.9043933548 -0.3732879637 0.0795635470 0.3647264033 0.9277091639
0.9433130496 -0.3318864305 0.0034478562 0.3091116354 0.8747028036 -0.3732894350 0.1208738487 0.3531945677 0.9277085264
0.8990056726 -0.4379233134 0.0034600966 0.4074309656 0.8334589995 -0.3732909114 0.1605889442 0.3370003974 0.9277078868
0.8428250223 -0.5381764809 0.0034723362 0.5003687204 0.7812067159 -0.3732923931 0.1981845741 0.3163576179 0.9277072449
0.7755130845 -0.6313218779 0.0034845751 0.5866973617 0.7186361284 -0.3732938799 0.2331644517 0.2915386793 0.9277066007
0.6979588571 -0.7161293222 0.0034968133 0.6652766476 0.6465736984 -0.3732953719 0.2650668142 0.2628711594 0.9277059543
0.6111866091 -0.7914787524 0.0035090507 0.7350686932 0.5659712570 -0.3732968692 0.2934705184 0.2307334409 0.9277053056
0.5163423528 -0.8563750202 0.0035212874 0.7951516791 0.4778934326 -0.3732983716 0.3180006004 0.1955497170 0.9277046547
0.4146787087 -0.9099610337 0.0035335232 0.8447320270 0.3835035891 -0.3732998792 0.3383332251 0.1577843921 0.9277040015
0.3075383614 -0.9515290767 0.0035457584 0.8831548808 0.2840484595 -0.3733013920 0.3541999616 0.1179359522 0.9277033461
0.1963363270 -0.9805301563 0.0035579927 0.9099127566 0.1808416787 -0.3733029100 0.3653913273 0.0765303852 0.9277026884
0.0825412647 -0.9965812526 0.0035702263 0.9246522452 0.0752464330 -0.3733044332 0.3717595528 0.0341142378 0.9277020285
-0.0323439201 -0.9994703782 0.0035824592 0.9271786796 -0.0313425462 -0.3733059615 0.3732205339 -0.0087525984 0.9277013663
-0.1468019248 -0.9891593770 0.0035946912 0.9174587063 -0.1375174035 -0.3733074951 0.3697549419 -0.0515042780 0.9277007019
-0.2593210885 -0.9657844289 0.0036069225 0.8956207257 -0.2418757554 -0.3733090338 0.3614084792 -0.0935764704 0.9277000352
-0.3684153573 -0.9296542509 0.0036191530 0.8619531953 -0.3430392129 -0.3733105778 0.3482912770 -0.1344138094 0.9276993663
-0.4726439100 -0.8812460198 0.0036313828 0.8169008204 -0.4396715882 -0.3733121269 0.3305764418 -0.1734772238 0.9276986951
-0.5706301881 -0.8211990700 0.0036436117 0.7610586795 -0.5304965427 -0.3733136812 0.3084977713 -0.2102510538 0.9276980217
-0.6610800754 -0.7503064499 0.0036558399 0.6951643640 -0.6143144456 -0.3733152407 0.2823466682 -0.2442498579 0.9276973460
-0.7427989898 -0.6695044481 0.0036680673 0.6200882362 -0.6900182187 -0.3733168054 0.2524682950 -0.2750248206 0.9276966681
-0.8147076607 -0.5798602271 0.0036802938 0.5368219331 -0.7566079585 -0.3733183753 0.2192570175 -0.3021696778 0.9276959880
-0.8758563824 -0.4825577300 0.0036925196 0.4464652678 -0.8132041437 -0.3733199504 0.1831512001 -0.3253260794 0.9276953056
-0.9254375571 -0.3788820433 0.0037047446 0.3502117037 -0.8590592514 -0.3733215306 0.1446274195 -0.3441883204 0.9276946209
-0.9627963615 -0.2702024250 0.0037169688 0.2493325899 -0.8935676307 -0.3733231161 0.1041941743 -0.3585073764 0.9276939340
-0.9874393943 -0.1579542205 0.0037291922 0.1451603694 -0.9162735020 -0.3733247067 0.0623851731 -0.3680941914 0.9276932448
-0.9990411932 -0.0436199057 0.0037414148 0.0390709793 -0.9268769770 -0.3733263025 0.0197522894 -0.3728221740 0.9276925534
-0.9974485330 0.0712904919 0.0037536366 -0.0675343224 -0.9252380190 -0.3733279035 -0.0231417226 -0.3726288690 0.9276918597
-0.9826824494 0.1852593368 0.0037658576 -0.1732474656 -0.9113782929 -0.3733295097 -0.0657306565 -0.3675167824 0.9276911638
-0.9549379612 0.2967814287 0.0037780778 -0.2766721661 -0.8854808787 -0.3733311211 -0.1074523279 -0.3575533486 0.9276904657
-0.9145814943 0.4043838819 0.0037902971 -0.3764423679 -0.8478878526 -0.3733327377 -0.1477559948 -0.3428700415 0.9276897653
-0.8621460426 0.5066455784 0.0038025157 -0.4712402863 -0.7990957694 -0.3733343594 -0.1861096283 -0.3236606391 0.9276890626
-0.7983241287 0.6022159358 0.0038147334 -0.5598138140 -0.7397491027 -0.3733359863 -0.2220069348 -0.3001786665 0.9276883578
-0.7239586575 0.6898327455 0.0038269503 -0.6409930586 -0.6706317331 -0.3733376185 -0.2549740400 -0.2727340496 0.9276876506
-0.6400317836 0.7683388424 0.0038391664 -0.7137057949 -0.5926565940 -0.3733392558 -0.2845757443 -0.2416890250 0.9276869412
-0.5476519404 0.8366973880 0.0038513816 -0.7769916272 -0.5068536130 -0.3733408982 -0.3104212677 -0.2074533586 0.9276862296
-0.4480392005 0.8940055634 0.0038635961 -0.8300146739 -0.4143561084 -0.3733425459 -0.3321694085 -0.1704789372 0.9276855157
-0.3425091622 0.9395064938 0.0038758097 -0.8720746082 -0.3163858199 -0.3733441987 -0.3495330479 -0.1312538039 0.9276847996
-0.2324555739 0.9725992440 0.0038880224 -0.9026159078 -0.2142367713 -0.3733458568 -0.3622829407 -0.0902957163 0.9276840812
-0.1193319273 0.9928467552 0.0039002343 -0.9212351924 -0.1092581787 -0.3733475200 -0.3702507413 -0.0481453122 0.9276833606
-0.0046322603 0.9999816173 0.0039124454 -0.9276865511 -0.0028366294 -0.3733491884 -0.3733312270 -0.0053589736 0.9276826377
0.1101285745 0.9939096006 0.0039246557 -0.9218847905 0.1036222322 -0.3733508619 -0.3714836876 0.0374985179 0.9276819126
0.2234349169 0.9747109002 0.0039368651 -0.9039065595 0.2087122710 -0.3733525407 -0.3647324631 0.0798614358 0.9276811852
0.3337903164 0.9426390770 0.0039490736 -0.8739893369 0.3110454338 -0.3733542246 -0.3531666230 0.1211705765 0.9276804556
0.4397372961 0.8981177087 0.0039612813 -0.8325282944 0.4092700828 -0.3733559137 -0.3369387917 0.1608806412 0.9276797238
0.5398766020 0.8417347955 0.0039734881 -0.7800710767 0.5020888485 -0.3733576080 -0.3162631339 0.1984674336 0.9276789897
0.6328856826 0.7742349947 0.0039856941 -0.7173105680 0.5882757658 -0.3733593075 -0.2914125287 0.2334347796 0.9276782534
0.7175361564 0.6965097854 0.0039978993 -0.6450757398 0.6666924663 -0.3733610121 -0.2627149677 0.2653210777 0.9276775148
0.7927100352 0.6095856947 0.0040101035 -0.5643207017 0.7363032144 -0.3733627219 -0.2305492264 0.2937053920 0.9276767740
0.8574144894 0.5146107408 0.0040223069 -0.4761120990 0.7961885872 -0.3733644369 -0.1953398644 0.3182130090 0.9276760309
0.9107949604 0.4128392699 0.0040345095 -0.3816150239 0.8455576185 -0.3733661571 -0.1575516220 0.3385203849 0.9276752856
0.9521464472 0.3056153910 0.0040467112 -0.2820776264 0.8837582458 -0.3733678825 -0.1176832858 0.3543594161 0.9276745380
0.9809228167 0.1943552234 0.0040589120 -0.1788146288 0.9102859224 -0.3733696130 -0.0762611050 0.3655209797 0.9276737882
0.9967440173 0.0805281939 0.0040711119 -0.0731899598 0.9247902820 -0.3733713487 -0.0338318451 0.3718576936 0.9276730361
0.9994010977 -0.0343623698 0.0040833110 0.0334012603 0.9270797656 -0.3733730896 0.0090444292 0.3732858634 0.9276722819
0.9888589669 -0.1487990941 0.0040955091 0.1395511469 0.9171241516 -0.3733748357 0.0518017470 0.3697865873 0.9276715253
0.9652568574 -0.2612705993 0.0041077064 0.2438576469 0.8950549550 -0.3733765869 0.0938757016 0.3614060065 0.9276707665
0.9289064864 -0.3702914608 0.0041199028 0.3449430570 0.8611636895 -0.3733783433 0.1347109015 0.3482546969 0.9276700055
0.8802879390 -0.4744218273 0.0041320984 0.4414722212 0.8158980176 -0.3733801049 0.1737683008 0.3305062097 0.9276692422
0.8200433275 -0.5722864369 0.0041442930 0.5321701655 0.7598558369 -0.3733818717 0.2105323157 0.3083947816 0.9276684767
0.7489683109 -0.6625927806 0.0041564867 0.6158389382 0.6937773828 -0.3733836436 0.2445176302 0.2822122433 0.9276677090
0.6680015867 -0.7441481723 0.0041686796 0.6913734324 0.6185354514 -0.3733854207 0.2752756023 0.2523041678 0.9276669390
0.5782124932 -0.8158755009 0.0041808715 0.7577759824 0.5351238708 -0.3733872030 0.3024001872 0.2190653096 0.9276661667
0.4807868867 -0.8768274561 0.0041930626 0.8141695414 0.4446443744 -0.3733889905 0.3255332970 0.1829343941 0.9276653923
0.3770114799 -0.9261990390 0.0042052527 0.8598092649 0.3482920486 -0.3733907831 0.3443695284 0.1443883270 0.9276646155
0.2682568476 -0.9633381945 0.0042174420 0.8940923490 0.2473395479 -0.3733925809 0.3586601945 0.1039358993 0.9276638366
0.1559593260 -0.9877544223 0.0042296303 0.9165659923 0.1431202848 -0.3733943839 0.3682166081 0.0621110718 0.9276630554
0.0416020425 -0.9991252559 0.0042418177 0.9269333758 0.0370108181 -0.3733961920 0.3729125728 0.0194659267 0.9276622719
-0.0733046724 -0.9973005206 0.0042540043 0.9250575837 -0.0695873294 -0.3733980053 0.3726860499 -0.0234366196 0.9276614862
-0.1872432317 -0.9823043173 0.0042661899 0.9109634114 -0.1752661824 -0.3733998238 0.3675399778 -0.0660302469 0.9276606983
-0.2987088352 -0.9543347040 0.0042783745 0.8848370374 -0.2786299102 -0.3734016475 0.3575422338 -0.1077527069 0.9276599081
-0.4062293434 -0.9137610802 0.0042905583 0.8470235646 -0.3783132630 -0.3734034763 0.3428247390 -0.1480532450 0.9276591157
-0.5083847204 -0.8611193079 0.0043027411 0.7980224610 -0.4729996046 -0.3734053103 0.3235817172 -0.1863998702 0.9276583211
-0.6038257884 -0.7971046347 0.0043149231 0.7384809633 -0.5614383025 -0.3734071495 0.3000671326 -0.2222863779 0.9276575242
-0.6912920464 -0.7225625113 0.0043271040 0.6691855270 -0.6424612469 -0.3734089938 0.2725913370 -0.2552390321 0.9276567250
-0.7696283178 -0.6384774257 0.0043392841 0.5910514389 -0.7149982788 -0.3734108433 0.2415169746 -0.2848228191 0.9276559237
-0.8378000069 -0.5459599007 0.0043514632 0.5051107274 -0.7780913250 -0.3734126980 0.2072541953 -0.3106471902 0.9276551201
-0.8949067633 -0.4462318273 0.0043636414 0.4124985309 -0.8309070526 -0.3734145578 0.1702552409 -0.3323712176 0.9276543142
-0.9401943721 -0.3406103272 0.0043758187 0.3144381050 -0.8727478750 -0.3734164228 0.1310084764 -0.3497080950 0.9276535061
-0.9730647157 -0.2304903567 0.0043879950 0.2122246644 -0.9030611664 -0.3734182930 0.0900319434 -0.3624289243 0.9276526958
-0.9930836730 -0.1173262841 0.0044001703 0.1072082761 -0.9214465603 -0.3734201683 0.0478665226 -0.3703657376 0.9276518832
-0.9999868525 -0.0026126814 0.0044123447 0.0007760266 -0.9276612373 -0.3734220488 0.0050687940 -0.3734137151 0.9276510684
-0.9936830845 0.1121354150 0.0044245182 -0.1056662985 -0.9216231326 -0.3734239345 -0.0377963095 -0.3715325695 0.9276502513
-0.9742556250 0.2254025131 0.0044366907 -0.2107127832 -0.9034120190 -0.3734258253 -0.0801629597 -0.3647470783 0.9276494320
-0.9419610564 0.3356926807 0.0044488623 -0.3129759501 -0.8732684534 -0.3734277213 -0.1214719017 -0.3531467577 0.9276486105
-0.8972258982 0.4415493027 0.0044610329 -0.4111050870 -0.8315905991 -0.3734296225 -0.1611778364 -0.3368846817 0.9276477867
-0.8406409746 0.5415743184 0.0044732025 -0.5038040874 -0.7789289665 -0.3734315288 -0.1987566187 -0.3161754620 0.9276469607
-0.7729536106 0.6344466860 0.0044853712 -0.5898485691 -0.7159791416 -0.3734334403 -0.2337121764 -0.2912924157 0.9276461325
-0.6950577627 0.7189398297 0.0044975389 -0.6681020470 -0.6435725980 -0.3734353569 -0.2655830591 -0.2625639586 0.9276453020
-0.6079822119 0.7939378393 0.0045097057 -0.7375309432 -0.5626657149 -0.3734372787 -0.2939485294 -0.2303692702 0.9276444693
-0.5128769764 0.8584502081 0.0045218714 -0.7972182385 -0.4743271442 -0.3734392057 -0.3184341175 -0.1951332891 0.9276436343
-0.4109981236 0.9116249146 0.0045340363 -0.8463755853 -0.3797236958 -0.3734411378 -0.3387165644 -0.1573211045 0.9276427971
-0.3036911804 0.9527596754 0.0045462001 -0.8843537190 -0.2801049255 -0.3734430751 -0.3545280900 -0.1174318173 0.9276419577
-0.1923733632 0.9813112200 0.0045583629 -0.9106510342 -0.1767866307 -0.3734450176 -0.3656599282 -0.0759919519 0.9276411160
-0.0785148603 0.9969024662 0.0045705248 -0.9249202093 -0.0711334707 -0.3734469652 -0.3719650833 -0.0335485071 0.9276402721
0.0363805852 0.9993274999 0.0045826857 -0.9269727940 0.0354590579 -0.3734489180 -0.3733602713 0.0093382652 0.9276394260
0.1507955350 0.9885542949 0.0045948456 -0.9167816982 0.1415830536 -0.3734508759 -0.3698270196 0.0521022543 0.9276385776
0.2632188972 0.9647251358 0.0046070045 -0.8944815492 0.2458368058 -0.3734528390 -0.3614119121 0.0941789639 0.9276377270
0.3721658832 0.9281547386 0.0046191625 -0.8603669136 0.3468433089 -0.3734548073 -0.3482259746 0.1350129636 0.9276368741
0.4761976173 0.8793260943 0.0046313194 -0.8148884059 0.4432684501 -0.3734567807 -0.3304432101 0.1740652207 0.9276360190
0.5739401406 0.8188840902 0.0046434753 -0.7586467370 0.5338386307 -0.3734587593 -0.3082983028 0.2108202154 0.9276351617
0.6641025564 0.7476269924 0.0046556303 -0.6923847788 0.6173575880 -0.3734607430 -0.2820835207 0.2447927466 0.9276343022
0.7454940797 0.6664959032 0.0046677842 -0.6169777528 0.6927221957 -0.3734627319 -0.2521448585 0.2755343366 0.9276334404
0.8170397639 0.5765623318 0.0046799371 -0.5334216690 0.7589370339 -0.3734647259 -0.2188774708 0.3026391516 0.9276325763
0.8777946976 0.4790140427 0.0046920891 -0.4428201706 0.8151275371 -0.3734667251 -0.1827204568 0.3257493594 0.9276317101
0.9269564845 0.3751393688 0.0047042400 -0.3463699562 0.8605515450 -0.3734687295 -0.1441510644 0.3445598531 0.9276308416
0.9638758401 0.2663101962 0.0047163899 -0.2453449737 0.8946091051 -0.3734707390 -0.1036783911 0.3588222797 0.9276299708
0.9880651675 0.1539638453 0.0047285388 -0.1410795936 0.9168503970 -0.3734727537 -0.0618366639 0.3683483186 0.9276290979
0.9992049969 0.0395840884 0.0047406867 -0.0349509838 0.9269816731 -0.3734747735 -0.0191781881 0.3730121682 0.9276282227
0.9971482047 -0.0753184470 0.0047528335 0.0716390803 0.9248691384 -0.3734767984 0.0237339434 0.3727522077 0.9276273452
0.9819219567 -0.1892262294 0.0047649794 0.1772827305 0.9105407174 -0.3734788286 0.0663332828 0.3675718107 0.9276264655
0.9537273494 -0.3006348650 0.0047771242 0.2805846018 0.8841856850 -0.3734808639 0.1080575043 0.3575393018 0.9276255836
0.9129367539 -0.4080729669 0.0047892680 0.3801802624 0.8461521662 -0.3734829043 0.1483558274 0.3427870554 0.9276246995
0.8600888979 -0.5101215877 0.0048014107 0.4747542355 0.7969425375 -0.3734849499 0.1866962872 0.3235097490 0.9276238131
0.7958817508 -0.6054329595 0.0048135524 0.5630573743 0.7372067916 -0.3734870006 0.2225727566 0.2999617942 0.9276229245
0.7211633056 -0.6927482944 0.0048256931 0.6439233610 0.6677339514 -0.3734890565 0.2555116277 0.2724539791 0.9276220337
0.6369203789 -0.7709144092 0.0048378328 0.7162841115 0.5894416483 -0.3734911175 0.2850780641 0.2413493668 0.9276211406
0.5442655783 -0.8388989558 0.0048499714 0.7791838830 0.5033640017 -0.3734931837 0.3108817408 0.2070585032 0.9276202453
0.4444226079 -0.8958040553 0.0048621089 0.8317918973 0.4106379598 -0.3734952551 0.3325819976 0.1700339981 0.9276193478
0.3387101067 -0.9408781565 0.0048742455 0.8734133138 0.3124882824 -0.3734973316 0.3498923362 0.1307645519 0.9276184480
0.2285242331 -0.9735259617 0.0048863809 0.9034984067 0.2102113638 -0.3734994132 0.3625842026 0.0897685044 0.9276175460
0.1153202257 -0.9933162891 0.0048985154 0.9216498259 0.1051581095 -0.3735015000 0.3704900053 0.0475869931 0.9276166417
0.0005931837 -0.9999877668 0.0049106487 0.9276278448 -0.0012839069 -0.3735035919 0.3735053276 0.0047768108 0.9276157353
-0.1141416787 -0.9934522854 0.0049227811 0.9213535265 -0.1077087713 -0.3735056890 0.3715903071 -0.0380969447 0.9276148266
-0.2273690446 -0.9737961615 0.0049349123 0.9029097663 -0.2127107986 -0.3735077912 0.3647701625 -0.0804683291 0.9276139157
-0.3375935067 -0.9412789974 0.0049470425 0.8725401959 -0.3149030996 -0.3735098986 0.3531348619 -0.1217780230 0.9276130025
-0.4433593176 -0.8963302528 0.0049591716 0.8306459660 -0.4129358991 -0.3735120112 0.3368379354 -0.1614807145 0.9276120871
-0.5432696162 -0.8395435726 0.0049712997 0.7777804466 -0.5055143642 -0.3735141288 0.3160944495 -0.1990522977 0.9276111695
-0.6360048757 -0.7716689468 0.0049834267 0.7146419185 -0.5914157066 -0.3735162516 0.2911781694 -0.2339967916 0.9276102496
-0.7203403315 -0.6936028051 0.0049955526 0.6420643495 -0.6695053332 -0.3735183796 0.2624179450 -0.2658528871 0.9276093275
-0.7951621561 -0.6063761776 0.0050076775 0.5610063789 -0.7387518321 -0.3735205127 0.2301933717 -0.2942000372 0.9276084032
-0.8594821697 -0.5111410780 0.0050198013 0.4725386556 -0.7982405954 -0.3735226510 0.1949297796 -0.3186640083 0.9276074767
-0.9124508916 -0.4091552886 0.0050319240 0.3778296960 -0.8471858998 -0.3735247944 0.1570926201 -0.3389218213 0.9276065479
-0.9533687589 -0.3017657488 0.0050440456 0.2781304503 -0.8849412837 -0.3735269429 0.1171813218 -0.3547060153 0.9276056169
-0.9816953659 -0.1903907659 0.0050561661 0.1747577793 -0.9110080859 -0.3735290966 0.0757226990 -0.3658081788 0.9276046837
-0.9970566013 -0.0765012831 0.0050682856 0.0690770606 -0.9250420320 -0.3735312554 0.0332639975 -0.3720817017 0.9276037482
-0.9992495890 0.0383985473 0.0050804039 -0.0375158453 -0.9268577809 -0.3735334194 -0.0096343288 -0.3734437114 0.9276028105
-0.9882453675 0.1527912293 0.0050925212 -0.1436130323 -0.9164313728 -0.3735355885 -0.0524060156 -0.3698761673 0.9276018706
-0.9641892727 0.2651659650 0.0051046373 -0.2478131445 -0.8939005455 -0.3735377627 -0.0944864632 -0.3614261000 0.9276009285
-0.9273990179 0.3740386082 0.0051167524 -0.3487398858 -0.8595629143 -0.3735399421 -0.1353201894 -0.3482049911 0.9275999841
-0.8783604979 0.4779712653 0.0051288664 -0.4450601979 -0.8138720414 -0.3735421266 -0.1743681619 -0.3303873026 0.9275990375
-0.8177213720 0.5755912857 0.0051409793 -0.5355018683 -0.7574314443 -0.3735443163 -0.2111149139 -0.3082081748 0.9275980887
-0.7462825097 0.6656093910 0.0051530910 -0.6188703330 -0.6909866243 -0.3735465111 -0.2450753488 -0.2819603230 0.9275971376
-0.6649874141 0.7468367022 0.0051652017 -0.6940644554 -0.6154152194 -0.3735487111 -0.2758011438 -0.2519901743 0.9275961843
-0.5749097604 0.8182004417 0.0051773112 -0.7600910692 -0.5317154122 -0.3735509162 -0.3028866684 -0.2186932958 0.9275952288
-0.4772392162 0.8787581012 0.0051894197 -0.8160780970 -0.4409927453 -0.3735531264 -0.3259743396 -0.1825091730 0.9275942711
-0.3732657290 0.9277098898 0.0052015270 -0.8612860683 -0.3444455185 -0.3735553417 -0.3447593423 -0.1439154097 0.9275933111
-0.2643624899 0.9644092969 0.0052136332 -0.8951178864 -0.2433489617 -0.3735575622 -0.3589936537 -0.1034214236 0.9275923489
-0.1519677975 0.9883716306 0.0052257383 -0.9171267146 -0.1390383910 -0.3735597879 -0.3684893184 -0.0615617224 0.9275913845
-0.0375660626 0.9992804191 0.0052378422 -0.9270218783 -0.0328915712 -0.3735620186 -0.3731209297 -0.0188888485 0.9275904178
0.0773317972 0.9969915903 0.0052499451 -0.9246727032 0.0736894819 -0.3735642545 -0.3728272860 0.0240339143 0.9275894490
0.1912083120 0.9815353749 0.0052620468 -0.9101102417 0.1792970197 -0.3735664956 -0.3676121996 0.0666399764 0.9275884779
0.3025595013 0.9531159067 0.0052741474 -0.8835268623 0.2825361549 -0.3735687418 -0.3575444473 0.1083669214 0.9275875045
0.4099147369 0.9121085265 0.0052862468 -0.8452737079 0.3820432854 -0.3735709931 -0.3427568631 0.1486639299 0.9275865290
0.5118561659 0.8590548254 0.0052983451 -0.7958560582 0.4765041048 -0.3735732495 -0.3234445858 0.1869990511 0.9275855512
0.6070374363 0.7946554915 0.0053104423 -0.7359266551 0.5646709624 -0.3735755111 -0.2998624839 0.2228662245 0.9275845712
0.6942014785 0.7197610561 0.0053225383 -0.6662770811 0.6453793421 -0.3735777778 -0.2723217921 0.2557919604 0.9275835890
0.7721971077 0.6353606602 0.0053346332 -0.5878273033 0.7175632432 -0.3735800496 -0.2411860036 0.2853415908 0.9275826045
0.8399942275 0.5425689912 0.0053467269 -0.5016135222 0.7802692610 -0.3735823266 -0.2068660727 0.3111250073 0.9275816178
0.8966974346 0.4426115609 0.0053588195 -0.4087744852 0.8326691782 -0.3735846087 -0.1698149906 0.3328018115 0.9275806289
0.9415578443 0.3368085199 0.0053709109 -0.3105364452 0.8740709052 -0.3735868959 -0.1305218065 0.3500858088 0.9275796378
0.9739829815 0.2265572225 0.0053830012 -0.2081969642 0.9039276202 -0.3735891883 -0.0895051723 0.3627487870 0.9275786445
