1960
36714
-0.2718497046 -0.9623277922 0.0047914984 0.8720493780 -0.2484463107 -0.4216684870 0.4069737343 -0.1104520305 0.9067374088
-0.3804646859 -0.9247830992 0.0047793546 0.8377869945 -0.3468528771 -0.4216705271 0.3916115098 -0.1564266636 0.9067365242
-0.4840548366 -0.8750246790 0.0047672097 0.7924610259 -0.4406787638 -0.4216725620 0.3710747064 -0.2003348152 0.9067356418
-0.5812520282 -0.8137096958 0.0047550639 0.7366700613 -0.5286849340 -0.4216745918 0.3456346345 -0.2415962985 0.9067347616
-0.6707725650 -0.7416479427 0.0047429170 0.6711508873 -0.6097092074 -0.4216766164 0.3156273952 -0.2796658926 0.9067338837
-0.7514341373 -0.6597911466 0.0047307691 0.5967687577 -0.6826816079 -0.4216786359 0.2814494397 -0.3140405468 0.9067330080
-0.8221714369 -0.5692203993 0.0047186202 0.5145059671 -0.7466384929 -0.4216806502 0.2435523315 -0.3442660279 0.9067321346
-0.8820502266 -0.4711318785 0.0047064702 0.4254488781 -0.8007352789 -0.4216826594 0.2024367802 -0.3699429228 0.9067312633
-0.9302796785 -0.3668210505 0.0046943193 0.3307735754 -0.8442575949 -0.4216846634 0.1586460259 -0.3907319163 0.9067303944
-0.9662228192 -0.2576655603 0.0046821673 0.2317303343 -0.8766307153 -0.4216866622 0.1127586618 -0.4063582754 0.9067295276
-0.9894049417 -0.1451070372 0.0046700144 0.1296271096 -0.8974271502 -0.4216886559 0.0653809892 -0.4166154796 0.9067286631
-0.9995198755 -0.0306320551 0.0046578604 0.0258122628 -0.9063722897 -0.4216906444 0.0171390067 -0.4213679505 0.9067278008
-0.9964340299 0.0842475014 0.0046457055 -0.0783432438 -0.9033480303 -0.4216926278 -0.0313298614 -0.4205528441 0.9067269407
-0.9801881585 0.1980144039 0.0046335495 -0.1814639524 -0.8883943343 -0.4216946060 -0.0793851869 -0.4141808815 0.9067260829
-0.9509968210 0.3091661189 0.0046213925 -0.2821880730 -0.8617087017 -0.4216965791 -0.1263920005 -0.4023362080 0.9067252274
-0.9092455496 0.4162346520 0.0046092346 -0.3791854675 -0.8236435617 -0.4216985470 -0.1717291815 -0.3851752819 0.9067243740
-0.8554857569 0.5178059354 0.0045970757 -0.4711752147 -0.7747016181 -0.4217005097 -0.2147976649 -0.3629248078 0.9067235229
-0.7904274536 0.6125385042 0.0045849157 -0.5569425262 -0.7155292109 -0.4217024673 -0.2550283574 -0.3358787420 0.9067226740
-0.7149298716 0.6991812130 0.0045727548 -0.6353547882 -0.6469077798 -0.4217044197 -0.2918896571 -0.3043944083 0.9067218274
-0.6299901152 0.7765897602 0.0045605929 -0.7053765185 -0.5697435451 -0.4217063670 -0.3248944781 -0.2688877779 0.9067209830
-0.5367299933 0.8437418006 0.0045484300 -0.7660830407 -0.4850555399 -0.4217083091 -0.3536066868 -0.2298279730 0.9067201408
-0.4363812027 0.8997504477 0.0045362662 -0.8166726951 -0.3939621524 -0.4217102460 -0.3776468655 -0.1877310691 0.9067193009
-0.3302690614 0.9438759874 0.0045241014 -0.8564774247 -0.2976663569 -0.4217121778 -0.3966973255 -0.1431532758 0.9067184632
-0.2197950046 0.9755356469 0.0045119355 -0.8849715977 -0.1974398272 -0.4217141044 -0.4105063059 -0.0966835883 0.9067176278
-0.1064180762 0.9943112919 0.0044997688 -0.9017789481 -0.0946061430 -0.4217160259 -0.4188913007 -0.0489360049 0.9067167946
0.0083643411 0.9999549486 0.0044876010 -0.9066775444 0.0094766891 -0.4217179422 -0.4217414708 -0.0005414144 0.9067159636
0.1230363021 0.9923920792 0.0044754323 -0.8996027204 0.1134341689 -0.4217198533 -0.4190191090 0.0478607402 0.9067151349
0.2360833203 0.9717225660 0.0044632627 -0.8806479285 0.2158934548 -0.4217217593 -0.4107601393 0.0956309101 0.9067143084
0.3460123696 0.9382193922 0.0044510920 -0.8500635051 0.3155014925 -0.4217236601 -0.3970736422 0.1421378920 0.9067134841
0.4513716033 0.8923250370 0.0044389205 -0.8082533652 0.4109428833 -0.4217255557 -0.3781404149 0.1867671679 0.9067126621
0.5507695288 0.8346456314 0.0044267479 -0.7557696671 0.5009572551 -0.4217274462 -0.3542105821 0.2289290250 0.9067118423
0.6428933848 0.7659429531 0.0044145744 -0.6933055211 0.5843559065 -0.4217293315 -0.3256002922 0.2680663486 0.9067110248
0.7265264794 0.6871243654 0.0044024000 -0.6216858358 0.6600375040 -0.4217312117 -0.2926875403 0.3036619828 0.9067102095
0.8005642594 0.5992308341 0.0043902246 -0.5418564246 0.7270026264 -0.4217330866 -0.2559071741 0.3352455647 0.9067093964
0.8640288976 0.5034231787 0.0043780483 -0.4548715148 0.7843669623 -0.4217349565 -0.2157451488 0.3623997400 0.9067085856
0.9160822076 0.4009667418 0.0043658710 -0.3618798258 0.8313729881 -0.4217368211 -0.1727321063 0.3847656775 0.9067077770
0.9560367139 0.2932146773 0.0043536928 -0.2641093992 0.8673999715 -0.4217386806 -0.1274363642 0.4020478111 0.9067069707
0.9833647311 0.1815900794 0.0043415137 -0.1628513811 0.8919721682 -0.4217405349 -0.0804564066 0.4140177462 0.9067061666
0.9977053333 0.0675671874 0.0043293336 -0.0594429717 0.9047651047 -0.4217423840 -0.0324129766 0.4205172774 0.9067053647
0.9988691211 -0.0473480849 0.0043171526 0.0447502339 0.9056098623 -0.4217442280 0.0160591255 0.4214604799 0.9067045651
0.9868407228 -0.1616380373 0.0043049707 0.1483522792 0.8944953082 -0.4217460668 0.0643194304 0.4168348456 0.9067037677
0.9617789975 -0.2737932285 0.0042927878 0.2499950172 0.8715682417 -0.4217479005 0.1117302618 0.4067014485 0.9067029726
0.9240149371 -0.3823324109 0.0042806040 0.3483361775 0.8371314554 -0.4217497289 0.1576651624 0.3911941385 0.9067021796
0.8740472948 -0.4858220940 0.0042684193 0.4420770926 0.7916397365 -0.4217515522 0.2015171719 0.3705177737 0.9067013890
0.8125359982 -0.5828954762 0.0042562337 0.5299798471 0.7356938605 -0.4217533704 0.2427068467 0.3449455138 0.9067006006
0.7402934331 -0.6722704969 0.0042440471 0.6108836254 0.6700326571 -0.4217551833 0.2806899165 0.3148152115 0.9066998144
0.6582737148 -0.7527667685 0.0042318597 0.6837200414 0.5955232535 -0.4217569911 0.3149644764 0.2805249486 0.9066990305
0.5675600869 -0.8233211659 0.0042196713 0.7475272468 0.5131496227 -0.4217587937 0.3450776190 0.2425277769 0.9066982488
0.4693506143 -0.8830018675 0.0042074821 0.8014626330 0.4239995891 -0.4217605912 0.3706314190 0.2013257322 0.9066974693
0.3649423608 -0.9310206619 0.0041952919 0.8448139585 0.3292504631 -0.4217623834 0.3912881916 0.1574632010 0.9066966921
0.2557142582 -0.9667433578 0.0041831008 0.8770087537 0.2301534932 -0.4217641705 0.4067749551 0.1115197281 0.9066959171
0.1431088951 -0.9896981599 0.0041709089 0.8976218811 0.1280173425 -0.4217659525 0.4168870384 0.0641023585 0.9066951444
0.0286134639 -0.9995819000 0.0041587160 0.9063811491 0.0241908062 -0.4217677292 0.4214907854 0.0158376175 0.9066943739
-0.0862598805 -0.9962640410 0.0041465222 0.9031709064 -0.0799549997 -0.4217695008 0.4205253224 -0.0326367685 0.9066936057
-0.1999939919 -0.9797884009 0.0041343276 0.8880335687 -0.1830447459 -0.4217712672 0.4140033624 -0.0806802977 0.9066928397
-0.3110867696 -0.9503725742 0.0041221320 0.8611690584 -0.2837170515 -0.4217730284 0.4020110379 -0.1276581564 0.9066920759
-0.4180709977 -0.9084050580 0.0041099356 0.8229321642 -0.3806424624 -0.4217747845 0.3847067636 -0.1729496068 0.9066913144
-0.5195337218 -0.8544401210 0.0040977383 0.7738278557 -0.4725410077 -0.4217765354 0.3623191433 -0.2159561892 0.9066905551
-0.6141349109 -0.7891904837 0.0040855401 0.7145046142 -0.5581991024 -0.4217782811 0.3351439505 -0.2561096298 0.9066897981
-0.7006251547 -0.7135179048 0.0040733410 0.6457458691 -0.6364855740 -0.4217800216 0.3035402201 -0.2928793498 0.9066890433
-0.7778621652 -0.6284218003 0.0040611411 0.5684596516 -0.7063666003 -0.4217817570 0.2679255055 -0.3257794759 0.9066882908
-0.8448258628 -0.5350260439 0.0040489402 0.4836666036 -0.7669193611 -0.4217834872 0.2287703612 -0.3543752613 0.9066875405
-0.9006318487 -0.4345641240 0.0040367385 0.3924864986 -0.8173442257 -0.4217852122 0.1865921262 -0.3782888300 0.9066867924
-0.9445430854 -0.3283628527 0.0040245360 0.2961234543 -0.8569753111 -0.4217869320 0.1419480882 -0.3972041706 0.9066860466
-0.9759796305 -0.2178248426 0.0040123325 0.1958500311 -0.8852892764 -0.4217886466 0.0954281205 -0.4108713120 0.9066853030
-0.9945262966 -0.1044099824 0.0040001283 0.0929904268 -0.9019122330 -0.4217903561 0.0476468882 -0.4191096271 0.9066845617
-0.9999381342 0.0103838444 0.0039879231 -0.0110970104 -0.9066246821 -0.4217920604 -0.0007642736 -0.4218102199 0.9066838227
-0.9921436673 0.1250405417 0.0039757171 -0.1150377206 -0.8993644130 -0.4217937595 -0.0491657017 -0.4189373648 0.9066830858
-0.9712458371 0.2380458244 0.0039635102 -0.2174590836 -0.8802273243 -0.4217954534 -0.0969178564 -0.4105289796 0.9066823512
-0.9375206424 0.3479072178 0.0039513025 -0.3170085459 -0.8494661575 -0.4217971422 -0.1433897725 -0.3966961244 0.9066816189
-0.8914134949 0.4531737688 0.0039390939 -0.4123714822 -0.8074871586 -0.4217988258 -0.1879673958 -0.3776215354 0.9066808888
-0.8335333359 0.5524552086 0.0039268845 -0.5022885558 -0.7548447134 -0.4218005042 -0.2300616975 -0.3535572105 0.9066801610
-0.7646445948 0.6444403145 0.0039146743 -0.5855723492 -0.6922340262 -0.4218021774 -0.2691164571 -0.3248210800 0.9066794354
-0.6856570925 0.7279142273 0.0039024632 -0.6611230447 -0.6204819383 -0.4218038454 -0.3046156123 -0.2917928066 0.9066787120
-0.5976140256 0.8017744959 0.0038902512 -0.7279429483 -0.5405360092 -0.4218055082 -0.3360900779 -0.2549087688 0.9066779909
-0.5016781889 0.8650456379 0.0038780384 -0.7851496645 -0.4534520031 -0.4218071659 -0.3631239446 -0.2146562956 0.9066772720
-0.3991166179 0.9168920224 0.0038658248 -0.8319877494 -0.3603799461 -0.4218088184 -0.3853599748 -0.1715672279 0.9066765554
-0.2912838552 0.9566289068 0.0038536104 -0.8678386863 -0.2625489396 -0.4218104657 -0.4025043234 -0.1262108908 0.9066758410
-0.1796040609 0.9837314801 0.0038413951 -0.8922290535 -0.1612509282 -0.4218121078 -0.4143304206 -0.0791865718 0.9066751289
-0.0655522032 0.9978417941 0.0038291790 -0.9048367761 -0.0578236392 -0.4218137448 -0.4206819668 -0.0311156023 0.9066744190
0.0493654211 0.9987734908 0.0038169621 -0.9054953792 0.0463670836 -0.4218153765 -0.4214749975 0.0173668521 0.9066737114
0.1636310810 0.9865142641 0.0038047444 -0.8941961853 0.1499453173 -0.4218170031 -0.4166989940 0.0656201843 0.9066730060
0.2757356559 0.9612260217 0.0037925258 -0.8710884294 0.2515432292 -0.4218186245 -0.4064170225 0.1130068098 0.9066723029
0.3841985668 0.9232427474 0.0037803064 -0.8364772879 0.3498191411 -0.4218202407 -0.3907649014 0.1589005914 0.9066716020
0.4875873302 0.8730660897 0.0037680862 -0.7908198475 0.4434752464 -0.4218218517 -0.3699494076 0.2026951131 0.9066709033
0.5845364777 0.8113587368 0.0037558652 -0.7347190699 0.5312747491 -0.4218234575 -0.3442455440 0.2438116923 0.9066702069
0.6737655894 0.7389356641 0.0037436434 -0.6689158279 0.6120581962 -0.4218250582 -0.3139929071 0.2817070266 0.9066695128
0.7540962048 0.6567533711 0.0037314208 -0.5942791220 0.6847587892 -0.4218266536 -0.2795912000 0.3158803731 0.9066688209
0.8244673867 0.5658972485 0.0037191974 -0.5117946042 0.7484164722 -0.4218282439 -0.2414949511 0.3458801648 0.9066681312
0.8839497334 0.4675672434 0.0037069731 -0.4225515613 0.8021906092 -0.4218298290 -0.2002075094 0.3713099776 0.9066674438
0.9317576534 0.3630620116 0.0036947481 -0.3277285302 0.8453710860 -0.4218314089 -0.1562743931 0.3918337693 0.9066667587
0.9672597403 0.2537617659 0.0036825223 -0.2285777339 0.8773876871 -0.4218329836 -0.1102760826 0.4071803196 0.9066660758
0.9899871127 0.1411100477 0.0036702957 -0.1264085450 0.8978176260 -0.4218345531 -0.0628203501 0.4171468146 0.9066653951
0.9996396063 0.0265946616 0.0036580683 -0.0225701941 0.9063911277 -0.4218361175 -0.0145342295 0.4216015271 0.9066647167
0.9960897382 -0.0882719737 0.0036458401 0.0815660475 0.9029949914 -0.4218376766 0.0339442689 0.4204855576 0.9066640405
0.9793843907 -0.2019728005 0.0036336112 0.1846249771 0.8876740851 -0.4218392306 0.0819745883 0.4138136132 0.9066633666
0.9497441922 -0.3130061580 0.0036213814 0.2852456208 0.8606307528 -0.4218407794 0.1289220894 0.4016738134 0.9066626950
0.9075606034 -0.4199056147 0.0036091509 0.3820992067 0.8222221420 -0.4218423230 0.1741664362 0.3842265268 0.9066620256
0.8533907468 -0.5212593361 0.0035969196 0.4739067116 0.7729554873 -0.4218438614 0.2171097924 0.3617022522 0.9066613584
0.7879500494 -0.6157287305 0.0035846875 0.5594557522 0.7134814114 -0.4218453946 0.2571847214 0.3343985735 0.9066606935
0.7121027936 -0.7020661286 0.0035724547 0.6376165949 0.6445853332 -0.4218469226 0.2938616839 0.3026762284 0.9066600308
0.6268507023 -0.7791312610 0.0035602210 0.7073570750 0.5671770954 -0.4218484454 0.3266560354 0.2669543418 0.9066593704
0.5333197096 -0.8459063182 0.0035479867 0.7677562270 0.4822789489 -0.4218499630 0.3551344298 0.2277048886 0.9066587122
0.4327450901 -0.9015093929 0.0035357515 0.8180164465 0.3910120533 -0.4218514755 0.3789205461 0.1854464576 0.9066580563
0.3264551444 -0.9452061275 0.0035235156 0.8574740230 0.2945816709 -0.4218529827 0.3977000611 0.1407373995 0.9066574027
0.2158536565 -0.9764194129 0.0035112789 0.8856079045 0.1942612500 -0.4218544848 0.4112248029 0.0941684494 0.9066567512
0.1024013534 -0.9947370102 0.0034990415 0.9020465781 0.0913756077 -0.4218559817 0.4193160309 0.0463549219 0.9066561021
-0.0124033867 -0.9999169957 0.0034868033 0.9065729762 -0.0127165648 -0.4218574733 0.4218667975 -0.0020714197 0.9066554552
-0.1270443236 -0.9918909553 0.0034745644 0.8991273424 -0.1166406454 -0.4218589598 0.4188433621 -0.0504707103 0.9066548105
-0.2400073803 -0.9707648890 0.0034623247 0.8798080207 -0.2190242338 -0.4218604411 0.4102856373 -0.0982034383 0.9066541681
-0.3498006398 -0.9368178101 0.0034500843 0.8488701562 -0.3185152755 -0.4218619172 0.3963066620 -0.1446388949 0.9066535279
-0.4549740487 -0.8904980608 0.0034378431 0.8067223259 -0.4137999162 -0.4218633881 0.3770911082 -0.1891635089 0.9066528900
-0.5541385685 -0.8324173906 0.0034256012 0.7539211426 -0.5036198525 -0.4218648538 0.3528928416 -0.2311889530 0.9066522544
-0.6459845207 -0.7633428771 0.0034133586 0.6911639042 -0.5867889488 -0.4218663143 0.3240315672 -0.2701599186 0.9066516210
-0.7292988839 -0.6841867949 0.0034011152 0.6192793851 -0.6622089007 -0.4218677696 0.2908886059 -0.3055614530 0.9066509898
-0.8029813144 -0.5959945673 0.0033888711 0.5392168915 -0.7288837392 -0.4218692198 0.2539018561 -0.3369257641 0.9066503609
-0.8660586785 -0.4999309590 0.0033766263 0.4520337249 -0.7859329831 -0.4218706647 0.2135600079 -0.3638384014 0.9066497343
-0.9176979047 -0.3972646934 0.0033643807 0.3588812190 -0.8326032658 -0.4218721044 0.1703960866 -0.3859437332 0.9066491099
-0.9572169865 -0.2893516958 0.0033521344 0.2609895361 -0.8682782844 -0.4218735390 0.1249804094 -0.4029496457 0.9066484877
-0.9840939896 -0.1776171860 0.0033398874 0.1596514208 -0.8924869383 -0.4218749683 0.0779130506 -0.4146314029 0.9066478679
-0.9979739450 -0.0635368551 0.0033276397 0.0562051290 -0.9049095496 -0.4218763924 0.0298159121 -0.4208346172 0.9066472502
-0.9986735373 0.0513826241 0.0033153912 -0.0479832454 -0.9053820853 -0.4218778114 -0.0186754932 -0.4214772894 0.9066466348
-0.9861835259 0.1656234962 0.0033031421 -0.1515378107 -0.8938983227 -0.4218792251 -0.0669204391 -0.4165508927 0.9066460217
-0.9606688668 0.2776769677 0.0032908922 -0.2530910472 -0.8706099315 -0.4218806337 -0.1142814517 -0.4061204856 0.9066454108
-0.9224665342 0.3860631345 0.0032786416 -0.3513018662 -0.8358244706 -0.4218820370 -0.1601327327 -0.3903238535 0.9066448022
-0.8720810699 0.4893505269 0.0032663903 -0.4448733205 -0.7900013264 -0.4218834352 -0.2038684286 -0.3693696875 0.9066441958
-0.8101779200 0.5861750153 0.0032541383 -0.5325697311 -0.7337456462 -0.4218848282 -0.2449106358 -0.3435348281 0.9066435917
-0.7375746460 0.6752578261 0.0032418856 -0.6132330053 -0.6678003460 -0.4218862159 -0.2827170367 -0.3131606076 0.9066429898
-0.6552301275 0.7554224312 0.0032296323 -0.6857979303 -0.5930363000 -0.4218875985 -0.3167880662 -0.2786483401 0.9066423902
-0.5642318978 0.8256100859 0.0032173782 -0.7493062400 -0.5104408396 -0.4218889758 -0.3466735124 -0.2404540190 0.9066417928
-0.4657817811 0.8848938126 0.0032051234 -0.8029192695 -0.4211047150 -0.4218903480 -0.3719784660 -0.1990822930 0.9066411977
-0.3611800195 0.9324906429 0.0031928679 -0.8459290299 -0.3262076904 -0.4218917150 -0.3923685385 -0.1550797975 0.9066406049
-0.2518081009 0.9677719587 0.0031806118 -0.8777675580 -0.2270029646 -0.4218930767 -0.4075742809 -0.1090279322 0.9066400143
-0.1391105132 0.9902717943 0.0031683549 -0.8980144164 -0.1248006212 -0.4218944333 -0.4173947448 -0.0615351795 0.9066394259
-0.0245756672 0.9996929907 0.0031560974 -0.9064022455 -0.0209503277 -0.4218957847 -0.4217001374 -0.0132290642 0.9066388399
0.0902837616 0.9959111199 0.0031438392 -0.9028202938 0.0831764876 -0.4218971308 -0.4204335375 0.0352521381 0.9066382560
0.2039508105 0.9789761285 0.0031315803 -0.8873158805 0.1862047467 -0.4218984718 -0.4136116476 0.0832678343 0.9066376744
0.3149242649 0.9491116779 0.0031193208 -0.8600937703 0.2867738808 -0.4218998075 -0.4013245740 0.1301835784 0.9066370951
0.4217384844 0.9067121908 0.0031070605 -0.8215134690 0.3835557977 -0.4219011381 -0.3837346363 0.1753794545 0.9066365180
0.5229827601 0.8523376413 0.0030947996 -0.7720844758 0.4752724204 -0.4219024634 -0.3610742235 0.2182582681 0.9066359432
0.6173199462 0.7867061599 0.0030825381 -0.7124595548 0.5607125646 -0.4219037836 -0.3336427233 0.2582534373 0.9066353707
0.7035041191 0.7106845488 0.0030702758 -0.6434261147 0.6387479337 -0.4219050985 -0.3018025669 0.2948364790 0.9066348004
0.7803970333 0.6252768338 0.0030580129 -0.5658958096 0.7083480185 -0.4219064083 -0.2659744406 0.3275239927 0.9066342323
0.8469831540 0.5316110046 0.0030457494 -0.4808925007 0.7685937058 -0.4219077128 -0.2266317269 0.3558840473 0.9066336665
0.9023830692 0.4309241167 0.0030334852 -0.3895387343 0.8186894160 -0.4219090122 -0.1842942506 0.3795418894 0.9066331030
0.9458651047 0.3245459535 0.0030212203 -0.2930409184 0.8579736089 -0.4219103063 -0.1395214100 0.3981848949 0.9066325417
0.9768549869 0.2138814642 0.0030089548 -0.1926733903 0.8859275199 -0.4219115952 -0.0929047856 0.4115667003 0.9066319827
0.9949434278 0.1003922079 0.0029966887 -0.0897615884 0.9021820104 -0.4219128790 -0.0450603241 0.4195104585 0.9066314259
0.9998915300 -0.0144229490 0.0029844219 0.0143354517 0.9065224424 -0.4219141575 0.0033798010 0.4219111755 0.9066308714
0.9916339425 -0.1290476286 0.0029721544 0.1182430440 0.8988915128 -0.4219154308 0.0517755414 0.4187370986 0.9066303191
0.9702797232 -0.2419679688 0.0029598863 0.2205890062 0.8793900099 -0.4219166989 0.0994874321 0.4100301362 0.9066297691
0.9361108989 -0.3516926165 0.0029476176 0.3200217805 0.8482754821 -0.4219179618 0.1458850402 0.3959053043 0.9066292214
0.8895787406 -0.4567724247 0.0029353482 0.4152282816 0.8059588366 -0.4219192195 0.1903552950 0.3765492076 0.9066286759
0.8312978034 -0.5558195909 0.0029230783 0.5049512373 0.7529989131 -0.4219204720 0.2323105894 0.3522175736 0.9066281326
0.7620378098 -0.6475259868 0.0029108076 0.5880057918 0.6900951033 -0.4219217193 0.2711965435 0.3232318747 0.9066275917
0.6827134844 -0.7306804340 0.0028985364 0.6632951519 0.6180781149 -0.4219229614 0.3064993307 0.2899750803 0.9066270529
0.5943724725 -0.8041847010 0.0028862645 0.7298250717 0.5378990013 -0.4219241983 0.3377524664 0.2528865971 0.9066265165
0.4981815042 -0.8670680072 0.0028739920 0.7867169819 0.4506166020 -0.4219254299 0.3645429732 0.2124564637 0.9066259823
0.3954109847 -0.9184998442 0.0028617189 0.8332195917 0.3573835595 -0.4219266564 0.3865168369 0.1692188749 0.9066254503
0.2874182166 -0.9578009446 0.0028494452 0.8687188103 0.2594310981 -0.4219278776 0.4033836851 0.1237451247 0.9066249206
0.1756294732 -0.9844522531 0.0028371708 0.8927458562 0.1580527638 -0.4219290937 0.4149206242 0.0766360569 0.9066243932
0.0615211619 -0.9981017817 0.0028248959 0.9049834474 0.0545873427 -0.4219303045 0.4209751851 0.0285141266 0.9066238680
-0.0533996748 -0.9985692584 0.0028126203 0.9052699917 -0.0495988194 -0.4219315102 0.4214673379 -0.0199848247 0.9066233451
-0.1676152634 -0.9858485084 0.0028003441 0.8936017198 -0.1531298604 -0.4219327106 0.4163905497 -0.0682199701 0.9066228245
-0.2796171446 -0.9601075352 0.0027880673 0.8701327354 -0.2546385712 -0.4219339058 0.4058118718 -0.1155539653 0.9066223060
-0.3879260954 -0.9216863021 0.0027757899 0.8351729797 -0.3527844511 -0.4219350958 0.3898710537 -0.1613613695 0.9066217899
-0.4911116661 -0.8710922422 0.0027635120 0.7891841382 -0.4462714098 -0.4219362806 0.3687786971 -0.2050369099 0.9066212760
-0.5878110718 -0.8089935566 0.0027512334 0.7327735437 -0.5338648831 -0.4219374602 0.3428134735 -0.2460034796 0.9066207644
-0.6767471910 -0.7362103895 0.0027389542 0.6666861557 -0.6144081368 -0.4219386345 0.3123184423 -0.2837197628 0.9066202550
-0.7567454329 -0.6537039965 0.0027266745 0.5917947224 -0.6868375416 -0.4219398037 0.2776965184 -0.3176873878 0.9066197479
-0.8267492503 -0.5625640490 0.0027143941 0.5090882556 -0.7501966194 -0.4219409677 0.2394051485 -0.3474575125 0.9066192431
-0.8858340935 -0.4639942428 0.0027021132 0.4196589693 -0.8036486741 -0.4219421264 0.1979502672 -0.3726367550 0.9066187405
-0.9332196209 -0.3592964012 0.0026898317 0.3246878565 -0.8464878406 -0.4219432799 0.1538796118 -0.3928923921 0.9066182401
-0.9682800054 -0.2498532809 0.0026775496 0.2254290929 -0.8781484063 -0.4219444283 0.1077754856 -0.4079567557 0.9066177420
-0.9905521991 -0.1371103103 0.0026652669 0.1231934745 -0.8982122815 -0.4219455714 0.0602470637 -0.4176307701 0.9066172462
-0.9997420497 -0.0225564997 0.0026529837 0.0193311076 -0.9064145204 -0.4219467093 0.0119223437 -0.4217865829 0.9066167527
-0.9957281849 0.0922952249 0.0026406998 -0.0847864208 -0.9026468199 -0.4219478420 -0.0365601517 -0.4203692543 0.9066162614
-0.9785636153 0.2059280026 0.0026284155 -0.1877841555 -0.8869589495 -0.4219489694 -0.0845598119 -0.4133974838 0.9066157723
-0.9484750347 0.3168410713 0.0026161305 -0.2883019308 -0.8595580939 -0.4219500917 -0.1314424029 -0.4009633633 0.9066152855
-0.9058598258 0.4235695881 0.0026038450 -0.3850123324 -0.8208061168 -0.4219512087 -0.1765884478 -0.3832311609 0.9066148010
-0.8512808122 0.5247039762 0.0025915589 -0.4766382269 -0.7712147819 -0.4219523206 -0.2194014119 -0.3604351502 0.9066143188
-0.7854588247 0.6189085409 0.0025792723 -0.5619696273 -0.7114389948 -0.4219534272 -0.2593155851 -0.3328765157 0.9066138388
-0.7092631819 0.7049391104 0.0025669851 -0.6398796717 -0.6422681539 -0.4219545286 -0.2958035573 -0.3009193731 0.9066133610
-0.6237002082 0.7816594679 0.0025546973 -0.7093395046 -0.5646157258 -0.4219556248 -0.3283831869 -0.2649859588 0.9066128855
-0.5298999439 0.8480563576 0.0025424090 -0.7694318632 -0.4795071824 -0.4219567158 -0.3566239721 -0.2255510505 0.9066124123
-0.4291012199 0.9032528669 0.0025301201 -0.8193631905 -0.3880664579 -0.4219578016 -0.3801527392 -0.1831356947 0.9066119413
-0.3226352971 0.9465200080 0.0025178307 -0.8584741152 -0.2915011070 -0.4219588821 -0.3986585740 -0.1383003218 0.9066114726
-0.2119082837 0.9772863457 0.0025055408 -0.8862481584 -0.1910863578 -0.4219599575 -0.4118969302 -0.0916373413 0.9066110062
-0.0983825647 0.9951455445 0.0024932503 -0.9023185544 -0.0881482709 -0.4219610276 -0.4196928608 -0.0437633141 0.9066105420
0.0164425119 0.9998617348 0.0024809593 -0.9064730937 0.0159537713 -0.4219620925 -0.4219433305 0.0046891939 0.9066100801
0.1310504373 0.9913726285 0.0024686678 -0.8986569256 0.1198450174 -0.4219631522 -0.4186185768 0.0530799703 0.9066096204
0.2439275705 0.9697903416 0.0024563757 -0.8789732819 0.2221535011 -0.4219642067 -0.4097625046 0.1007696152 0.9066091630
0.3535831290 0.9353999130 0.0024440830 -0.8476821135 0.3215281593 -0.4219652559 -0.3954921052 0.1471279901 0.9066087079
0.4585688784 0.8886555408 0.0024317899 -0.8051966579 0.4166566737 -0.4219663000 -0.3759959120 0.1915425438 0.9066082550
0.5574982584 0.8301745828 0.0024194962 -0.7520779815 0.5062828012 -0.4219673388 -0.3515315088 0.2334264067 0.9066078044
0.6490646964 0.7607294035 0.0024072020 -0.6890275698 0.5892229635 -0.4219683724 -0.3224221270 0.2722261450 0.9066073561
0.7320588625 0.6812371733 0.0023949073 -0.6168780645 0.6643818769 -0.4219694008 -0.2890523748 0.3074290738 0.9066069100
0.8053846421 0.5927477553 0.0023826121 -0.5365822666 0.7307670165 -0.4219704240 -0.2518631559 0.3385700315 0.9066064661
0.8680736121 0.4964298396 0.0023703163 -0.4492005548 0.7875017230 -0.4219714420 -0.2113458434 0.3652375264 0.9066060246
0.9192978308 0.3935555083 0.0023580201 -0.3558868814 0.8338367796 -0.4219724547 -0.1680357878 0.3870791739 0.9066055852
0.9583807729 0.2854834350 0.0023457233 -0.2578735339 0.8691603061 -0.4219734623 -0.1225052431 0.4038063529 0.9066051482
0.9848062646 0.1736409407 0.0023334261 -0.1564548614 0.8930058385 -0.4219744646 -0.0753558061 0.4151980204 0.9066047134
0.9982253004 0.0595051426 0.0023211283 -0.0529701815 0.9050584896 -0.4219754617 -0.0272104669 0.4211036314 0.9066042809
0.9984606526 -0.0554165537 0.0023088300 0.0512139062 0.9051591067 -0.4219764535 0.0212946223 0.4214451294 0.9066038506
0.9855092123 -0.1696063634 0.0022965312 0.1547215671 0.8933063733 -0.4219774402 0.0695185531 0.4162179776 0.9066034226
0.9595420298 -0.2815561674 0.0022842320 0.2561859011 0.8696568264 -0.4219784216 0.1168241292 0.4054912192 0.9066029969
0.9209020562 -0.3897874308 0.0022719322 0.3542669932 0.8345227890 -0.4219793979 0.1625862862 0.3894065658 0.9066025734
0.8700996137 -0.4928707297 0.0022596319 0.4476696078 0.7883682455 -0.4219803689 0.2062003503 0.3681765245 0.9066021522
0.8078056558 -0.5894446301 0.0022473312 0.5351602939 0.7318027146 -0.4219813347 0.2470900286 0.3420815912 0.9066017332
0.7348429058 -0.6782336680 0.0022350300 0.6155836734 0.6655731992 -0.4219822952 0.2847150239 0.3114665440 0.9066013165
0.6521749911 -0.7580651954 0.0022227282 0.6878776987 0.5905543225 -0.4219832506 0.3185781735 0.2767358879 0.9066009021
0.5608937165 -0.8278848669 0.0022104261 0.7510876777 0.5077367770 -0.4219842007 0.3482320192 0.2383485104 0.9066004900
0.4622046446 -0.8867705649 0.0021981234 0.8043788813 0.4182142419 -0.4219851456 0.3732847194 0.1968116183 0.9066000800
0.3574111737 -0.9339445782 0.0021858202 0.8470475666 0.3231689399 -0.4219860853 0.3934052272 0.1526740358 0.9065996724
0.2478973239 -0.9687838730 0.0021735166 0.8785302699 0.2238560252 -0.4219870198 0.4083276646 0.1065189531 0.9065992670
0.1351094577 -0.9908283220 0.0021612125 0.8984112480 0.1215870078 -0.4219879490 0.4178548360 0.0589562206 0.9065988639
0.0205371783 -0.9997867805 0.0021489080 0.9064279678 0.0177124341 -0.4219888730 0.4218608344 0.0106142910 0.9065984631
-0.0943063443 -0.9955409325 0.0021366030 0.9024745735 -0.0863959479 -0.4219897918 0.4202927047 -0.0378680848 0.9065980645
-0.2079043574 -0.9781468527 0.0021242975 0.8866032842 -0.1893633041 -0.4219907054 0.4131711444 -0.0858502973 0.9065976682
-0.3187565581 -0.9478342662 0.0021119915 0.8590237042 -0.2898298699 -0.4219916138 0.4005902298 -0.1326983436 0.9065972741
-0.4253989075 -0.9050035143 0.0020996851 0.8201000548 -0.3864689067 -0.4219925169 0.3827161738 -0.1777932038 0.9065968823
-0.5264229667 -0.8502202674 0.0020873783 0.7703463641 -0.4780042230 -0.4219934148 0.3597851296 -0.2205390211 0.9065964928
-0.6204944982 -0.7842080539 0.0020750710 0.7104196793 -0.5632270267 -0.4219943075 0.3321000707 -0.2603709748 0.9065961055
-0.7063710873 -0.7078387048 0.0020627632 0.6411113893 -0.6410118890 -0.4219951950 0.3000267880 -0.2967627437 0.9065957205
-0.7829185509 -0.6221208390 0.0020504550 0.5633367737 -0.7103316058 -0.4219960773 0.2639890566 -0.3292334606 0.9065953377
-0.8491259168 -0.5281865423 0.0020381464 0.4781229158 -0.7702707627 -0.4219969543 0.2244630367 -0.3573540662 0.9065949573
-0.9041187755 -0.4272764162 0.0020258373 0.3865951391 -0.8200378243 -0.4219978261 0.1819709820 -0.3807529789 0.9065945790
-0.9471708290 -0.3207231928 0.0020135278 0.2899621462 -0.8589755859 -0.4219986927 0.1370743393 -0.3991210047 0.9065942031
-0.9777134829 -0.2099341335 0.0020012178 0.1895000571 -0.8865698533 -0.4219995540 0.0903663301 -0.4122154229 0.9065938294
-0.9953433561 -0.0963724427 0.0019889075 0.0865355571 -0.9024562323 -0.4220004102 0.0424641123 -0.4198631933 0.9065934580
-0.9998276079 0.0184620564 0.0019765966 -0.0175716238 -0.9064249410 -0.4220012611 -0.0059993746 -0.4219632434 0.9065930888
-0.9911070137 0.1330527304 0.0019642854 -0.1214466665 -0.8984235800 -0.4220021068 -0.0543837722 -0.4184878037 0.9065927219
-0.9692967467 0.2458861662 0.0019519737 -0.2237178186 -0.8785578240 -0.4220029473 -0.1020497650 -0.4094827752 0.9065923573
-0.9346848572 0.3554721586 0.0019396616 -0.3230345099 -0.8470900265 -0.4220037825 -0.1483675275 -0.3950671228 0.9065919949
-0.8877284680 0.4603633916 0.0019273491 -0.4180851870 -0.8044357547 -0.4220046125 -0.1927250462 -0.3754313043 0.9065916348
-0.8290477375 0.5591745537 0.0019150362 -0.5076146340 -0.7511583017 -0.4220054373 -0.2345362068 -0.3508347534 0.9065912770
-0.7594176687 0.6506006333 0.0019027228 -0.5904405480 -0.6879612478 -0.4220062569 -0.2732485384 -0.3216024525 0.9065909214
-0.6797578740 0.7334341546 0.0018904091 -0.6654691527 -0.6156791685 -0.4220070712 -0.3083505140 -0.2881206385 0.9065905681
-0.5911204296 0.8065811245 0.0018780949 -0.7317096425 -0.5352666139 -0.4220078804 -0.3393783092 -0.2508316997 0.9065902171
-0.4946759808 0.8690754817 0.0018657803 -0.7882872664 -0.4477855023 -0.4220086843 -0.3659219312 -0.2102283307 0.9065898683
-0.3916982810 0.9200918548 0.0018534654 -0.8344548798 -0.3543910973 -0.4220094829 -0.3876306363 -0.1668470223 0.9065895218
-0.2835473690 0.9589564639 0.0018411500 -0.8696028115 -0.2563167509 -0.4220102764 -0.4042175648 -0.1212609728 0.9065891775
-0.1716516072 0.9851560187 0.0018288342 -0.8932669141 -0.1548576167 -0.4220110646 -0.4154635313 -0.0740725146 0.9065888355
-0.0574888163 0.9983444978 0.0018165180 -0.9051346937 -0.0513535459 -0.4220118476 -0.4212199214 -0.0259051551 0.9065884958
0.0574332416 0.9983477188 0.0018042015 -0.9050494364 0.0528286064 -0.4220126254 -0.4214106553 0.0226046615 0.9065881584
0.1715967767 0.9851656386 0.0017918845 -0.8930122777 0.1563130317 -0.4220133979 -0.4160331935 0.0708159639 0.9065878232
0.2834940171 0.9589723538 0.0017795672 -0.8691821873 0.2577331363 -0.4220141652 -0.4051585708 0.1180917229 0.9065874903
0.3916471220 0.9201138020 0.0017672495 -0.8338738700 0.3557495890 -0.4220149273 -0.3889304576 0.1638072686 0.9065871596
0.4946276999 0.8691031922 0.0017549313 -0.7875536090 0.4490680074 -0.4220156842 -0.3675632618 0.2073585447 0.9065868312
0.5910756733 0.8066142273 0.0017426128 -0.7308331089 0.5364560512 -0.4220164358 -0.3413392965 0.2481700898 0.9065865051
0.6797172417 0.7334722063 0.0017302940 -0.6644614170 0.6167596965 -0.4220171822 -0.3106050493 0.2857026415 0.9065861812
0.7593817046 0.6506431244 0.0017179747 -0.5893150316 0.6889184755 -0.4220179234 -0.2757666048 0.3194602617 0.9065858596
0.8290169232 0.5592209151 0.0017056551 -0.5063863271 0.7519794803 -0.4220186594 -0.2372842785 0.3489968901 0.9065855403
0.8877032161 0.4604130024 0.0016933351 -0.4167704489 0.8051099473 -0.4220193901 -0.1956665354 0.3739222378 0.9065852232
0.9346655057 0.3555243544 0.0016810148 -0.3216508509 0.8476082539 -0.4220201156 -0.1514632712 0.3939069450 0.9065849084
0.9692835549 0.2459402481 0.0016686941 -0.2222836670 0.8789131842 -0.4220208359 -0.1052585463 0.4086869326 0.9065845959
0.9911001582 0.1331079742 0.0016563730 -0.1199811230 0.8986113402 -0.4220215509 -0.0576628692 0.4180668924 0.9065842856
0.9998271806 0.0185177222 0.0016440515 -0.0160942073 0.9064426004 -0.4220222608 -0.0093051293 0.4219228674 0.9065839776
0.9953493626 -0.0963171003 0.0016317297 0.0880051697 0.9023035558 -0.4220229654 0.0391757127 0.4202038902 0.9065836719
0.9777258428 -0.2098798557 0.0016194076 0.1909422928 0.8862488743 -0.4220236647 0.0871390677 0.4129326567 0.9065833684
0.9471893767 -0.3206707064 0.0016070851 0.2913577965 0.8584905794 -0.4220243589 0.1339511819 0.4002052262 0.9065830672
0.9041432626 -0.4272264241 0.0015947622 0.3879256160 0.8193952498 -0.4220250478 0.1789935114 0.3821897527 0.9065827683
0.8491560154 -0.5281397140 0.0015824390 0.4793704995 0.7694791785 -0.4220257314 0.2216708952 0.3591242631 0.9065824716
0.7829538579 -0.6220778015 0.0015701155 0.5644848482 0.7094015545 -0.4220264099 0.2614194189 0.3313135122 0.9065821772
0.7064111298 -0.7078000346 0.0015577916 0.6421446640 0.6399557575 -0.4220270831 0.2977138663 0.2991249562 0.9065818851
0.6205387400 -0.7841742687 0.0015454674 0.7113243925 0.5620588811 -0.4220277511 0.3300746594 0.2629838976 0.9065815952
0.5264708153 -0.8501918196 0.0015331429 0.7711104664 0.4767396212 -0.4220284139 0.3580741952 0.2233678656 0.9065813076
0.4254497221 -0.9049807849 0.0015208180 0.8207133695 0.3851246915 -0.4220290714 0.3813424958 0.1808003068 0.9065810223
0.3188096582 -0.9478175596 0.0015084928 0.8594780630 0.2884239440 -0.4220297237 0.3995720974 0.1358436684 0.9065807392
0.2079590319 -0.9781363926 0.0014961672 0.8868926357 0.1879143925 -0.4220303708 0.4125221131 0.0890919670 0.9065804584
0.0943618610 -0.9955368589 0.0014838413 0.9025950639 0.0849233478 -0.4220310126 0.4200214159 0.0411629396 0.9065801799
-0.0204815628 -0.9997891479 0.0014715152 0.9063779924 -0.0191891098 -0.4220316492 0.4219709000 -0.0073101188 0.9065799036
-0.1350544883 -0.9908370986 0.0014591886 0.8981914724 -0.1230480920 -0.4220322806 0.4183447908 -0.0556867229 0.9065796296
-0.2478437367 -0.9687989414 0.0014468618 0.8781436214 -0.2252820585 -0.4220329068 0.4091909853 -0.1033276601 0.9065793579
-0.3573596863 -0.9339657364 0.0014345347 0.8464991946 -0.3245409297 -0.4220335277 0.3946304197 -0.1496034366 0.9065790884
-0.4621559464 -0.8867975296 0.0014222072 0.8036760894 -0.4195139153 -0.4220341434 0.3748554715 -0.1939025950 0.9065788212
-0.5608484597 -0.8279172769 0.0014098795 0.7502398260 -0.5089468244 -0.4220347539 0.3501274179 -0.2356397939 0.9065785563
-0.6521337818 -0.7581026168 0.0013975514 0.6868960793 -0.5916586278 -0.4220353591 0.3207729834 -0.2742635422 0.9065782936
-0.7348062958 -0.6782755995 0.0013852230 0.6144813601 -0.6665570548 -0.4220359591 0.2871800233 -0.3092634861 0.9065780333
-0.8077741353 -0.5894905101 0.0013728943 0.5339519678 -0.7326530170 -0.4220365539 0.2497923986 -0.3401771527 0.9065777751
-0.8700736048 -0.4929199439 0.0013605654 0.4463713620 -0.7890736700 -0.4220371434 0.2091041114 -0.3665960613 0.9065775193
-0.9208819071 -0.3898393200 0.0013482361 0.3528961184 -0.8350739404 -0.4220377277 0.1656527776 -0.3881711203 0.9065772657
-0.9595280103 -0.2816100367 0.0013359065 0.2547606555 -0.8700463643 -0.4220383068 0.1200125237 -0.4046172404 0.9065770143
-0.9855015101 -0.1696614914 0.0013235767 0.1532609326 -0.8935291096 -0.4220388807 0.0727864002 -0.4157171016 0.9065767653
-0.9984593709 -0.0554722022 0.0013112466 0.0497373363 -0.9052120750 -0.4220394493 0.0245984139 -0.4213240251 0.9065765185
-0.9982304562 0.0594497189 0.0012989161 -0.0544430210 -0.9049409844 -0.4220400126 -0.0239147177 -0.4213639113 0.9065762740
-0.9848177889 0.1735864839 0.0012865854 -0.1579043546 -0.8927194248 -0.4220405708 -0.0721119790 -0.4158362192 0.9065760317
-0.9583985112 0.2854306745 0.0012742544 -0.2592803757 -0.8687087985 -0.4220411237 -0.1193565266 -0.4048139738 0.9065757917
-0.9193215455 0.3935051506 0.0012619232 -0.3572323349 -0.8332261917 -0.4220416714 -0.1650241040 -0.3884428014 0.9065755540
-0.8681029856 0.4963825590 0.0012495916 -0.4504667004 -0.7867401868 -0.4220422139 -0.2085112902 -0.3669390053 0.9065753186
-0.8054192811 0.5927041849 0.0012372598 -0.5377522413 -0.7298646746 -0.4220427511 -0.2492434726 -0.3405867084 0.9065750854
-0.7320983029 0.6811978967 0.0012249277 -0.6179362859 -0.6633507472 -0.4220432831 -0.2866824400 -0.3097340986 0.9065748545
-0.6491084100 0.7606949465 0.0012125954 -0.6899599441 -0.5880767790 -0.4220438098 -0.3203334942 -0.2747888286 0.9065746258
-0.5575456599 0.8301454068 0.0012002628 -0.7528720909 -0.5050368275 -0.4220443314 -0.3497519863 -0.2362126296 0.9065743994
-0.4586193328 0.8886320365 0.0011879299 -0.8058419261 -0.4153275053 -0.4220448477 -0.3745491925 -0.1945152102 0.9065741753
-0.3536359608 0.9353823952 0.0011755968 -0.8481699465 -0.3201334987 -0.4220453587 -0.3943974506 -0.1502475218 0.9065739535
-0.2439820720 0.9697790446 0.0011632634 -0.8792971825 -0.2207119232 -0.4220458645 -0.4090344892 -0.1039944787 0.9065737339
-0.1311058787 0.9913677037 0.0011509297 -0.8988125801 -0.1183757217 -0.4220463651 -0.4182668937 -0.0563672297 0.9065735166
-0.0164981508 0.9998632480 0.0011385958 -0.9064584290 -0.0144763267 -0.4220468605 -0.4219726620 -0.0079950825 0.9065733016
0.0983274735 0.9951534753 0.0011262617 -0.9021337657 0.0896141871 -0.4220473506 -0.4201028168 0.0404828110 0.9065730888
0.2118544780 0.9773005880 0.0011139273 -0.8858957070 0.1925212217 -0.4220478355 -0.4126820525 0.0884259005 0.9065728783
0.3225834974 0.9465403709 0.0011015927 -0.8579586953 0.2928858086 -0.4220483152 -0.3998084096 0.1352007006 0.9065726701
0.4290521198 0.9032790776 0.0010892578 -0.8186916667 0.3893825549 -0.4220487896 -0.3816519794 0.1801891615 0.9065724641
0.5298542008 0.8480880651 0.0010769227 -0.7686131792 0.4807371464 -0.4220492588 -0.3584526560 0.2227968358 0.9065722604
0.6236584349 0.7816962474 0.0010645873 -0.7083845642 0.5657431756 -0.4220497228 -0.3305169675 0.2624607323 0.9065720590
0.7092259376 0.7049804694 0.0010522518 -0.6388011932 0.6432780735 -0.4220501815 -0.2982140255 0.2986567560 0.9065718599
0.7854266081 0.6189539255 0.0010399160 -0.5607819744 0.7123179337 -0.4220506350 -0.2619706480 0.3309066326 0.9065716630
0.8512540546 0.5247527785 0.0010275799 -0.4753572175 0.7719510340 -0.4220510832 -0.2222657200 0.3587842283 0.9065714683
0.9058388856 0.4236211545 0.0010152437 -0.3836550276 0.8213898764 -0.4220515263 -0.1796238657 0.3819211809 0.9065712760
0.9484601922 0.3168947112 0.0010029072 -0.2868864078 0.8599815862 -0.4220519640 -0.1346085170 0.4000117665 0.9065710859
0.9785550692 0.2059829978 0.0009905705 -0.1863292670 0.8872165343 -0.4220523966 -0.0878144684 0.4128169399 0.9065708981
0.9957260495 0.0923508388 0.0009782336 -0.0833115438 0.9027350666 -0.4220528239 -0.0398600180 0.4201674929 0.9065707126
0.9997463536 -0.0225010119 0.0009658964 0.0208063300 0.9063322537 -0.4220532460 0.0086212020 0.4219662905 0.9065705293
0.9905628845 -0.1370556917 0.0009535591 0.1246493946 0.8979605972 -0.4220536629 0.0569885982 0.4181895542 0.9065703483
0.9682969291 -0.2498002628 0.0009412215 0.2268463200 0.8777306565 -0.4220540745 0.1046030797 0.4088871768 0.9065701696
0.9332425562 -0.3592456937 0.0009288838 0.3260475153 0.8459095891 -0.4220544809 0.1508355030 0.3941820628 0.9065699931
0.8858627332 -0.4639465249 0.0009165458 0.4209429513 0.8029176224 -0.4220548820 0.1950749850 0.3742685048 0.9065698189
0.8267832107 -0.5625199596 0.0009042077 0.5102794600 0.7493225041 -0.4220552779 0.2367369747 0.3494096164 0.9065696470
0.7567842592 -0.6536641260 0.0008918693 0.5928772842 0.6858320045 -0.4220556686 0.2752709772 0.3199338555 0.9065694773
0.6767903631 -0.7361752718 0.0008795307 0.6676456568 0.6132845703 -0.4220560540 0.3101678277 0.2862306849 0.9065693099
0.5878580116 -0.8089636618 0.0008671920 0.7335972051 0.5326382515 -0.4220564342 0.3409664189 0.2487454258 0.9065691448
0.4911617449 -0.8710679707 0.0008548530 0.7898609901 0.4449580499 -0.4220568092 0.3672597946 0.2079733739 0.9065689819
0.3879786425 -0.9216679788 0.0008425139 0.8356940074 0.3514018551 -0.4220571789 0.3887005261 0.1644532552 0.9065688214
0.2796714562 -0.9600954053 0.0008301746 0.8704909997 0.2532051531 -0.4220575434 0.4050053038 0.1187601073 0.9065686631
0.1676706123 -0.9858427344 0.0008178351 0.8937924492 0.1516647111 -0.4220579027 0.4159586801 0.0714976818 0.9065685070
0.0534553197 -0.9985699174 0.0008054954 0.9052906460 0.0481214526 -0.4220582567 0.4214159170 0.0232904665 0.9065683532
-0.0614659662 -0.9981088648 0.0007931556 0.9048337517 -0.0560572508 -0.4220586055 0.4213048977 -0.0252245661 0.9065682017
