1956
35253
0.4234466994 0.9055288195 0.0266542634 -0.8262465589 0.3981033342 -0.3985352674 -0.3714963213 0.1467354502 0.9167656139
0.5245436347 0.8509662458 0.0266537769 -0.7751109676 0.4902689127 -0.3985465858 -0.3522172101 0.1883954399 0.9167607076
0.6187128999 0.7851649189 0.0266532848 -0.7137390217 0.5759585106 -0.3985579041 -0.3282848707 0.2275694273 0.9167558014
0.7047107969 0.7089938798 0.0266527869 -0.6429413719 0.6540404937 -0.3985692222 -0.3000151411 0.2637398548 0.9167508953
0.7814015472 0.6234591228 0.0266522834 -0.5636531457 0.7234837140 -0.3985805400 -0.2677811668 0.2964288073 0.9167459893
0.8477722922 0.5296903091 0.0266517741 -0.4769215956 0.7833711270 -0.3985918577 -0.2320084747 0.3252043262 0.9167410834
0.9029464699 0.4289258478 0.0266512592 -0.3838922668 0.8329119019 -0.3986031751 -0.1931693558 0.3496861176 0.9167361775
0.9461953921 0.3224965396 0.0266507385 -0.2857938670 0.8714518645 -0.3986144923 -0.1517766301 0.3695505783 0.9167312718
0.9769478680 0.2118080012 0.0266502121 -0.1839220380 0.8984821357 -0.3986258093 -0.1083768754 0.3845350732 0.9167263661
0.9947977478 0.0983221013 0.0266496801 -0.0796222430 0.9136458505 -0.3986371261 -0.0635432095 0.3944414079 0.9167214606
0.9995092868 -0.0164623465 0.0266491423 0.0257280029 0.9167428697 -0.3986484426 -0.0178677224 0.3991384497 0.9167165551
0.9910202592 -0.1310293786 0.0266485988 0.1307373263 0.9077324210 -0.3986597589 0.0280463434 0.3985638642 0.9167116498
0.9694427796 -0.2438659028 0.0266480496 0.2340188716 0.8867336363 -0.3986710750 0.0735925597 0.3927249416 0.9167067445
0.9350618224 -0.3534816818 0.0266474947 0.3342086168 0.8540239761 -0.3986823908 0.1181693226 0.3816985053 0.9167018394
0.8883314581 -0.4584290146 0.0266469341 0.4299833882 0.8100355636 -0.3986937064 0.1611877986 0.3656299006 0.9166969343
0.8298688565 -0.5573218568 0.0266463678 0.5200783350 0.7553494761 -0.3987050218 0.2020797030 0.3447310791 0.9166920294
0.7604461357 -0.6488541256 0.0266457958 0.6033036338 0.6906880686 -0.3987163369 0.2403048069 0.3192778031 0.9166871245
0.6809801643 -0.7318169499 0.0266452182 0.6785602014 0.6169054327 -0.3987276518 0.2753580741 0.2896060064 0.9166822198
0.5925204529 -0.8051146355 0.0266446347 0.7448542095 0.5349761146 -0.3987389664 0.3067763344 0.2561073613 0.9166773152
0.4962352930 -0.8677791360 0.0266440456 0.8013102096 0.4459822435 -0.3987502808 0.3341444029 0.2192241082 0.9166724106
0.3933963268 -0.9189828380 0.0266434508 0.8471826929 0.3510992384 -0.3987615949 0.3571005669 0.1794432171 0.9166675062
0.2853617533 -0.9580494916 0.0266428503 0.8818659355 0.2515802834 -0.3987729088 0.3753413667 0.1372899585 0.9166626019
0.1735583900 -0.9844631411 0.0266422441 0.9049019964 0.1487397759 -0.3987842224 0.3886256068 0.0933209675 0.9166576977
0.0594628291 -0.9978749398 0.0266416322 0.9159867638 0.0439359670 -0.3987955358 0.3967775453 0.0481168932 0.9166527936
-0.0554180640 -0.9981077570 0.0266410146 0.9149739703 -0.0614469777 -0.3988068489 0.3996892192 0.0022747314 0.9166478897
-0.1695670518 -0.9851585174 0.0266403913 0.9018771223 -0.1660172588 -0.3988181617 0.3973218736 -0.0436000605 0.9166429858
-0.2814765634 -0.9591982419 0.0266397622 0.8768693204 -0.2683938251 -0.3988294743 0.3897064782 -0.0889015596 0.9166380821
-0.3896686043 -0.9205697886 0.0266391275 0.8402809714 -0.3672246125 -0.3988407866 0.3769433219 -0.1330313807 0.9166331785
-0.4927142770 -0.8697833249 0.0266384871 0.7925954227 -0.4612044008 -0.3988520986 0.3592006919 -0.1754065805 0.9166282750
-0.5892526524 -0.8075095895 0.0266378410 0.7344425773 -0.5490920511 -0.3988634104 0.3367126555 -0.2154673579 0.9166233716
-0.6780087432 -0.7345710342 0.0266371891 0.6665905728 -0.6297268968 -0.3988747218 0.3097759714 -0.2526844497 0.9166184683
-0.7578103432 -0.6519309617 0.0266365316 0.5899356355 -0.7020440717 -0.3988860330 0.2787461742 -0.2865661224 0.9166135652
-0.8276035088 -0.5606808030 0.0266358684 0.5054902422 -0.7650885727 -0.3988973440 0.2440328816 -0.3166646699 0.9166086621
-0.8864664777 -0.4620257028 0.0266351995 0.4143697474 -0.8180278710 -0.3989086546 0.2060943870 -0.3425823291 0.9166037592
-0.9336218437 -0.3572686036 0.0266345248 0.3177776514 -0.8601629066 -0.3989199650 0.1654316091 -0.3639765364 0.9165988564
-0.9684468231 -0.2477930371 0.0266338445 0.2169897050 -0.8909373186 -0.3989312750 0.1225814782 -0.3805644559 0.9165939538
-0.9904814803 -0.1350448521 0.0266331585 0.1133370598 -0.9099447922 -0.3989425848 0.0781098462 -0.3921267181 0.9165890513
-0.9994348021 -0.0205131191 0.0266324667 0.0081886869 -0.9169344227 -0.3989538943 0.0326040143 -0.3985103215 0.9165841489
-0.9951885411 0.0942895359 0.0266317693 -0.0970667032 -0.9118140279 -0.3989652035 -0.0133350230 -0.3996306569 0.9165792466
-0.9777987773 0.2078469087 0.0266310662 -0.2010390019 -0.8946513635 -0.3989765124 -0.0591005151 -0.3954726289 0.9165743444
-0.9474951776 0.3186592418 0.0266303573 -0.3023550612 -0.8656732268 -0.3989878210 -0.1040879692 -0.3860908597 0.9165694424
-0.9046779628 0.4252630313 0.0266296428 -0.3996768291 -0.8252624595 -0.3989991293 -0.1477031347 -0.3716089706 0.9165645405
-0.8499126211 0.5262503557 0.0266289226 -0.4917190206 -0.7739528899 -0.3990104373 -0.1893698530 -0.3522179543 0.9165596388
-0.7839224408 0.6202874704 0.0266281966 -0.5772660920 -0.7124222807 -0.3990217450 -0.2285376682 -0.3281736553 0.9165547371
-0.7075789567 0.7061324225 0.0266274650 -0.6551882939 -0.6414833767 -0.3990330523 -0.2646890997 -0.2997933942 0.9165498357
-0.6218904405 0.7826514533 0.0266267277 -0.7244565906 -0.5620731692 -0.3990443594 -0.2973464786 -0.2674517808 0.9165449343
-0.5279885841 0.8488339720 0.0266259847 -0.7841562496 -0.4752405196 -0.3990556661 -0.3260782593 -0.2315757684 0.9165400331
-0.4271135535 0.9038059024 0.0266252359 -0.8334989214 -0.3821323062 -0.3990669726 -0.3505047225 -0.1926390182 0.9165351320
-0.3205976097 0.9468412272 0.0266244815 -0.8718330495 -0.2839782761 -0.3990782787 -0.3703029928 -0.1511556451 0.9165302311
-0.2098475137 0.9773715765 0.0266237214 -0.8986524743 -0.1820748032 -0.3990895845 -0.3852113075 -0.1076734301 0.9165253303
-0.0963259469 0.9949937337 0.0266229556 -0.9136031163 -0.0777677662 -0.3991008900 -0.3950324769 -0.0627665863 0.9165204296
0.0184678059 0.9994749619 0.0266221840 -0.9164876508 0.0275652272 -0.3991121951 -0.3996364925 -0.0170281763 0.9165155291
0.1330176583 0.9907560766 0.0266214068 -0.9072681118 0.1325330340 -0.3991234999 -0.3989622487 0.0289377198 0.9165106287
0.2458107449 0.9689522280 0.0266206239 -0.8860663926 0.2357493495 -0.3991348044 -0.3930183527 0.0745239834 0.9165057285
0.3553574019 0.9343513800 0.0266198353 -0.8531626334 0.3358510162 -0.3991461085 -0.3818830161 0.1191284753 0.9165008284
0.4602108414 0.8874105071 0.0266190410 -0.8089915200 0.4315160261 -0.3991574123 -0.3657030245 0.1621619901 0.9164959284
0.5589862587 0.8287495592 0.0266182410 -0.7541365414 0.5214809807 -0.3991687158 -0.3446918037 0.2030560388 0.9164910286
0.6503791219 0.7591432736 0.0266174353 -0.6893222820 0.6045577755 -0.3991800190 -0.3191266038 0.2412703590 0.9164861290
0.7331824009 0.6795109435 0.0266166239 -0.6154048504 0.6796492910 -0.3991913217 -0.2893448412 0.2763000523 0.9164812295
0.8063025084 0.5909042763 0.0266158068 -0.5333605711 0.7457638809 -0.3992026242 -0.2557396451 0.3076822554 0.9164763301
0.8687737433 0.4944935041 0.0266149840 -0.4442730896 0.8020284676 -0.3992139263 -0.2187546681 0.3350022560 0.9164714309
0.9197710444 0.3915519283 0.0266141555 -0.3493190588 0.8477000722 -0.3992252280 -0.1788782294 0.3578989732 0.9164665319
0.9586208876 0.2834391028 0.0266133213 -0.2497525984 0.8821756249 -0.3992365294 -0.1366368670 0.3760697301 0.9164616330
0.9848101805 0.1715828786 0.0266124814 -0.1468887308 0.9049999285 -0.3992478305 -0.0925883858 0.3892742544 0.9164567342
0.9979930393 0.0574605461 0.0266116358 -0.0420860127 0.9158716688 -0.3992591311 -0.0473144910 0.3973378561 0.9164518356
0.9979953568 -0.0574206757 0.0266107845 0.0632714073 0.9146473919 -0.3992704315 -0.0014131067 0.4001537385 0.9164469372
0.9848171017 -0.1715435452 0.0266099276 0.1677920697 0.9013433975 -0.3992817314 0.0445095212 0.3976844123 0.9164420389
0.9586323194 -0.2834008361 0.0266090649 0.2700955813 0.8761355217 -0.3992930310 0.0898468319 0.3899621953 0.9164371408
0.9197868328 -0.3915152438 0.0266081965 0.3688308456 0.8393568128 -0.3993043302 0.1339999611 0.3770887889 0.9164322428
0.8687936756 -0.4944588958 0.0266073225 0.4626939064 0.7914931316 -0.3993156291 0.1763856521 0.3592339391 0.9164273450
0.8063263162 -0.5908722104 0.0266064427 0.5504451691 0.7331767323 -0.3993269276 0.2164439596 0.3366331984 0.9164224474
0.7332097635 -0.6794818518 0.0266055573 0.6309257705 0.6651779113 -0.3993382257 0.2536456481 0.3095848178 0.9164175499
0.6504096709 -0.7591175481 0.0266046662 0.7030728837 0.5883948320 -0.3993495234 0.2874991830 0.2784458114 0.9164126526
0.5590195825 -0.8287275462 0.0266037693 0.7659337535 0.5038416617 -0.3993608208 0.3175572257 0.2436272442 0.9164077555
0.4602464912 -0.8873925032 0.0266028668 0.8186782781 0.4126351760 -0.3993721178 0.3434225447 0.2055888051 0.9164028585
0.3553948977 -0.9343376277 0.0266019586 0.8606099712 0.3159800086 -0.3993834143 0.3647532648 0.1648327385 0.9163979617
0.2458495816 -0.9689429125 0.0266010447 0.8911751586 0.2151527409 -0.3993947105 0.3812673864 0.1218972127 0.9163930650
0.1330573129 -0.9907513234 0.0266001250 0.9099702895 0.1114850409 -0.3994060064 0.3927465133 0.0773492134 0.9163881685
0.0185077443 -0.9994748351 0.0265991997 0.9167472642 0.0063460761 -0.3994173018 0.3990387413 0.0317770569 0.9163832722
-0.0962862626 -0.9949982350 0.0265982687 0.9114167091 -0.0988755702 -0.3994285968 0.4000606678 -0.0142173802 0.9163783761
-0.2098086180 -0.9773806453 0.0265973321 0.8940491556 -0.2027902375 -0.3994398914 0.3957984981 -0.0600266093 0.9163734801
-0.3205600266 -0.9468547414 0.0265963897 0.8648741065 -0.3040255420 -0.3994511857 0.3863082309 -0.1050455539 0.9163685843
-0.4270777891 -0.9038236800 0.0265954416 0.8242770033 -0.4012445007 -0.3994624795 0.3717149229 -0.1486795417 0.9163636887
-0.5279551201 -0.8488557736 0.0265944878 0.7727941341 -0.4931631890 -0.3994737729 0.3522110410 -0.1903521596 0.9163587932
-0.6218597276 -0.7826769853 0.0265935284 0.7111055494 -0.5785676967 -0.3994850659 0.3280539236 -0.2295128687 0.9163538980
-0.7075514087 -0.7061613411 0.0265925632 0.6400260786 -0.6563301595 -0.3994963586 0.2995623856 -0.2656442773 0.9163490029
-0.7838984286 -0.6203193861 0.0265915924 0.5604945675 -0.7254236533 -0.3995076508 0.2671125108 -0.2982689766 0.9163441080
-0.8498924683 -0.5262848387 0.0265906159 0.4735614777 -0.7849357562 -0.3995189425 0.2311326874 -0.3269558489 0.9163392132
-0.9046619407 -0.4252996172 0.0265896336 0.3803750116 -0.8340805973 -0.3995302339 0.1920979530 -0.3513257646 0.9163343187
-0.9474835022 -0.3186974378 0.0265886457 0.2821659475 -0.8722092341 -0.3995415249 0.1505237226 -0.3710565929 0.9163294243
-0.9777916058 -0.2078862004 0.0265876521 0.1802313834 -0.8988182220 -0.3995528154 0.1069589829 -0.3858874597 0.9163245301
-0.9951859702 -0.0943293941 0.0265866528 0.0759176061 -0.9135562614 -0.3995641055 0.0619790431 -0.3956221970 0.9163196361
-0.9994368665 0.0204732312 0.0265856478 -0.0293976903 -0.9162288357 -0.3995753952 0.0161779377 -0.4001319376 0.9163147423
-0.9904881522 0.1350054717 0.0265846372 -0.1343235995 -0.9068007787 -0.3995866845 -0.0298394191 -0.3993568209 0.9163098486
-0.9684580127 0.2477546946 0.0265836208 -0.2374743728 -0.8853967371 -0.3995979733 -0.0754652227 -0.3933067878 0.9163049552
-0.9336374004 0.3572318155 0.0265825987 -0.3374877210 -0.8522995226 -0.3996092617 -0.1200968058 -0.3820614529 0.9163000619
-0.8864861921 0.4619909646 0.0265815710 -0.4330428051 -0.8079463752 -0.3996205497 -0.1631445993 -0.3657690574 0.9162951688
-0.8276271153 0.5606485825 0.0265805375 -0.5228776808 -0.7529231870 -0.3996318372 -0.2040399200 -0.3446445144 0.9162902759
-0.7578375240 0.6519016931 0.0265794984 -0.6058059642 -0.6879567624 -0.3996431243 -0.2422424837 -0.3189665745 0.9162853832
-0.6780391322 0.7345451116 0.0265784536 -0.6807324991 -0.6139052178 -0.3996544109 -0.2772475425 -0.2890741471 0.9162804907
-0.5892858404 0.8074873621 0.0265774031 -0.7466678201 -0.5317466473 -0.3996656971 -0.3085925545 -0.2553618278 0.9162755984
-0.4927498171 0.8697650922 0.0265763469 -0.8027412191 -0.4425662035 -0.3996769829 -0.3358632949 -0.2182746893 0.9162707063
-0.3897060177 0.9205557962 0.0265752850 -0.8482122435 -0.3475417648 -0.3996882682 -0.3586993305 -0.1783024055 0.9162658143
-0.2815153464 0.9591886784 0.0265742175 -0.8824804738 -0.2479283782 -0.3996995530 -0.3767987834 -0.1359727861 0.9162609226
-0.1696066820 0.9851535116 0.0265731442 -0.9050934519 -0.1450416832 -0.3997108374 -0.3899223215 -0.0918448077 0.9162560311
-0.0554580077 0.9981073764 0.0265720653 -0.9157526549 -0.0402405356 -0.3997221213 -0.3978963237 -0.0465012318 0.9162511397
0.0594231099 0.9978791896 0.0265709807 -0.9143174365 0.0650909396 -0.3997334048 -0.4006151761 -0.0005409089 0.9162462486
0.1735194303 0.9844719642 0.0265698903 -0.9008068820 0.1695616285 -0.3997446878 -0.3980426719 0.0454291304 0.9162413577
0.2853240778 0.9580627692 0.0265687943 -0.8753995553 0.2717918004 -0.3997559704 -0.3902124925 0.0908016928 0.9162364669
0.3933604430 0.9190003915 0.0265676926 -0.8384311382 0.3704313301 -0.3997672525 -0.3772277673 0.1349774427 0.9162315764
0.4962016842 0.8678007289 0.0265665853 -0.7903899959 0.4641775286 -0.3997785341 -0.3592597152 0.1773728187 0.9162266860
0.5924895719 0.8051399772 0.0265654722 -0.7319107252 0.5517923468 -0.3997898152 -0.3365453870 0.2174277425 0.9162217959
0.6809524269 0.7318456991 0.0265643535 -0.6637657719 0.6321187260 -0.3998010959 -0.3093845378 0.2546130180 0.9162169060
0.7604219157 0.6488858952 0.0265632290 -0.5868552277 0.7040958781 -0.3998123761 -0.2781356717 0.2884373231 0.9162120163
0.8298484802 0.5573562189 0.0265620989 -0.5021949412 0.7667732946 -0.3998236558 -0.2432113091 0.3184537015 0.9162071268
0.8883152000 0.4584655065 0.0265609631 -0.4109031005 0.8193232980 -0.3998349351 -0.2050725419 0.3442654682 0.9162022375
0.9350499015 0.3535198121 0.0265598216 -0.3141854642 0.8610519725 -0.3998462138 -0.1642229452 0.3655314530 0.9161973484
0.9694353567 0.2439051580 0.0265586745 -0.2133194361 0.8914083263 -0.3998574921 -0.1212019283 0.3819705090 0.9161924595
0.9910174343 0.1310692299 0.0265575216 -0.1096371937 0.9099915673 -0.3998687699 -0.0765776124 0.3933652302 0.9161875708
0.9995110980 0.0165022572 0.0265563631 -0.0045080937 0.9165563949 -0.3998800472 -0.0309393278 0.3995648265 0.9161826824
0.9948041709 -0.0982826687 0.0265551988 0.1006794137 0.9110162373 -0.3998913240 0.0151101692 0.4004871189 0.9161777941
0.9769588167 -0.2117695778 0.0265540289 0.2045361216 0.8934443940 -0.3999026003 0.0609626565 0.3961196292 0.9161729061
0.9462107190 -0.3224596429 0.0265528533 0.3056904142 0.8640730654 -0.3999138761 0.1060124803 0.3865197490 0.9161680183
0.9029659686 -0.4288909749 0.0265516721 0.4028063812 0.8232902845 -0.3999251514 0.1496645544 0.3718139846 0.9161631307
0.8477957002 -0.5296579297 0.0265504851 0.4946014608 0.7716347905 -0.3999364262 0.1913422215 0.3521962912 0.9161582433
0.7814285494 -0.6234296730 0.0265492925 0.5798633776 0.7097889124 -0.3999477005 0.2304948707 0.3279255139 0.9161533561
0.7047410298 -0.7089677564 0.0265480941 0.6574661527 0.6385695553 -0.3999589743 0.2666052120 0.2993219727 0.9161484692
0.6187459563 -0.7851424738 0.0265468901 0.7263849730 0.5589174107 -0.3999702476 0.2991961105 0.2667632354 0.9161435825
0.5245790694 -0.8509477815 0.0265456804 0.7857097254 0.4718845312 -0.3999815203 0.3278368914 0.2306791330 0.9161386960
0.4234840353 -0.9055145848 0.0265444651 0.8346570146 0.3786204350 -0.3999927926 0.3521490306 0.1915460859 0.9161338097
0.3167960205 -0.9481222166 0.0265432440 0.8725805088 0.2803569229 -0.4000040643 0.3718111579 0.1498808131 0.9161289236
0.2059240582 -0.9782079552 0.0265420173 0.8989794734 0.1783918098 -0.4000153356 0.3865633049 0.1062335100 0.9161240378
0.0923324397 -0.9953744558 0.0265407849 0.9135053833 0.0740717829 -0.4000266063 0.3962103423 0.0611805824 0.9161191522
-0.0224786253 -0.9993949989 0.0265395468 0.9159665239 -0.0312253836 -0.4000378764 0.4006245606 0.0153170349 0.9161142668
-0.1369928216 -0.9902164841 0.0265383030 0.9063305213 -0.1361090257 -0.4000491461 0.3997473615 -0.0307513873 0.9161093817
-0.2496977547 -0.9679601315 0.0265370536 0.8847247684 -0.2391939557 -0.4000604152 0.3935900349 -0.0764161988 0.9161044968
-0.3591049249 -0.9329198810 0.0265357984 0.8514347402 -0.3391187566 -0.4000716838 0.3822336146 -0.1210742113 0.9160996121
-0.4637693863 -0.8855585100 0.0265345376 0.8069002224 -0.4345637615 -0.4000829518 0.3658278112 -0.1641355007 0.9160947276
-0.5623088300 -0.8265015216 0.0265332711 0.7517095011 -0.5242684824 -0.4000942194 0.3445890389 -0.2050312004 0.9160898434
-0.6534218403 -0.7565288835 0.0265319990 0.6865915918 -0.6070482566 -0.4001054863 0.3187975606 -0.2432210158 0.9160849594
-0.7359050829 -0.6765647270 0.0265307211 0.6124066100 -0.6818098915 -0.4001167528 0.2887937897 -0.2782003631 0.9160800756
-0.8086691969 -0.5876651418 0.0265294376 0.5301344101 -0.7475661014 -0.4001280187 0.2549737970 -0.3095070358 0.9160751921
-0.8707531826 -0.4910042284 0.0265281484 0.4408616431 -0.8034485454 -0.4001392840 0.2177840826 -0.3367273120 0.9160703088
-0.9213370930 -0.3878585917 0.0265268535 0.3457674044 -0.8487192942 -0.4001505488 0.1777156807 -0.3595014221 0.9160654258
-0.9597528631 -0.2795904806 0.0265255529 0.2461076604 -0.8827805746 -0.4001618131 0.1352976765 -0.3775283040 0.9160605430
-0.9854931332 -0.1676297969 0.0265242467 0.1431986603 -0.9051826624 -0.4001730768 0.0910902198 -0.3905695826 0.9160556604
-0.9982179493 -0.0534552105 0.0265229348 0.0383995516 -0.9156298207 -0.4001843399 0.0456771282 -0.3984527223 0.9160507781
-0.9977592534 0.0614253695 0.0265216172 -0.0669055704 -0.9139842036 -0.4001956025 -0.0003418236 -0.4010733095 0.9160458960
-0.9841231025 0.1754947097 0.0265202939 -0.1713259424 -0.9002676752 -0.4002068645 -0.0463588241 -0.3983964355 0.9160410142
-0.9574895890 0.2872462907 0.0265189650 -0.2734825011 -0.8746615193 -0.4002181260 -0.0917660540 -0.3904571618 0.9160361326
-0.9182104619 0.3952042040 0.0265176304 -0.3720260961 -0.8375040428 -0.4002293869 -0.1359637136 -0.3773600607 0.9160312512
-0.8668044819 0.4979426439 0.0265162901 -0.4656553079 -0.7892861069 -0.4002406472 -0.1783679467 -0.3592778380 0.9160263701
-0.8039505692 0.5941047383 0.0265149441 -0.5531336351 -0.7306446419 -0.4002519069 -0.2184185526 -0.3364490558 0.9160214892
-0.7304788376 0.6824204695 0.0265135925 -0.6333058237 -0.6623542342 -0.4002631661 -0.2555863875 -0.3091749848 0.9160166086
-0.6473596312 0.7617234467 0.0265122351 -0.7051131241 -0.5853168946 -0.4002744247 -0.2893803553 -0.2778156289 0.9160117283
-0.5556907087 0.8309663110 0.0265108721 -0.7676072728 -0.5005501443 -0.4002856828 -0.3193538963 -0.2427849730 0.9160068481
-0.4566827452 0.8892345678 0.0265095035 -0.8199630144 -0.4091735751 -0.4002969402 -0.3451108883 -0.2045455179 0.9160019683
-0.3516433432 0.9357586646 0.0265081291 -0.8614890000 -0.3123940624 -0.4003081971 -0.3663108818 -0.1636021744 0.9159970887
-0.2419597627 0.9699241545 0.0265067491 -0.8916369157 -0.2114898245 -0.4003194534 -0.3826735996 -0.1204955960 0.9159922093
-0.1290805998 0.9912798114 0.0265053634 -0.9100087230 -0.1077935408 -0.4003307091 -0.3939826428 -0.0757950400 0.9159873302
-0.0144966547 0.9995435891 0.0265039721 -0.9163619140 -0.0026747508 -0.4003419642 -0.4000883522 -0.0300908498 0.9159824513
0.1002787568 0.9946063465 0.0265025750 -0.9106127123 0.1024782340 -0.4003532187 -0.4009097892 0.0160133413 0.9159775728
0.2137297905 0.9765332890 0.0265011723 -0.8928371779 0.2062766658 -0.4003644726 -0.3964358087 0.0619085830 0.9159726944
0.3243580930 0.9455631074 0.0264997639 -0.8632702007 0.3073497009 -0.4003757260 -0.3867252101 0.1069886504 0.9159678163
0.4307025905 0.9021048254 0.0264983499 -0.8223023969 0.4043625048 -0.4003869787 -0.3719059646 0.1506580523 0.9159629385
0.5313587860 0.8467323976 0.0264969302 -0.7704749483 0.4960338807 -0.4003982308 -0.3521735291 0.1923398969 0.9159580610
0.6249973077 0.7801771296 0.0264955048 -0.7084724532 0.5811531894 -0.4004094823 -0.3277882677 0.2314835132 0.9159531837
0.7103814666 0.7033180191 0.0264940737 -0.6371138836 0.6585963374 -0.4004207333 -0.2990720168 0.2675717255 0.9159483066
0.7863835892 0.6171701473 0.0264926370 -0.5573417677 0.7273406221 -0.4004319836 -0.2664038374 0.3001276874 0.9159434299
0.8519999113 0.5228712727 0.0264911946 -0.4702097403 0.7864782369 -0.4004432333 -0.2302150110 0.3287211815 0.9159385534
0.9063638339 0.4216668043 0.0264897465 -0.3768686267 0.8352282597 -0.4004544824 -0.1909833467 0.3529743056 0.9159336771
0.9487573694 0.3148933541 0.0264882928 -0.2785512427 0.8729469650 -0.4004657308 -0.1492268719 0.3725664664 0.9159288012
0.9786206231 0.2039610837 0.0264868333 -0.1765561116 0.8991363239 -0.4004769787 -0.1054969925 0.3872386181 0.9159239254
0.9955591888 0.0903350806 0.0264853683 -0.0722303148 0.9134505802 -0.4004882259 -0.0603712112 0.3967966868 0.9159190500
0.9993493570 -0.0244839912 0.0264838975 0.0330483003 0.9157008149 -0.4004994725 -0.0144455010 0.4011141381 0.9159141748
0.9899410697 -0.1389797107 0.0264824211 0.1378893174 0.9058574394 -0.4005107185 0.0316735656 0.4001336521 0.9159093000
0.9674585815 -0.2516399274 0.0264809390 0.2409081145 0.8840505850 -0.4005219639 0.0773768283 0.3938678841 0.9159044253
0.9321988187 -0.3609767321 0.0264794512 0.3407441505 0.8505683821 -0.4005332086 0.1220605847 0.3823993020 0.9158995510
0.8846274577 -0.4655461082 0.0264779578 0.4360789337 0.8058531535 -0.4005444527 0.1651345653 0.3658791005 0.9158946769
0.8253727748 -0.5639670023 0.0264764587 0.5256534342 0.7504955706 -0.4005556961 0.2060297302 0.3445252078 0.9158898031
0.7552173486 -0.6549395646 0.0264749540 0.6082847112 0.6852268511 -0.4005669390 0.2442057872 0.3186194113 0.9158849296
0.6750877242 -0.7372623152 0.0264734435 0.6828815356 0.6109091006 -0.4005781811 0.2791583297 0.2885036385 0.9158800563
0.5860421768 -0.8098480130 0.0264719275 0.7484588001 0.5285239248 -0.4005894227 0.3104255010 0.2545754443 0.9158751834
0.4892567344 -0.8717380142 0.0264704057 0.8041505288 0.4391594646 -0.4006006636 0.3375940978 0.2172827632 0.9158703107
0.3860096465 -0.9221149339 0.0264688783 0.8492213127 0.3439960241 -0.4006119038 0.3603050303 0.1771179949 0.9158654383
0.2776645020 -0.9603134405 0.0264673452 0.8830760204 0.2442904811 -0.4006231434 0.3782580687 0.1346115034 0.9158605661
0.1656522198 -0.9858290436 0.0264658064 0.9052676569 0.1413596869 -0.4006343824 0.3912158119 0.0903246134 0.9158556943
0.0514521515 -0.9983247562 0.0264642620 0.9155032650 0.0365630741 -0.4006456207 0.3990068268 0.0448421975 0.9158508227
-0.0634274572 -0.9976355460 0.0264627119 0.9136477931 -0.0687152975 -0.4006568583 0.4015279167 -0.0012350474 0.9158459514
-0.1774693859 -0.9837705140 0.0264611562 0.8997258766 -0.1730850208 -0.4006680953 0.3987454878 -0.0472985339 0.9158410804
-0.2891674772 -0.9569127755 0.0264595948 0.8739215113 -0.2751677041 -0.4006793316 0.3906959972 -0.0927398224 0.9158362097
-0.3970465287 -0.9174170408 0.0264580277 0.8365756212 -0.3736151754 -0.4006905672 0.3774854752 -0.1369586579 0.9158313393
-0.4996817763 -0.8658049309 0.0264564550 0.7881815548 -0.4671272871 -0.4007018022 0.3592881283 -0.1793708985 0.9158264692
-0.5957177107 -0.8027580885 0.0264548766 0.7293785672 -0.5544690867 -0.4007130366 0.3363440425 -0.2194162328 0.9158215994
-0.6838859801 -0.7291091753 0.0264532925 0.6609433762 -0.6344871257 -0.4007242702 0.3089560157 -0.2565655818 0.9158167298
-0.7630221412 -0.6458308753 0.0264517028 0.5837799031 -0.7061246924 -0.4007355032 0.2774855613 -0.2903280892 0.9158118605
-0.8320810382 -0.5540230480 0.0264501074 0.4989073328 -0.7684357666 -0.4007467355 0.2423481365 -0.3202576071 0.9158069916
-0.8901506058 -0.4548982034 0.0264485064 0.4074466524 -0.8205975124 -0.4007579671 0.2040076578 -0.3459585918 0.9158021229
-0.9364639157 -0.3497654874 0.0264468997 0.3106058455 -0.8619211441 -0.4007691980 0.1629703759 -0.3670913308 0.9157972545
-0.9704093045 -0.2400133924 0.0264452873 0.2096639375 -0.8918610215 -0.4007804283 0.1197781912 -0.3833764336 0.9157923865
-0.9915384528 -0.1270914194 0.0264436693 0.1059541027 -0.9100218542 -0.4007916579 0.0750014976 -0.3945985251 0.9157875187
-0.9995723059 -0.0124909340 0.0264420456 0.0008460567 -0.9161639210 -0.4008028867 0.0292316506 -0.4006090943 0.9157826512
-0.9944047591 0.1022745297 0.0264404163 -0.1042720337 -0.9102062339 -0.4008141149 -0.0169268434 -0.4013284594 0.9157777840
-0.9761040593 0.2156892586 0.0264387813 -0.2080118841 -0.8922276060 -0.4008253424 -0.0628643104 -0.3967468245 0.9157729171
-0.9449119035 0.3262553788 0.0264371406 -0.3090034273 -0.8624656090 -0.4008365692 -0.1079739621 -0.3869244127 0.9157680505
-0.9012402470 0.4325126377 0.0264354943 -0.4059129077 -0.8213134337 -0.4008477953 -0.1516599107 -0.3719906744 0.9157631842
-0.8456658624 0.5330576902 0.0264338423 -0.4974604954 -0.7693146957 -0.4008590208 -0.1933450404 -0.3521425818 0.9157583183
-0.7789227222 0.6265626325 0.0264321847 -0.5824371886 -0.7071562541 -0.4008702455 -0.2324786316 -0.3276420302 0.9157534526
-0.7018923054 0.7117925394 0.0264305214 -0.6597207794 -0.6356591387 -0.4008814695 -0.2685436367 -0.2988123830 0.9157485872
-0.6155919555 0.7876217747 0.0264288524 -0.7282906744 -0.5557677056 -0.4008926928 -0.3010635115 -0.2660342034 0.9157437221
-0.5211614447 0.8530488572 0.0264271778 -0.7872413718 -0.4685371631 -0.4009039153 -0.3296085119 -0.2297402314 0.9157388574
-0.4198479206 0.9072096873 0.0264254976 -0.8357944196 -0.3751196354 -0.4009151372 -0.3538013732 -0.1904096701 0.9157339929
-0.3129894352 0.9493889591 0.0264238116 -0.8733086950 -0.2767489448 -0.4009263584 -0.3733222961 -0.1485618589 0.9157291288
-0.2019972734 0.9790296079 0.0264221201 -0.8992888697 -0.1747243162 -0.4009375788 -0.3879131737 -0.1047494162 0.9157242650
-0.0883373136 0.9957401671 0.0264204228 -0.9133919508 -0.0703932177 -0.4009487985 -0.3973810051 -0.0595509413 0.9157194015
0.0264893317 0.9992999382 0.0264187200 -0.9154318085 0.0348664359 -0.4009600175 -0.4016004474 -0.0135633737 0.9157145383
0.1409661415 0.9896619061 0.0264170114 -0.9053816326 0.1396644816 -0.4009712358 -0.4005154757 0.0326058910 0.9157096754
0.2535812149 0.9669533595 0.0264152972 -0.8833742852 0.2426168675 -0.4009824534 -0.3941401271 0.0783470234 0.9157048128
0.3628472389 0.9314742101 0.0264135774 -0.8497005438 0.3423639325 -0.4009936702 -0.3825583184 0.1230558150 0.9156999505
0.4673211316 0.8836930316 0.0264118519 -0.8048052599 0.4375883622 -0.4010048863 -0.3659227427 0.1661416599 0.9156950886
0.5656231005 0.8242408712 0.0264101207 -0.7492814816 0.5270325868 -0.4010161016 -0.3444528552 0.2070353564 0.9156902270
0.6564548663 0.7539029154 0.0264083839 -0.6838626201 0.6095153882 -0.4010273163 -0.3184319793 0.2451966266 0.9156853657
0.7386168086 0.6736081200 0.0264066415 -0.6094127617 0.6839475003 -0.4010385302 -0.2882035668 0.2801212550 0.9156805047
0.8110238098 0.5844169415 0.0264048934 -0.5269152552 0.7493459930 -0.4010497433 -0.2541666654 0.3113477496 0.9156756440
0.8727195862 0.4875073313 0.0264031396 -0.4374597226 0.8048472532 -0.4010609557 -0.2167706506 0.3384634412 0.9156707837
0.9228893176 0.3841591786 0.0264013802 -0.3422276684 0.8497183884 -0.4010721674 -0.1765092926 0.3611099361 0.9156659236
0.9608704089 0.2757374070 0.0263996151 -0.2424768740 0.8833669052 -0.4010833783 -0.1339142370 0.3789878535 0.9156610639
0.9861612407 0.1636739476 0.0263978444 -0.1395247857 0.9053485325 -0.4010945884 -0.0895479844 0.3918607834 0.9156562046
0.9984277946 0.0494488278 0.0263960681 -0.0347311147 0.9153730871 -0.4011057978 -0.0439964618 0.3995584123 0.9156513455
0.9975080643 -0.0654293759 0.0263942860 0.0705201210 0.9133083048 -0.4011170065 0.0021387148 0.4019787770 0.9156464868
0.9834141956 -0.1794434615 0.0263924984 0.1748388753 0.8991815853 -0.4011282144 0.0482481867 0.3990896150 0.9156416284
0.9563323256 -0.2910876392 0.0263907051 0.2768474324 0.8731796285 -0.4011394215 0.0937229011 0.3909287948 0.9156367703
0.9166201246 -0.3988874187 0.0263889061 0.3751986018 0.8356459675 -0.4011506279 0.1379621555 0.3776038192 0.9156319126
0.8648020724 -0.5014190826 0.0263871015 0.4685935105 0.7870764291 -0.4011618335 0.1803815329 0.3592904095 0.9156270552
0.8015625315 -0.5973284897 0.0263852913 0.5557987562 0.7281125847 -0.4011730383 0.2204206225 0.3362301882 0.9156221981
0.7277367083 -0.6853489590 0.0263834754 0.6356626959 0.6595332749 -0.4011842424 0.2575504230 0.3087274911 0.9156173414
0.6442996233 -0.7643179991 0.0263816538 0.7071306552 0.5822443223 -0.4011954457 0.2912803322 0.2771453507 0.9156124850
0.5523532331 -0.8331926611 0.0263798266 0.7692588556 0.4972665669 -0.4012066482 0.3211646291 0.2419007045 0.9156076289
0.4531118775 -0.8910633131 0.0263779938 0.8212268779 0.4057223828 -0.4012178500 0.3468083642 0.2034588908 0.9156027732
0.3478862412 -0.9371656533 0.0263761553 0.8623484962 0.3088208538 -0.4012290509 0.3678725788 0.1623275042 0.9155979178
0.2380660437 -0.9708908046 0.0263743111 0.8920807391 0.2078418047 -0.4012402511 0.3840787858 0.1190496942 0.9155930628
0.1251016855 -0.9917933563 0.0263724614 0.9100310591 0.1041188976 -0.4012514505 0.3952126512 0.0741969917 0.9155882081
0.0104850920 -0.9995972459 0.0263706059 0.9159625156 -0.0009779819 -0.4012626491 0.4011268289 0.0283617623 0.9155833537
-0.1042699900 -0.9941994058 0.0263687449 0.9097969019 -0.1060608173 -0.4012738470 0.4017429109 -0.0178506176 0.9155784997
-0.2176479843 -0.9756711242 0.0263668782 0.8916157771 -0.2097417925 -0.4012850440 0.3970524663 -0.0638297564 0.9155736460
-0.3281515021 -0.9442571038 0.0263650058 0.8616593864 -0.3106516207 -0.4012962403 0.3871171574 -0.1089683093 0.9155687926
-0.4343211177 -0.9003722298 0.0263631278 0.8203234871 -0.4074576280 -0.4013074357 0.3720679283 -0.1526700011 0.9155639396
-0.5347546433 -0.8445960906 0.0263612442 0.7681541200 -0.4988813535 -0.4013186304 0.3521032795 -0.1943575027 0.9155590870
-0.6281256478 -0.7776653233 0.0263593549 0.7058403961 -0.5837154335 -0.4013298242 0.3274866498 -0.2334800583 0.9155542347
-0.7132009749 -0.7004638846 0.0263574600 0.6342053945 -0.6608395459 -0.4013410173 0.2985429399 -0.2695207615 0.9155493827
-0.7888570299 -0.6140113769 0.0263555594 0.5541952900 -0.7292352052 -0.4013522095 0.2656542246 -0.3020033850 0.9155445311
-0.8540946184 -0.5194495816 0.0263536532 0.4668668562 -0.7879992126 -0.4013634009 0.2292547087 -0.3304986735 0.9155396798
-0.9080521434 -0.4180273802 0.0263517414 0.3733735076 -0.8363555829 -0.4013745916 0.1898249950 -0.3546300161 0.9155348289
-0.9500169840 -0.3110842602 0.0263498239 0.2749500654 -0.8736657919 -0.4013857814 0.1478857386 -0.3740784236 0.9155299784
-0.9794349072 -0.2000326240 0.0263479008 0.1728964487 -0.8994372075 -0.4013969704 0.1039907715 -0.3885867460 0.9155251282
-0.9959173878 -0.0863391356 0.0263459720 0.0685605055 -0.9133295940 -0.4014081586 0.0587197894 -0.3979630716 0.9155202783
-0.9992467396 0.0284946496 0.0263440376 -0.0366797881 -0.9151596046 -0.4014193459 0.0126706954 -0.4020832663 0.9155154288
-0.9893789902 0.1429521164 0.0263420976 -0.1414345274 -0.9049032004 -0.4014305325 -0.0335482958 -0.4008926170 0.9155105797
-0.9664444622 0.2555216192 0.0263401519 -0.2443202354 -0.8826959666 -0.4014417182 -0.0793266920 -0.3944065575 0.9155057309
-0.9307460516 0.3647164469 0.0263382006 -0.3439781341 -0.8488313200 -0.4014529031 -0.1240597869 -0.3827104695 0.9155008825
-0.8827552278 0.4690944576 0.0263362436 -0.4390920894 -0.8037566322 -0.4014640871 -0.1671566477 -0.3659585579 0.9154960344
-0.8231058066 0.5672771252 0.0263342810 -0.5284059927 -0.7480673193 -0.4014752704 -0.2080479222 -0.3443718182 0.9154911867
-0.7525855798 0.6579677456 0.0263323128 -0.6107403496 -0.6824989770 -0.4014864527 -0.2461933597 -0.3182351208 0.9154863394
-0.6721259104 0.7399685627 0.0263303389 -0.6850078563 -0.6079176642 -0.4014976343 -0.2810889493 -0.2878934520 0.9154814924
-0.5827894320 0.8121965867 0.0263283594 -0.7502277586 -0.5253084634 -0.4015088150 -0.3122735790 -0.2537473603 0.9154766458
-0.4857560152 0.8736978973 0.0263263743 -0.8055388033 -0.4357624697 -0.4015199949 -0.3393351294 -0.2162476688 0.9154717995
-0.3823071842 0.9236602426 0.0263243835 -0.8502106117 -0.3404623798 -0.4015311739 -0.3619159193 -0.1758895227 0.9154669536
-0.2738091922 0.9614237662 0.0263223871 -0.8836533238 -0.2406668710 -0.4015423521 -0.3797174339 -0.1332058519 0.9154621081
-0.1616949771 0.9864897221 0.0263203851 -0.9054253870 -0.1376939776 -0.4015535295 -0.3925042712 -0.0887603336 0.9154572630
-0.0474452364 0.9985270615 0.0263183774 -0.9152393865 -0.0329036827 -0.4015647060 -0.4001072543 -0.0431399480 0.9154524182
0.0674311280 0.9973768054 0.0263163641 -0.9129658387 0.0723200430 -0.4015758816 -0.4024256705 0.0030527733 0.9154475738
0.1814169384 0.9830541438 0.0263143452 -0.8986349003 0.1765875195 -0.4015870564 -0.3994286048 0.0492077053 0.9154427297
0.2930067784 0.9557482355 0.0263123206 -0.8724359678 0.2785217109 -0.4015982303 -0.3911553525 0.0947151888 0.9154378860
0.4007268752 0.9158197094 0.0263102904 -0.8347151747 0.3767764115 -0.4016094034 -0.3777149039 0.1389740826 0.9154330427
0.5031545637 0.8637959023 0.0263082546 -0.7859708182 0.4700540248 -0.4016205756 -0.3592845084 0.1813997051 0.9154281998
0.5989370757 0.8003638938 0.0263062131 -0.7268467770 0.5571226999 -0.4016317469 -0.3361073373 0.2214315578 0.9154233573
0.6868094061 0.7263614325 0.0263041660 -0.6581240057 0.6368325998 -0.4016429174 -0.3084892752 0.2585407304 0.9154185151
0.7656110197 0.6427658713 0.0263021133 -0.5807102196 0.7081310863 -0.4016540870 -0.2767948832 0.2922368891 0.9154136733
0.8343011788 0.5506812600 0.0263000549 -0.4956279052 0.7700766209 -0.4016652557 -0.2414425865 0.3220747552 0.9154088319
0.8919726880 0.4513237636 0.0262979910 -0.4040008151 0.8218511983 -0.4016764235 -0.2028991506 0.3476599894 0.9154039908
0.9378638754 0.3460056008 0.0262959214 -0.3070391257 0.8627711486 -0.4016875905 -0.1616735184 0.3686544036 0.9153991502
0.9713686526 0.2361177132 0.0262938461 -0.2060234537 0.8922961647 -0.4016987566 -0.1183100898 0.3847804309 0.9153943099
0.9920445189 0.1231113950 0.0262917653 -0.1022879420 0.9100364364 -0.4017099218 -0.0733815332 0.3958247956 0.9153894700
0.9996184058 0.0084791260 0.0262896788 0.0027973600 0.9157577975 -0.4017210861 -0.0274812220 0.4016413334 0.9153846305
0.9939902831 -0.1062651399 0.0262875866 0.1078445915 0.9093848161 -0.4017322496 0.0187846016 0.4021529265 0.9153797914
0.9752344801 -0.2196059695 0.0262854889 0.2114664093 0.8910017893 -0.4017434121 0.0648048339 0.3973525256 0.9153749526
0.9435987044 -0.3300464646 0.0262833855 0.3122943105 0.8608516284 -0.4017545738 0.1099715815 0.3873032471 0.9153701143
0.8995007696 -0.4361280317 0.0262812765 0.4089967059 0.8193326486 -0.4017657346 0.1536881911 0.3721375430 0.9153652763
0.8435230780 -0.5364496458 0.0262791619 0.5002965054 0.7669933075 -0.4017768944 0.1953771314 0.3520554555 0.9153604387
0.7764049285 -0.6296863537 0.0262770417 0.5849879843 0.7045249593 -0.4017880534 0.2344876226 0.3273219785 0.9153556015
0.6990327526 -0.7146067727 0.0262749158 0.6619527058 0.6327527234 -0.4017992115 0.2705029133 0.2982635604 0.9153507647
0.6124284072 -0.7900893537 0.0262727843 0.7301742914 0.5526245849 -0.4018103686 0.3029471080 0.2652637957 0.9153459283
0.5177356793 -0.8551371933 0.0262706472 0.7887518428 0.4651988742 -0.4018215249 0.3313914555 0.2287583615 0.9153410923
0.4162051796 -0.9088912004 0.0262685044 0.8369118389 0.3716302881 -0.4018326803 0.3554600153 0.1892292652 0.9153362567
0.3091778256 -0.9506414417 0.0262663561 0.8740183498 0.2731546388 -0.4018438347 0.3748346254 0.1471984802 0.9153314214
0.1980671323 -0.9798365184 0.0262642021 0.8995814344 0.1710725322 -0.4018549882 0.3892591090 0.1032210537 0.9153265866
0.0843405438 -0.9960908482 0.0262620425 0.9132636091 0.0667321900 -0.4018661409 0.3985426615 0.0578777765 0.9153217521
-0.0304999475 -0.9991897578 0.0262598773 0.9148843031 -0.0384883565 -0.4018772926 0.4025623741 0.0117675132 0.9153169181
-0.1449376376 -0.9890923183 0.0262577064 0.9044222421 -0.1431994661 -0.4018884433 0.4012648617 -0.0345007079 0.9153120845
-0.2574611422 -0.9659318855 0.0262555299 0.8820157267 -0.2460182408 -0.4018995932 0.3946669711 -0.0803157380 0.9153072512
-0.3665843573 -0.9300143390 0.0262533479 0.8479608048 -0.3455867891 -0.4019107421 0.3828555634 -0.1250723811 0.9153024184
-0.4708660870 -0.8818140420 0.0262511602 0.8027073598 -0.4405901595 -0.4019218901 0.3659863694 -0.1681793882 0.9152975859
-0.5689290766 -0.8219675770 0.0262489668 0.7468531674 -0.5297737064 -0.4019330372 0.3442819371 -0.2090672677 0.9152927539
-0.6594782025 -0.7512653377 0.0262467679 0.6811359990 -0.6119596591 -0.4019441834 0.3180286958 -0.2471958091 0.9152879223
-0.7413175770 -0.6706410910 0.0262445633 0.6064238772 -0.6860626757 -0.4019553286 0.2875731754 -0.2820612204 0.9152830910
-0.8133663423 -0.5811596442 0.0262423531 0.5237036100 -0.7511041763 -0.4019664728 0.2533174334 -0.3132027847 0.9152782602
-0.8746729458 -0.4840027822 0.0262401374 0.4340677569 -0.8062252653 -0.4019776162 0.2157137463 -0.3402089481 0.9152734298
-0.9244277066 -0.3804536596 0.0262379159 0.3387001990 -0.8506980740 -0.4019887586 0.1752586389 -0.3627227588 0.9152685998
-0.9619735098 -0.2718798541 0.0262356889 0.2388605021 -0.8839353715 -0.4019999000 0.1324863276 -0.3804465849 0.9152637702
-0.9868144847 -0.1597153050 0.0262334563 0.1358672812 -0.9054983187 -0.4020110405 0.0879616665 -0.3931460494 0.9152589410
-0.9986225537 -0.0454413745 0.0262312180 0.0310807853 -0.9151022629 -0.4020221801 0.0422726874 -0.4006531292 0.9152541122
-0.9972417655 0.0694327161 0.0262289741 -0.0741150679 -0.9126204947 -0.4020333187 -0.0039771659 -0.4028683787 0.9152492838
-0.9826903547 0.1833898188 0.0262267247 -0.1783309693 -0.8980859205 -0.4020444563 -0.0501770078 -0.3997622466 0.9152444559
-0.9551605010 0.2949248965 0.0262244696 -0.2801905667 -0.8716906254 -0.4020555930 -0.0957165799 -0.3913754707 0.9152396284
-0.9150157909 0.4025648993 0.0262222089 -0.3783486424 -0.8337833354 -0.4020667288 -0.1399943114 -0.3778185429 0.9152348012
-0.8627864161 0.5048882201 0.0262199425 -0.4715088782 -0.7848648096 -0.4020778635 -0.1824252666 -0.3592702546 0.9152299745
-0.7991621712 0.6005434687 0.0262176706 -0.5584409759 -0.7255812254 -0.4020889974 -0.2224488716 -0.3359753377 0.9152251482
-0.7249833434 0.6882673208 0.0262153930 -0.6379969044 -0.6567156426 -0.4021001302 -0.2595363206 -0.3082412364 0.9152203224
-0.6412296150 0.7669012021 0.0262131099 -0.7091260608 -0.5791776608 -0.4021112621 -0.2931975626 -0.2764340491 0.9152154969
-0.5490071244 0.8354065898 0.0262108211 -0.7708891447 -0.4939914043 -0.4021223930 -0.3229877767 -0.2409736961 0.9152106719
-0.4495338578 0.8928787285 0.0262085267 -0.8224705619 -0.4022819963 -0.4021335229 -0.3485132502 -0.2023283756 0.9152058473
-0.3441235626 0.9385585796 0.0262062268 -0.8631891944 -0.3052606977 -0.4021446519 -0.3694365822 -0.1610083821 0.9152010231
-0.2341683974 0.9718428454 0.0262039212 -0.8925073949 -0.2042089098 -0.4021557799 -0.3854811432 -0.1175593679 0.9151961993
-0.1211205449 0.9922919375 0.0262016100 -0.9100380851 -0.1004612499 -0.4021669069 -0.3964347328 -0.0725551378 0.9151913760
-0.0064730334 0.9996357821 0.0261992931 -0.9155498668 0.0046120751 -0.4021780329 -0.4021523856 -0.0265900712 0.9151865530
0.1082599818 0.9937773871 0.0261969707 -0.9089700760 0.1096233652 -0.4021891580 -0.4025582906 0.0197287285 0.9151817306
0.2215632159 0.9747941229 0.0261946427 -0.8903857406 0.2131857547 -0.4022002820 -0.3976467958 0.0657894516 0.9151769085
