1985
45846
-0.9755288022 0.2184945812 -0.0245697802 -0.1921300892 -0.9014403891 -0.3879320219 -0.1069092368 -0.3737182666 0.9213604464
-0.9440186419 0.3289762433 -0.0245649170 -0.2942889663 -0.8734476678 -0.3879216105 -0.1490731636 -0.3589760479 0.9213649597
-0.9000407626 0.4351131228 -0.0245600487 -0.3925619454 -0.8339184726 -0.3879112012 -0.1892663324 -0.3394945529 0.9213694720
-0.8441759800 0.5355034624 -0.0245551751 -0.4856510323 -0.7833747819 -0.3879007939 -0.2269581231 -0.3155312867 0.9213739835
-0.7771621005 0.6288213995 -0.0245502962 -0.5723266873 -0.7224840548 -0.3878903887 -0.2616509746 -0.2874029196 0.9213784940
-0.6998841780 0.7138344767 -0.0245454121 -0.6514440654 -0.6520504171 -0.3878799856 -0.2928869528 -0.2554811018 0.9213830037
-0.6133628240 0.7894199192 -0.0245405228 -0.7219581380 -0.5730040422 -0.3878695845 -0.3202537948 -0.2201875536 0.9213875125
-0.5187407292 0.8545794631 -0.0245356282 -0.7829374961 -0.4863888665 -0.3878591856 -0.3433903510 -0.1819884934 0.9213920203
-0.4172675712 0.9084525400 -0.0245307284 -0.8335766532 -0.3933488025 -0.3878487887 -0.3619913498 -0.1413884796 0.9213965273
-0.3102835105 0.9503276420 -0.0245258233 -0.8732066850 -0.2951126319 -0.3878383938 -0.3758114265 -0.0989237455 0.9214010333
-0.1992014908 0.9796517192 -0.0245209130 -0.9013040660 -0.1929777763 -0.3878280011 -0.3846683593 -0.0551551174 0.9214055385
-0.0854885780 0.9960374837 -0.0245159975 -0.9174975850 -0.0882931625 -0.3878176104 -0.3884454718 -0.0106606076 0.9214100428
0.0293534152 0.9992685245 -0.0245110767 -0.9215732496 0.0175585934 -0.3878072219 -0.3870931704 0.0339722190 0.9214145461
0.1438077639 0.9893021660 -0.0245061507 -0.9134771143 0.1231794468 -0.3877968354 -0.3806295951 0.0781540035 0.9214190486
0.2563628625 0.9662700311 -0.0245012194 -0.8933159940 0.2271743895 -0.3877864510 -0.3691403765 0.1213013758 0.9214235501
0.3655321885 0.9304763035 -0.0244962829 -0.8613560553 0.3281698744 -0.3877760687 -0.3527775009 0.1628446567 0.9214280507
0.4698739351 0.8823937099 -0.0244913412 -0.8180193023 0.4248319572 -0.3877656885 -0.3317573000 0.2022353798 0.9214325504
0.5680100535 0.8226572772 -0.0244863943 -0.7638780044 0.5158839148 -0.3877553104 -0.3063575909 0.2389535326 0.9214370493
0.6586444523 0.7520559450 -0.0244814421 -0.6996471396 0.6001231090 -0.3877449344 -0.2769140039 0.2725144209 0.9214415472
0.7405801157 0.6715221470 -0.0244764847 -0.6261749522 0.6764368705 -0.3877345605 -0.2438155478 0.3024750673 0.9214460442
0.8127349124 0.5821194953 -0.0244715221 -0.5444317515 0.7438171962 -0.3877241887 -0.2074994701 0.3284400582 0.9214505402
0.8741558871 0.4850287341 -0.0244665542 -0.4554970967 0.8013740634 -0.3877138190 -0.1684454808 0.3500667618 0.9214550354
0.9240318465 0.3815321450 -0.0244615811 -0.3605455398 0.8483471857 -0.3877034514 -0.1271694159 0.3670698501 0.9214595297
0.9617040731 0.2729966122 -0.0244566028 -0.2608311133 0.8841160565 -0.3876930860 -0.0842164238 0.3792250629 0.9214640230
0.9866750245 0.1608555700 -0.0244516193 -0.1576707684 0.9082081454 -0.3876827226 -0.0401537655 0.3863721654 0.9214685154
0.9986149045 0.0465900709 -0.0244466305 -0.0524269811 0.9203051406 -0.3876723614 0.0044366769 0.3884170612 0.9214730069
0.9973660194 -0.0682907741 -0.0244416366 0.0535102417 0.9202471549 -0.3876620023 0.0489660847 0.3853330302 0.9214774975
0.9829448598 -0.1822697268 -0.0244366374 0.1587417216 0.9080348384 -0.3876516453 0.0928464775 0.3771610782 0.9214819872
0.9555418838 -0.2938414601 -0.0244316329 0.2618775877 0.8838293721 -0.3876412904 0.1354984776 0.3640093917 0.9214864759
0.9155190008 -0.4015324387 -0.0244266233 0.3615556344 0.8479503402 -0.3876309376 0.1763589592 0.3460519054 0.9214909637
0.8634047924 -0.5039203802 -0.0244216084 0.4564593125 0.8008715106 -0.3876205870 0.2148884840 0.3235260018 0.9214954507
0.7998875311 -0.5996530396 -0.0244165884 0.5453351190 0.7432145794 -0.3876102385 0.2505784221 0.2967293736 0.9214999366
0.7258060904 -0.6874660680 -0.0244115631 0.6270091529 0.6757409606 -0.3875998921 0.2829576669 0.2660160889 0.9215044217
0.6421388659 -0.7661997116 -0.0244065326 0.7004026210 0.5993417313 -0.3875895479 0.3115988533 0.2317919133 0.9215089058
0.5499908534 -0.8348141279 -0.0244014969 0.7645460867 0.5150258639 -0.3875792058 0.3361239987 0.1945089492 0.9215133890
0.4505790550 -0.8924031197 -0.0243964559 0.8185922756 0.4239069008 -0.3875688658 0.3562094910 0.1546596629 0.9215178713
0.3452164068 -0.9382061029 -0.0243914098 0.8618272667 0.3271882481 -0.3875585280 0.3715903589 0.1127703804 0.9215223527
0.2352944383 -0.9716181518 -0.0243863585 0.8936799232 0.2261472825 -0.3875481923 0.3820637671 0.0693943353 0.9215268331
0.1222648944 -0.9921979882 -0.0243813019 0.9137294374 0.1221184805 -0.3875378588 0.3874916914 0.0251043621 0.9215313126
0.0076205625 -0.9996738098 -0.0243762401 0.9217108894 0.0164757937 -0.3875275274 0.3878027376 -0.0195146683 0.9215357912
-0.1071244431 -0.9939468797 -0.0243711732 0.9175187486 -0.0893854974 -0.3875171982 0.3829930805 -0.0638735724 0.9215402688
-0.2204546781 -0.9750928305 -0.0243661010 0.9012082679 -0.1940672120 -0.3875068711 0.3731265105 -0.1073866342 0.9215447455
-0.3308733827 -0.9433606655 -0.0243610236 0.8729947564 -0.2961867351 -0.3874965462 0.3583335876 -0.1494793389 0.9215492213
-0.4369222495 -0.8991694701 -0.0243559410 0.8332507366 -0.3943952797 -0.3874862234 0.3388099140 -0.1895959582 0.9215536961
-0.5372006837 -0.8431028771 -0.0243508532 0.7825010261 -0.4873957005 -0.3874759028 0.3148135473 -0.2272068875 0.9215581700
-0.6303843002 -0.7759013584 -0.0243457603 0.7214158073 -0.5739596275 -0.3874655843 0.2866615897 -0.2618156375 0.9215626430
-0.7152424156 -0.6984524458 -0.0243406621 0.6508017770 -0.6529436901 -0.3874552680 0.2547259979 -0.2929653880 0.9215671150
-0.7906543014 -0.6117790093 -0.0243355587 0.5715914933 -0.7233046194 -0.3874449539 0.2194286680 -0.3202450177 0.9215715861
-0.8556239858 -0.5170257479 -0.0243304501 0.4848310602 -0.7841130284 -0.3874346419 0.1812358626 -0.3432945305 0.9215760562
-0.9092934076 -0.4154440719 -0.0243253363 0.3916663113 -0.8345656879 -0.3874243321 0.1406520511 -0.3618098059 0.9215805255
-0.9509537485 -0.3083755749 -0.0243202173 0.2933276775 -0.8739961369 -0.3874140245 0.0982132465 -0.3755466117 0.9215849937
-0.9800547948 -0.1972343158 -0.0243150932 0.1911139365 -0.9018834857 -0.3874037190 0.0544799265 -0.3843238255 0.9215894611
-0.9962122041 -0.0834881431 -0.0243099638 0.0863750594 -0.9178592978 -0.3873934157 0.0100296306 -0.3880258231 0.9215939274
-0.9992125811 0.0313606912 -0.0243048292 -0.0195056184 -0.9217124570 -0.3873831146 -0.0345506661 -0.3866040011 0.9215983929
-0.9890162965 0.1457953718 -0.0242996895 -0.1251296681 -0.9133919574 -0.3873728157 -0.0786723046 -0.3800774155 0.9216028574
-0.9657580097 0.2583045526 -0.0242945445 -0.2291020368 -0.8930075787 -0.3873625190 -0.1217527145 -0.3685325257 0.9216073209
-0.9297448911 0.3674023173 -0.0242893944 -0.3300494736 -0.8608284377 -0.3873522244 -0.1632231063 -0.3521220499 0.9216117835
-0.8814525650 0.4716478044 -0.0242842391 -0.4266386668 -0.8172794355 -0.3873419321 -0.2025359810 -0.3310629441 0.9216162452
-0.8215188280 0.5696642358 -0.0242790786 -0.5175938545 -0.7629356467 -0.3873316419 -0.2391723583 -0.3056335346 0.9216207059
-0.7507352258 0.6601571010 -0.0242739129 -0.6017136749 -0.6985147259 -0.3873213539 -0.2726486277 -0.2761698387 0.9216251657
-0.6700365989 0.7419312531 -0.0242687420 -0.6778870344 -0.6248674300 -0.3873110681 -0.3025229325 -0.2430611252 0.9216296245
-0.5804887366 0.8139066937 -0.0242635660 -0.7451077833 -0.5429663835 -0.3873007845 -0.3284010016 -0.2067447712 0.9216340823
-0.4832743009 0.8751328361 -0.0242583847 -0.8024880058 -0.4538932327 -0.3872905031 -0.3499413530 -0.1677004843 0.9216385392
-0.3796772069 0.9248010602 -0.0242531983 -0.8492697485 -0.3588243617 -0.3872802239 -0.3668598000 -0.1264439661 0.9216429952
-0.2710656662 0.9622553917 -0.0242480067 -0.8848350322 -0.2590153549 -0.3872699469 -0.3789332005 -0.0835201004 0.9216474502
-0.1588741168 0.9870011657 -0.0242428099 -0.9087140157 -0.1557844151 -0.3872596721 -0.3860023997 -0.0394957572 0.9216519042
-0.0445842787 0.9987115602 -0.0242376080 -0.9205912026 -0.0504949536 -0.3872493995 -0.3879743288 0.0050476935 0.9216563573
0.0702944157 0.9972319118 -0.0242324008 -0.9203096094 0.0554624173 -0.3872391291 -0.3848232295 0.0495220596 0.9216608094
0.1842447565 0.9825817590 -0.0242271885 -0.9078728410 0.1606882506 -0.3872288609 -0.3765909907 0.0933400937 0.9216652606
0.2957617943 0.9549545838 -0.0242219710 -0.8834450441 0.2637927479 -0.3872185949 -0.3633865919 0.1359232467 0.9216697108
0.4033727159 0.9147152569 -0.0242167483 -0.8473487409 0.3634141158 -0.3872083312 -0.3453846599 0.1767093074 0.9216741601
0.5056562963 0.8623952182 -0.0242115205 -0.8000605711 0.4582365519 -0.3871980697 -0.3228231601 0.2151598247 0.9216786084
0.6012616683 0.7986854586 -0.0242062875 -0.7422049974 0.5470076246 -0.3871878104 -0.2960002501 0.2507672164 0.9216830557
0.6889261643 0.7244273941 -0.0242010493 -0.6745460599 0.6285548149 -0.3871775533 -0.2652703399 0.2830614691 0.9216875021
0.7674919917 0.6406017528 -0.0241958060 -0.5979772857 0.7018010038 -0.3871672984 -0.2310394091 0.3116163433 0.9216919475
0.8359215244 0.5483156227 -0.0241905575 -0.5135098888 0.7657786991 -0.3871570458 -0.1937596430 0.3360549983 0.9216963919
0.8933110066 0.4487878302 -0.0241853038 -0.4222594155 0.8196428154 -0.3871467953 -0.1539234598 0.3560549657 0.9217008354
0.9389024891 0.3433328434 -0.0241800449 -0.3254310116 0.8626818362 -0.3871365472 -0.1120570060 0.3713524042 0.9217052779
0.9720938393 0.2333434112 -0.0241747809 -0.2243035059 0.8943272131 -0.3871263012 -0.0687132073 0.3817455806 0.9217097194
0.9924466937 0.1202721699 -0.0241695117 -0.1202125203 0.9141608764 -0.3871160575 -0.0244644662 0.3870975293 0.9217141600
0.9996922476 0.0056124575 -0.0241642374 -0.0145328304 0.9219207580 -0.3871058160 0.0201048971 0.3873378580 0.9217185996
0.9937348052 -0.1091214083 -0.0241589579 0.0913397922 0.9175042544 -0.3870955768 0.0644063612 0.3824636734 0.9217230382
0.9746530432 -0.2224141303 -0.0241536732 0.1960070148 0.9009695832 -0.3870853398 0.1078549741 0.3725396150 0.9217274759
0.9426989725 -0.3327694439 -0.0241483834 0.2980864117 0.8725350160 -0.3870751050 0.1498770776 0.3576969988 0.9217319126
0.8982946090 -0.4387298790 -0.0241430884 0.3962297238 0.8325759968 -0.3870648725 0.1899178806 0.3381320791 0.9217363483
0.8420264007 -0.5388960082 -0.0241377883 0.4891406659 0.7816201846 -0.3870546423 0.2274487842 0.3141034535 0.9217407830
0.7746374824 -0.6319449296 -0.0241324830 0.5755920480 0.7203404859 -0.3870444142 0.2619743597 0.2859286453 0.9217452168
0.6970178608 -0.7166477386 -0.0241271726 0.6544419849 0.6495461687 -0.3870341885 0.2930388885 0.2539799074 0.9217496496
0.6101926604 -0.7918857577 -0.0241218570 0.7246489782 0.5701721748 -0.3870239650 0.3202323774 0.2186793038 0.9217540814
0.5153085848 -0.8566653110 -0.0241165362 0.7852856734 0.4832667725 -0.3870137437 0.3431959698 0.1804931342 0.9217585122
0.4136187717 -0.9101308484 -0.0241112103 0.8355511087 0.3899777129 -0.3870035247 0.3616266810 0.1399257740 0.9217629421
0.3064662432 -0.9515762441 -0.0241058793 0.8747812959 0.2915370713 -0.3869933080 0.3752813960 0.0975130130 0.9217673709
0.1952661681 -0.9804541231 -0.0241005431 0.9024579905 0.1892449754 -0.3869830936 0.3839800763 0.0538149781 0.9217717988
0.0814871716 -0.9963830900 -0.0240952017 0.9182155387 0.0844524336 -0.3869728814 0.3876081337 0.0094087370 0.9217762257
-0.0333680606 -0.9991527668 -0.0240898552 0.9218457079 -0.0214565073 -0.3869626714 0.3861179396 -0.0351193235 0.9217806517
-0.1477826284 -0.9887265706 -0.0240845036 0.9133004385 -0.1270830430 -0.3869524638 0.3795294505 -0.0791812398 0.9217850766
-0.2602454513 -0.9652421975 -0.0240791468 0.8926924802 -0.2310320855 -0.3869422584 0.3679299403 -0.1221952359 0.9217895006
-0.3692712253 -0.9290098035 -0.0240737849 0.8602939042 -0.3319306899 -0.3869320553 0.3514728446 -0.1635934045 0.9217939236
-0.4734200391 -0.8805079090 -0.0240684178 0.8165325118 -0.4284461877 -0.3869218544 0.3303757311 -0.2028292051 0.9217983455
-0.5713163916 -0.8203770782 -0.0240630456 0.7619861848 -0.5193037885 -0.3869116558 0.3049174230 -0.2393846794 0.9218027665
-0.6616673578 -0.7494114599 -0.0240576682 0.6973752549 -0.6033034182 -0.3869014596 0.2754343142 -0.2727772890 0.9218071866
-0.7432796649 -0.6685482985 -0.0240522858 0.6235529911 -0.6793355694 -0.3868912656 0.2423159240 -0.3025662849 0.9218116056
-0.8150754515 -0.5788555563 -0.0240468981 0.5414943311 -0.7463959566 -0.3868810739 0.2059997517 -0.3283585250 0.9218160236
-0.8761065037 -0.4815178087 -0.0240415054 0.4522830057 -0.8035987815 -0.3868708844 0.1669654961 -0.3498136623 0.9218204407
-0.9255667777 -0.3778205996 -0.0240361075 0.3570972261 -0.8501884332 -0.3868606973 0.1257287201 -0.3666486363 0.9218248567
-0.9628030455 -0.2691334628 -0.0240307044 0.2571941238 -0.8855494699 -0.3868505124 0.0828340404 -0.3786414075 0.9218292718
-0.9873235221 -0.1568918350 -0.0240252963 0.1538931468 -0.9092147483 -0.3868403299 0.0388479355 -0.3856338854 0.9218336858
-0.9988043606 -0.0425780973 -0.0240198830 0.0485586339 -0.9208715950 -0.3868301496 -0.0056487362 -0.3875340130 0.9218380989
-0.9970939296 0.0722980018 -0.0240144645 -0.0574182051 -0.9203659377 -0.3868199717 -0.0500684062 -0.3843169782 0.9218425110
-0.9822148152 0.1862192867 -0.0240090410 -0.1626376637 -0.9077043418 -0.3868097960 -0.0938245550 -0.3760255380 0.9218469220
-0.9543635234 0.2976811914 -0.0240036123 -0.2657100256 -0.8830539249 -0.3867996227 -0.1363394566 -0.3627694503 0.9218513321
-0.9139078846 0.4052116309 -0.0239981785 -0.3652739198 -0.8467401512 -0.3867894516 -0.1770518058 -0.3447240208 0.9218557412
-0.8613821957 0.5073904428 -0.0239927395 -0.4600143013 -0.7992425345 -0.3867792829 -0.2154241296 -0.3221277846 0.9218601493
-0.7974801634 0.6028681436 -0.0239872955 -0.5486798207 -0.7411883060 -0.3867691164 -0.2509498821 -0.2952793532 0.9218645563
-0.7230457431 0.6903837516 -0.0239818463 -0.6300993517 -0.6733441317 -0.3867589523 -0.2831601319 -0.2645334683 0.9218689624
-0.6390619920 0.7687814403 -0.0239763920 -0.7031974605 -0.5966059877 -0.3867487905 -0.3116297512 -0.2302963145 0.9218733675
-0.5466380864 0.8370258042 -0.0239709326 -0.7670086100 -0.5119873275 -0.3867386310 -0.3359830273 -0.1930201535 0.9218777716
-0.4469946725 0.8942155328 -0.0239654680 -0.8206899138 -0.4206056977 -0.3867284738 -0.3558986207 -0.1531973496 0.9218821746
-0.3414477451 0.9395953149 -0.0239599983 -0.8635322699 -0.3236679790 -0.3867183190 -0.3711138049 -0.1113538662 0.9218865767
-0.2313912678 0.9725658137 -0.0239545236 -0.8949697276 -0.2224544465 -0.3867081664 -0.3814279328 -0.0680423195 0.9218909777
-0.1182787622 0.9926915824 -0.0239490437 -0.9145869636 -0.1183018611 -0.3866980162 -0.3867050820 -0.0238346796 0.9218953778
-0.0036041116 0.9997068152 -0.0239435586 -0.9221247691 -0.0125858142 -0.3866878683 -0.3868758465 0.0206852822 0.9218997768
0.1111181690 0.9935188581 -0.0239380685 -0.9174834747 0.0932974399 -0.3866777228 -0.3819382491 0.0649297028 0.9219041748
0.2243729351 0.9742094323 -0.0239325733 -0.9007242685 0.1979494258 -0.3866675795 -0.3719577640 0.1083143893 0.9219085719
0.3346644235 0.9420335550 -0.0239270729 -0.8720683888 0.2999879170 -0.3866574386 -0.3570664487 0.1502665327 0.9219129679
0.4405360066 0.8974161719 -0.0239215674 -0.8318942046 0.3980651927 -0.3866473001 -0.3374611965 0.1902322708 0.9219173629
0.5405894305 0.8409465440 -0.0239160569 -0.7807322188 0.4908858382 -0.3866371638 -0.3134011331 0.2276840003 0.9219217569
0.6335032816 0.7733704663 -0.0239105412 -0.7192580630 0.5772238547 -0.3866270300 -0.2852041917 0.2621273418 0.9219261498
0.7180504389 0.6955804174 -0.0239050204 -0.6482835758 0.6559388532 -0.3866168984 -0.2532429119 0.2931076657 0.9219305418
0.7931142805 0.6086037727 -0.0238994945 -0.5687460810 0.7259911165 -0.3866067692 -0.2179395176 0.3202160934 0.9219349327
0.8577034309 0.5135892359 -0.0238939635 -0.4816960091 0.7864553331 -0.3865966424 -0.1797603391 0.3430948934 0.9219393226
0.9109648541 0.4117916678 -0.0238884274 -0.3882830244 0.8365328190 -0.3865865179 -0.1392096534 0.3614422017 0.9219437115
0.9521951202 0.3045555136 -0.0238828862 -0.2897408415 0.8755620681 -0.3865763957 -0.0968230236 0.3750160051 0.9219480994
0.9808496951 0.1932970467 -0.0238773398 -0.1873709318 0.9030274903 -0.3865662759 -0.0531602252 0.3836373333 0.9219524863
0.9965501327 0.0794856637 -0.0238717884 -0.0825253341 0.9185662228 -0.3865561585 -0.0087978543 0.3871926183 0.9219568721
0.9990890728 -0.0353755220 -0.0238662319 0.0234112018 0.9219729237 -0.3865460434 0.0356782877 0.3856351909 0.9219612570
0.9884329800 -0.1497695314 -0.0238606703 0.1290395045 0.9132024861 -0.3865359306 0.0796809287 0.3789858927 0.9219656408
0.9647225863 -0.2621855555 -0.0238551036 0.2329644609 0.8923706350 -0.3865258203 0.1226290809 0.3673327976 0.9219700235
0.9282710330 -0.3711389082 -0.0238495318 0.3338134418 0.8597524006 -0.3865157122 0.1639557117 0.3508300452 0.9219744053
0.8795597346 -0.4751906344 -0.0238439549 0.4302544324 0.8157784867 -0.3865056066 0.2031152299 0.3296958015 0.9219787860
0.8192320211 -0.5729665152 -0.0238383729 0.5210136250 0.7610295845 -0.3864955033 0.2395906887 0.3042093753 0.9219831657
0.7480846414 -0.6631752164 -0.0238327859 0.6048922436 0.6962287033 -0.3864854024 0.2729006100 0.2747075264 0.9219875444
0.6670572405 -0.7446253438 -0.0238271937 0.6807823781 0.6222316234 -0.3864753039 0.3026053394 0.2415800162 0.9219919221
0.5772199499 -0.8162411782 -0.0238215964 0.7476816180 0.5400155936 -0.3864652077 0.3283128500 0.2052644581 0.9219962987
0.4797592541 -0.8770768818 -0.0238159941 0.8047062927 0.4506664258 -0.3864551139 0.3496839152 0.1662405369 0.9220006743
0.3759623207 -0.9263289906 -0.0238103867 0.8511031443 0.3553641546 -0.3864450225 0.3664365856 0.1250236725 0.9220050488
0.2672000008 -0.9633470259 -0.0238047741 0.8862592772 0.2553674525 -0.3864349335 0.3783499084 0.0821582126 0.9220094223
0.1549087239 -0.9876420847 -0.0237991565 0.9097102549 0.1519970063 -0.3864248469 0.3852668419 0.0382102432 0.9220137948
0.0405715274 -0.9988932971 -0.0237935338 0.9211462351 0.0466180748 -0.3864147626 0.3870963250 -0.0062398870 0.9220181663
-0.0743015307 -0.9969520641 -0.0237879061 0.9204160636 -0.0593775431 -0.3864046807 0.3838144766 -0.0506052301 0.9220225367
-0.1881933145 -0.9818440201 -0.0237822732 0.9075292723 -0.1645898906 -0.3863946012 0.3754649069 -0.0942999898 0.9220269061
-0.2995996478 -0.9537686945 -0.0237766353 0.8826559546 -0.2676293431 -0.3863845241 0.3621581379 -0.1367472561 0.9220312745
-0.4070491791 -0.9130968764 -0.0237709923 0.8461245205 -0.3671349624 -0.3863744494 0.3440701406 -0.1773866219 0.9220356418
-0.5091228144 -0.8603657177 -0.0237653442 0.7984173604 -0.4617924715 -0.3863643771 0.3214400076 -0.2156815825 0.9220400081
-0.6044724593 -0.7962716390 -0.0237596910 0.7401644752 -0.5503516139 -0.3863543072 0.2945667931 -0.2511266175 0.9220443733
-0.6918388229 -0.7216611317 -0.0237540328 0.6721351570 -0.6316426673 -0.3863442397 0.2638055606 -0.2832538646 0.9220487375
-0.7700680499 -0.6375195789 -0.0237483695 0.5952278296 -0.7045918935 -0.3863341746 0.2295626917 -0.3116392949 0.9220531007
-0.8381269593 -0.5449582408 -0.0237427011 0.5104581834 -0.7682357213 -0.3863241119 0.1922905173 -0.3359083093 0.9220574628
-0.8951166899 -0.4451995788 -0.0237370277 0.4189457620 -0.8217334738 -0.3863140516 0.1524813429 -0.3557406823 0.9220618239
-0.9402845716 -0.3395611100 -0.0237313491 0.3218991760 -0.8643784732 -0.3863039937 0.1106609456 -0.3708747870 0.9220661839
-0.9730340661 -0.2294380070 -0.0237256656 0.2206001409 -0.8956073755 -0.3862939383 0.0673816302 -0.3811110466 0.9220705429
-0.9929326452 -0.1162846714 -0.0237199769 0.1163865494 -0.9150076126 -0.3862838852 0.0232149352 -0.3863145662 0.9220749008
-0.9997175036 -0.0015955259 -0.0237142832 0.0106348013 -0.9223228425 -0.3862738345 -0.0212559152 -0.3864169103 0.9220792577
-0.9932990297 0.1131147230 -0.0237085844 -0.0952583753 -0.9174563365 -0.3862637863 -0.0654437122 -0.3814170029 0.9220836136
-0.9737619891 0.2263310895 -0.0237028805 -0.1998943717 -0.9004722584 -0.3862537405 -0.1087650163 -0.3713811382 0.9220879684
-0.9413644051 0.3365583173 -0.0236971716 -0.3018911707 -0.8715948184 -0.3862436971 -0.1506478607 -0.3564421013 0.9220923221
-0.8965341512 0.4423406274 -0.0236914576 -0.3999016001 -0.8312053135 -0.3862336561 -0.1905393032 -0.3367974112 0.9220966748
-0.8398633000 0.5422809448 -0.0236857386 -0.4926311264 -0.7798370923 -0.3862236176 -0.2279127258 -0.3127067099 0.9221010265
-0.7721003040 0.6350593495 -0.0236800145 -0.5788549532 -0.7181685127 -0.3862135815 -0.2622747866 -0.2844883300 0.9221053771
-0.6941401104 0.7194505093 -0.0236742853 -0.6574341982 -0.6470139834 -0.3862035478 -0.2931719328 -0.2525150885 0.9221097266
-0.6070123418 0.7943398621 -0.0236685511 -0.7273309364 -0.5673132087 -0.3861935166 -0.3201963864 -0.2172093614 0.9221140751
-0.5118676977 0.8587383370 -0.0236628119 -0.7876219099 -0.4801187779 -0.3861834877 -0.3429915263 -0.1790375037 0.9221184225
-0.4099627575 0.9117954160 -0.0236570675 -0.8375107225 -0.3865822648 -0.3861734613 -0.3612565946 -0.1385036894 0.9221227689
-0.3026433845 0.9528103678 -0.0236513182 -0.8763383602 -0.2879390180 -0.3861634374 -0.3747506641 -0.0961432523 0.9221271142
-0.1913269512 0.9812415019 -0.0236455637 -0.9035918959 -0.1854918462 -0.3861534159 -0.3832958171 -0.0525156160 0.9221314585
-0.0774836199 0.9967133230 -0.0236398043 -0.9189112659 -0.0805938113 -0.3861433968 -0.3867794902 -0.0081969057 0.9221358017
0.0373830739 0.9990214902 -0.0236340397 -0.9220940266 0.0253696419 -0.3861333802 -0.3851559578 0.0362276595 0.9221401438
0.1517560784 0.9881355158 -0.0236282702 -0.9130980299 0.1309989844 -0.3861233661 -0.3784469321 0.0801714947 0.9221444849
0.2641248617 0.9641991678 -0.0236224955 -0.8920419814 0.2348990868 -0.3861133543 -0.3667412723 0.1230543940 0.9221488249
0.3730053615 0.9275285715 -0.0236167159 -0.8592038739 0.3356976466 -0.3861033451 -0.3501938082 0.1643101916 0.9221531639
0.4769595849 0.8786080345 -0.0236109312 -0.8150173175 0.4320633129 -0.3860933383 -0.3290232919 0.2033942361 0.9221575018
0.5746146002 0.8180836501 -0.0236051414 -0.7600658135 0.5227232714 -0.3860833339 -0.3035095063 0.2397905816 0.9221618386
0.6646806696 0.7467547645 -0.0235993466 -0.6950750496 0.6064800555 -0.3860733320 -0.2739895671 0.2730187978 0.9221661744
0.7459682825 0.6655634200 -0.0235935468 -0.6209033163 0.6822273632 -0.3860633325 -0.2408534688 0.3026403125 0.9221705091
0.8174038655 0.5755819134 -0.0235877419 -0.5385301717 0.7489646696 -0.3860533356 -0.2045389323 0.3282641995 0.9221748427
0.8780439616 0.4779986338 -0.0235819320 -0.4490435054 0.8058104424 -0.3860433411 -0.1655256226 0.3495523379 0.9221791753
0.9270876900 0.3741023679 -0.0235761170 -0.3536251705 0.8520137864 -0.3860333490 -0.1243288132 0.3662238742 0.9221835068
0.9638873238 0.2652652788 -0.0235702970 -0.2535353750 0.8869643621 -0.3860233594 -0.0814925806 0.3780589269 0.9221878372
0.9879568443 0.1529247837 -0.0235644720 -0.1500960379 0.9102004481 -0.3860133723 -0.0375826185 0.3849014871 0.9221921666
0.9989783603 0.0385645698 -0.0235586420 -0.0446733304 0.9214150413 -0.3860033877 0.0068212325 0.3866614743 0.9221964948
0.9968063063 -0.0763050004 -0.0235528069 0.0613403682 0.9204599123 -0.3859934055 0.0511326415 0.3833159229 0.9222008221
0.9814693650 -0.1901668372 -0.0235469668 0.1665448598 0.9073475655 -0.3859834258 0.0947665302 0.3749092816 0.9222051482
0.9531700888 -0.3015171594 -0.0235411216 0.2695506218 0.8822510749 -0.3859734486 0.1371467977 0.3615528223 0.9222094733
0.9122822245 -0.4088853555 -0.0235352714 0.3689971588 0.8455017999 -0.3859634739 0.1777139266 0.3434231682 0.9222137972
0.8593457772 -0.5108534053 -0.0235294162 0.4635709726 0.7975850098 -0.3859535016 0.2159323703 0.3207599575 0.9222181202
0.7950598788 -0.6060746087 -0.0235235560 0.5520229106 0.7391334767 -0.3859435319 0.2512976228 0.2938626758 0.9222224420
0.7202735543 -0.6932913711 -0.0235176908 0.6331846652 0.6709191184 -0.3859335646 0.2833428785 0.2630866992 0.9222267627
0.6359745085 -0.7713518126 -0.0235118205 0.7059842051 0.5938428052 -0.3859235998 0.3116451937 0.2288385978 0.9222310824
0.5432760819 -0.8392249814 -0.0235059452 0.7694599353 0.5089224619 -0.3859136376 0.3358310688 0.1915707659 0.9222354010
0.4434025464 -0.8960144691 -0.0235000649 0.8227733990 0.4172796250 -0.3859036778 0.3555813772 0.1517754451 0.9222397185
0.3376729363 -0.9409702501 -0.0234941795 0.8652203521 0.3201246300 -0.3858937205 0.3706355762 0.1099782234 0.9222440350
0.2274836280 -0.9734985872 -0.0234882892 0.8962400669 0.2187406271 -0.3858837657 0.3807951438 0.0667310931 0.9222483503
0.1142898977 -0.9931698729 -0.0234823938 0.9154227384 0.1144666336 -0.3858738134 0.3859261967 0.0226051614 0.9222526646
-0.0004132983 -0.9997243037 -0.0234764934 0.9225148991 0.0086798496 -0.3858638636 0.3859612548 -0.0218168919 0.9222569778
-0.1151110679 -0.9930753111 -0.0234705880 0.9174227676 -0.0972225319 -0.3858539163 0.3809001280 -0.0659485082 0.9222612899
-0.2282885898 -0.9733107051 -0.0234646776 0.9002134892 -0.2018417783 -0.3858439715 0.3708099157 -0.1092069954 0.9222656009
-0.3384511208 -0.9406915144 -0.0234587622 0.8711142500 -0.3037960916 -0.3858340292 0.3558241170 -0.1510212216 0.9222699108
-0.4441437360 -0.8956485393 -0.0234528417 0.8305092782 -0.4017388590 -0.3858240894 0.3361408643 -0.1908391552 0.9222742196
-0.5439705449 -0.8387766618 -0.0234469163 0.7789347703 -0.4943764391 -0.3858141522 0.3120203037 -0.2281351529 0.9222785274
-0.6366131264 -0.7708269893 -0.0234409859 0.7170718111 -0.5804852484 -0.3858042175 0.2837811569 -0.2624168992 0.9222828340
-0.7208479420 -0.6926969344 -0.0234350504 0.6457373787 -0.6589279226 -0.3857942852 0.2517965096 -0.2932319045 0.9222871396
-0.7955624943 -0.6054183632 -0.0234291099 0.5658735561 -0.7286683399 -0.3857843555 0.2164888824 -0.3201734779 0.9222914441
-0.8597700207 -0.5101439669 -0.0234231645 0.4785350886 -0.7887853063 -0.3857744284 0.1783246492 -0.3428860943 0.9222957475
-0.9126225250 -0.4081320385 -0.0234172140 0.3848754549 -0.8384847237 -0.3857645037 0.1378078771 -0.3610700863 0.9223000498
-0.9534219777 -0.3007298546 -0.0234112585 0.2861316325 -0.8771100796 -0.3857545816 0.0954736684 -0.3744855977 0.9223043509
-0.9816295341 -0.1893558812 -0.0234052980 0.1836077608 -0.9041511190 -0.3857446620 0.0518810940 -0.3829557472 0.9223086510
-0.9968726517 -0.0754810409 -0.0233993326 0.0786579174 -0.9192505853 -0.3857347449 0.0076058099 -0.3863689608 0.9223129500
-0.9989500099 0.0393907144 -0.0233933621 -0.0273317665 -0.9222089404 -0.3857248304 -0.0367675443 -0.3846804412 0.9223172479
-0.9878341691 0.1537422663 -0.0233873866 -0.1329614128 -0.9129870013 -0.3857149184 -0.0806530657 -0.3779127559 0.9223215447
-0.9636719334 0.2660633659 -0.0233814062 -0.2368358863 -0.8917064590 -0.3857050089 -0.1234713238 -0.3661555356 0.9223258405
-0.9267824112 0.3748705804 -0.0233754207 -0.3375832208 -0.8586482734 -0.3856951020 -0.1646570113 -0.3495642868 0.9223301351
-0.8776528013 0.4787268846 -0.0233694303 -0.4338727403 -0.8142489629 -0.3856851976 -0.2036664074 -0.3283583353 0.9223344286
-0.8169319584 0.5762606401 -0.0233634348 -0.5244326348 -0.7590948411 -0.3856752957 -0.2399845556 -0.3028179269 0.9223387210
-0.7454218232 0.6661837102 -0.0233574344 -0.6080667581 -0.6939142741 -0.3856653964 -0.2731320618 -0.2732805236 0.9223430123
-0.6640668320 0.7473084727 -0.0233514290 -0.6836704271 -0.6195680614 -0.3856554997 -0.3026714220 -0.2401363445 0.9223473025
-0.5739414427 0.8185635050 -0.0233454186 -0.7502450135 -0.5370380682 -0.3856456055 -0.3282127970 -0.2038232113 0.9223515915
-0.4762359449 0.8790077344 -0.0233394032 -0.8069111337 -0.4474142584 -0.3856357138 -0.3494191568 -0.1648207643 0.9223558795
-0.3722407394 0.9278428666 -0.0233333828 -0.8529202651 -0.3518802988 -0.3856258247 -0.3660107284 -0.1236441271 0.9223601664
-0.2633292961 0.9644239297 -0.0233273574 -0.8876646336 -0.2516979271 -0.3856159382 -0.3777686859 -0.0808371034 0.9223644522
-0.1509400144 0.9882677915 -0.0233213271 -0.9106852418 -0.1481902878 -0.3856060542 -0.3845380377 -0.0369649950 0.9223687368
-0.0365572260 0.9990595410 -0.0233152917 -0.9216779331 -0.0427244564 -0.3855961727 -0.3862296685 0.0073928635 0.9223730204
0.0783084085 0.9966566470 -0.0233092514 -0.9204974103 0.0633066157 -0.3855862939 -0.3828215130 0.0516507546 0.9223773028
0.1921398510 0.9810908410 -0.0233032062 -0.9071591559 0.1685024989 -0.3855764176 -0.3743588433 0.0952243123 0.9223815842
0.3034337219 0.9525676978 -0.0232971559 -0.8818392291 0.2714737820 -0.3855665438 -0.3609536680 0.1375382374 0.9223858644
0.4107201547 0.9114639209 -0.0232911007 -0.8448719421 0.3708604233 -0.3855566727 -0.3427832492 0.1780338937 0.9223901435
0.5125822092 0.8583223670 -0.0232850404 -0.7967454459 0.4653497139 -0.3855468041 -0.3200877586 0.2161766825 0.9223944215
0.6076745849 0.7938448767 -0.0232789753 -0.7380952842 0.5536936164 -0.3855369381 -0.2931671031 0.2514631006 0.9223986983
0.6947413883 0.7188830053 -0.0232729051 -0.6696960008 0.6347252487 -0.3855270746 -0.2623769615 0.2834273865 0.9224029741
0.7726327201 0.6344267763 -0.0232668300 -0.5924509106 0.7073742973 -0.3855172137 -0.2281240856 0.3116476681 0.9224072487
0.8403198616 0.5415916061 -0.0232607499 -0.5073801702 0.7706811544 -0.3855073554 -0.1908609262 0.3357515308 0.9224115223
0.8969088612 0.4416035726 -0.0232546648 -0.4156073050 0.8238095931 -0.3854974997 -0.1510796572 0.3554209320 0.9224157947
0.9416523410 0.3357832225 -0.0232485748 -0.3183443706 0.8660578133 -0.3854876466 -0.1093056744 0.3703963977 0.9224200660
0.9739593675 0.2255281306 -0.0232424798 -0.2168759452 0.8968677122 -0.3854777961 -0.0660906571 0.3804804452 0.9224243361
0.9934032560 0.1122944420 -0.0232363798 -0.1125421637 0.9158322567 -0.3854679481 -0.0220052820 0.3855401872 0.9224286052
0.9997272060 -0.0024223591 -0.0232302749 -0.0067210183 0.9227008610 -0.3854581027 0.0223683126 0.3855090832 0.9224328731
0.9928476931 -0.1171072007 -0.0232241650 0.0991898419 0.9173826978 -0.3854482600 0.0664442139 0.3803878144 0.9224371399
0.9728555715 -0.2302454323 -0.0232180501 0.2037915701 0.8999478988 -0.3854384198 0.1096404710 0.3702442713 0.9224414056
0.9400148749 -0.3403428291 -0.0232119303 0.3057025977 0.8706266305 -0.3854285822 0.1513867788 0.3552126530 0.9224456701
0.8947593287 -0.4459453265 -0.0232058056 0.4035768818 0.8298060555 -0.3854187472 0.1911320071 0.3354916929 0.9224499335
0.8376866225 -0.5456582240 -0.0231996759 0.4961216841 0.7780252200 -0.3854089148 0.2283514769 0.3113420299 0.9224541958
0.7695505161 -0.6381646049 -0.0231935412 0.5821146450 0.7159679360 -0.3853990850 0.2625538866 0.2830827648 0.9224584570
0.6912508842 -0.7222427289 -0.0231874015 0.6604199294 0.6444537507 -0.3853892578 0.2932877972 0.2510872431 0.9224627171
0.6038218326 -0.7967821683 -0.0231812570 0.7300032292 0.5644271235 -0.3853794332 0.3201475906 0.2157781232 0.9224669760
0.5084180401 -0.8607984729 -0.0231751074 0.7899454252 0.4769449528 -0.3853696113 0.3427788234 0.1776217924 0.9224712338
0.4062995087 -0.9134461719 -0.0231689529 0.8394547274 0.3831626175 -0.3853597919 0.3608829034 0.1371222070 0.9224754904
0.2988149227 -0.9540299403 -0.0231627935 0.8778771343 0.2843187184 -0.3853499752 0.3742210296 0.0948142363 0.9224797459
0.1873838370 -0.9820137821 -0.0231566291 0.9047050720 0.1817187194 -0.3853401610 0.3826173419 0.0512565981 0.9224840003
0.0734779282 -0.9970281091 -0.0231504598 0.9195840991 0.0767177058 -0.3853303495 0.3859612399 0.0070244810 0.9224882536
-0.0413984413 -0.9988746223 -0.0231442855 0.9223175899 -0.0292975128 -0.3853205406 0.3842088395 -0.0372980515 0.9224925057
-0.1557280918 -0.9875289310 -0.0231381063 0.9128693327 -0.1349267189 -0.3853107343 0.3773835488 -0.0811257731 0.9224967567
-0.2680010636 -0.9631408745 -0.0231319222 0.8913640091 -0.2387747810 -0.3853009307 0.3655757557 -0.1238800221 0.9225010065
-0.3767345594 -0.9260325438 -0.0231257331 0.8580855495 -0.3394700798 -0.3852911297 0.3489416305 -0.1649963413 0.9225052552
-0.4804925274 -0.8766940276 -0.0231195390 0.8134733837 -0.4356826251 -0.3852813313 0.3277010606 -0.2039319303 0.9225095028
-0.5779046277 -0.8157769393 -0.0231133401 0.7581166387 -0.5261416217 -0.3852715355 0.3021347438 -0.2401728110 0.9225137492
-0.6676843303 -0.7440858118 -0.0231071362 0.6927463589 -0.6096522551 -0.3852617423 0.2725804787 -0.2732406128 0.9225179945
-0.7486459061 -0.6625674716 -0.0231009273 0.6182258521 -0.6851114722 -0.3852519518 0.2394287013 -0.3026988870 0.9225222386
-0.8197200877 -0.5722985340 -0.0230947135 0.5355392880 -0.7515225520 -0.3852421640 0.2031173276 -0.3281588669 0.9225264816
-0.8799681906 -0.4744711845 -0.0230884948 0.4457787007 -0.8080082700 -0.3852323787 0.1641259683 -0.3492845985 0.9225307235
-0.9285945109 -0.3703774334 -0.0230822712 0.3501295664 -0.8538224863 -0.3852225961 0.1229695943 -0.3657973738 0.9225349642
-0.9649568339 -0.2613920522 -0.0230760426 0.2498551466 -0.8883600013 -0.3852128162 0.0801917353 -0.3774794075 0.9225392038
-0.9885749166 -0.1489544167 -0.0230698091 0.1462798037 -0.9111645504 -0.3852030389 0.0363573017 -0.3841767092 0.9225434422
-0.9991368294 -0.0345494976 -0.0230635707 0.0407715101 -0.9219348313 -0.3851932642 -0.0079548754 -0.3858011133 0.9225476795
-0.9965030768 0.0803117522 -0.0230573273 -0.0652762197 -0.9205284854 -0.3851834922 -0.0521596878 -0.3823314399 0.9225519156
-0.9807084390 0.1941123524 -0.0230510790 -0.1704627338 -0.9069639792 -0.3851737228 -0.0956734758 -0.3738137705 0.9225561506
-0.9519615131 0.3053493304 -0.0230448258 -0.2733987429 -0.8814203619 -0.3851639561 -0.1379217348 -0.3603608360 0.9225603844
-0.9106419579 0.4125535710 -0.0230385677 -0.3727246692 -0.8442349017 -0.3851541921 -0.1783467003 -0.3421505250 0.9225646171
-0.8572954798 0.5143092194 -0.0230323047 -0.4671286043 -0.7958986333 -0.3851444307 -0.2164147113 -0.3194235311 0.9225688486
-0.7926266261 0.6092723802 -0.0230260367 -0.5553636366 -0.7370498733 -0.3851346719 -0.2516232557 -0.2924801721 0.9225730790
-0.7174894793 0.6961888663 -0.0230197638 -0.6362643209 -0.6684657906 -0.3851249158 -0.2835076032 -0.2616764209 0.9225773082
-0.6328763778 0.7739107635 -0.0230134860 -0.7087620725 -0.5910521435 -0.3851151624 -0.3116469396 -0.2274192030 0.9225815363
-0.5399048100 0.8414115906 -0.0230072033 -0.7718992812 -0.5058313173 -0.3851054116 -0.3356699209 -0.1901610204 0.9225857632
-0.4398026552 0.8977998565 -0.0230009157 -0.8248419606 -0.4139288223 -0.3850956636 -0.3552595734 -0.1503939750 0.9225899890
-0.3338919674 0.9423308344 -0.0229946231 -0.8668907641 -0.3165584287 -0.3850859181 -0.3701574763 -0.1086432684 0.9225942136
-0.2235715145 0.9744163970 -0.0229883257 -0.8974902230 -0.2150061366 -0.3850761754 -0.3801671705 -0.0654602662 0.9225984370
-0.1102983052 0.9936327845 -0.0229820233 -0.9162360844 -0.1106131911 -0.3850664353 -0.3851567493 -0.0214152162 0.9226026593
0.0044316544 0.9997262010 -0.0229757160 -0.9228806517 -0.0047583681 -0.3850566979 -0.3850605967 0.0229102820 0.9226068805
0.1191031182 0.9926161664 -0.0229694039 -0.9173360577 0.1011602361 -0.3850469632 -0.3798802501 0.0669309564 0.9226111004
0.2322016124 0.9723965795 -0.0229630868 -0.8996754263 0.2057436703 -0.3850372311 -0.3696843768 0.1100655908 0.9226153192
0.3422334368 0.9393344781 -0.0229567648 -0.8701319085 0.3076106057 -0.3850275018 -0.3546078631 0.1517446988 0.9226195369
0.4477453928 0.8938665117 -0.0229504379 -0.8290956039 0.4054155800 -0.3850177751 -0.3348500305 0.1914180421 0.9226237534
0.5473439751 0.8365931753 -0.0229441061 -0.7771084103 0.4978667686 -0.3850080511 -0.3106720000 0.2285618950 0.9226279687
0.6397137769 0.7682708783 -0.0229377694 -0.7148568673 0.5837430473 -0.3849983298 -0.2823932415 0.2626859576 0.9226321828
0.7236348616 0.6898019547 -0.0229314278 -0.6431630904 0.6619101211 -0.3849886112 -0.2503873524 0.2933398283 0.9226363958
0.7979988751 0.6022227461 -0.0229250813 -0.5629739133 0.7313355065 -0.3849788953 -0.2150771215 0.3201189481 0.9226406076
0.8618236841 0.5066899144 -0.0229187299 -0.4753483839 0.7911021697 -0.3849691820 -0.1769289449 0.3426699399 0.9226448183
0.9142663466 0.4044651661 -0.0229123737 -0.3814437771 0.8404206389 -0.3849594715 -0.1364466648 0.3606952720 0.9226490278
0.9546342456 0.2968985883 -0.0229060125 -0.2825003112 0.8786394332 -0.3849497637 -0.0941649156 0.3739571829 0.9226532361
0.9823942358 0.1854108188 -0.0228996464 -0.1798247676 0.9052536685 -0.3849400585 -0.0506420625 0.3822808182 0.9226574432
0.9971796853 0.0714742831 -0.0228932755 -0.0747732319 0.9199117266 -0.3849303561 -0.0064528287 0.3855565355 0.9226616492
0.9987953179 -0.0434062518 -0.0228868996 0.0312668167 0.9224199014 -0.3849206563 0.0378192946 0.3837413488 0.9226658540
0.9872197920 -0.1577135511 -0.0228805189 0.1368948305 0.9127449582 -0.3849109593 0.0815897525 0.3768594924 0.9226700576
0.9626059823 -0.2699379500 -0.0228741332 0.2407156917 0.8910145745 -0.3849012650 0.1242806445 0.3650020975 0.9226742601
0.9252789614 -0.3785972927 -0.0228677427 0.3413581385 0.8575156547 -0.3848915734 0.1653283550 0.3483259852 0.9226784614
0.8757317059 -0.4822565065 -0.0228613473 0.4374928768 0.8126905424 -0.3848818845 0.2041909938 0.3270515927 0.9226826615
0.8146185864 -0.5795465556 -0.0228549471 0.5278501381 0.7571311793 -0.3848721983 0.2403555499 0.3014600592 0.9226868604
0.7427467246 -0.6691825216 -0.0228485419 0.6112364500 0.6915712883 -0.3848625149 0.2733446637 0.2718895107 0.9226910581
0.6610653340 -0.7499805738 -0.0228421319 0.6865504009 0.6168766838 -0.3848528341 0.3027229279 0.2387305926 0.9226952547
0.5706531835 -0.8208736042 -0.0228357170 0.7527971875 0.5340338375 -0.3848431561 0.3281026342 0.2024213087 0.9226994501
0.4727043501 -0.8809253207 -0.0228292972 0.8091017552 0.4441368503 -0.3848334808 0.3491488896 0.1634412360 0.9227036443
0.3685124485 -0.9293426127 -0.0228228725 0.8547203566 0.3483730022 -0.3848238082 0.3655840360 0.1223051901 0.9227078374
0.2594535466 -0.9654860263 -0.0228164429 0.8890503759 0.2480070726 -0.3848141384 0.3771913126 0.0795564258 0.9227120292
0.1469679915 -0.9888782094 -0.0228100085 0.9116382896 0.1443646349 -0.3848044713 0.3838177151 0.0357594631 0.9227162199
0.0325413867 -0.9992102158 -0.0228035692 0.9221856577 0.0388145502 -0.3847948069 0.3853760123 -0.0085073679 0.9227204093
-0.0823150283 -0.9963455862 -0.0227971251 0.9205530668 -0.0672491127 -0.3847851452 0.3818458947 -0.0526595635 0.9227245976
-0.1960843368 -0.9803221501 -0.0227906761 0.9067619730 -0.1724254896 -0.3847754863 0.3732742386 -0.0961141644 0.9227287848
-0.3072639794 -0.9513515261 -0.0227842222 0.8809944197 -0.2753254227 -0.3847658301 0.3597744841 -0.1382974527 0.9227329707
-0.4143855980 -0.9098163274 -0.0227777634 0.8435906349 -0.3745898093 -0.3847561767 0.3415251336 -0.1786525263 0.9227371554
-0.5160344288 -0.8562651086 -0.0227712998 0.7950445387 -0.4689075519 -0.3847465260 0.3187673914 -0.2166466513 0.9227413390
-0.6108679867 -0.7914051208 -0.0227648313 0.7359972212 -0.5570328761 -0.3847368780 0.2918019760 -0.2517782947 0.9227455213
-0.6976337966 -0.7160929710 -0.0227583579 0.6672284763 -0.6378017849 -0.3847272328 0.2609851459 -0.2835837446 0.9227497025
-0.7751859336 -0.6313233088 -0.0227518797 0.5896465036 -0.7101474329 -0.3847175904 0.2267239931 -0.3116432308 0.9227538825
-0.8425001588 -0.5382156904 -0.0227453966 0.5042759143 -0.7731142186 -0.3847079506 0.1894710657 -0.3355864652 0.9227580613
-0.8986874452 -0.4379997920 -0.0227389087 0.4122441990 -0.8258704062 -0.3846983137 0.1497183896 -0.3550975279 0.9227622389
-0.9430057202 -0.3319991700 -0.0227324159 0.3147668373 -0.8677191124 -0.3846886795 0.1079909705 -0.3699190359 0.9227664153
-0.9748696657 -0.2216137802 -0.0227259183 0.2131312447 -0.8981075117 -0.3846790480 0.0648398601 -0.3798555382 0.9227705905
