1990
47672
-0.6786244853 -0.7343655358 0.0132690530 0.6770376260 -0.6324479106 -0.3763372070 0.2847610595 -0.2464079952 0.9263877368
-0.7583984818 -0.6516558838 0.0132797563 0.5999999566 -0.7059505009 -0.3763428522 0.2546208846 -0.2774499945 0.9263852901
-0.8281562091 -0.5603397693 0.0132904568 0.5150378142 -0.7701284666 -0.3763485020 0.2211183919 -0.3048302609 0.9263828414
-0.8869763726 -0.4616232161 0.0133011544 0.4232734264 -0.8241341854 -0.3763541563 0.1846957521 -0.3281872192 0.9263803907
-0.9340821316 -0.3568099861 0.0133118492 0.3259188601 -0.8672543953 -0.3763598151 0.1458337002 -0.3472123956 0.9263779381
-0.9688513587 -0.2472843600 0.0133225412 0.2242600117 -0.8989196147 -0.3763654785 0.1050451901 -0.3616544920 0.9263754835
-0.9908248568 -0.1344928554 0.0133332303 0.1196396224 -0.9187116636 -0.3763711465 0.0628686243 -0.3713227047 0.9263730270
-0.9997124234 -0.0199251221 0.0133439165 0.0134395432 -0.9263691860 -0.3763768189 0.0198607471 -0.3760892456 0.9263705684
-0.9953966831 0.0949057314 0.0133545999 -0.0929375172 -0.9217911014 -0.3763824959 -0.0234107048 -0.3758910314 0.9263681080
-0.9779346384 0.2084831224 0.0133652804 -0.1980865195 -0.9050379388 -0.3763881774 -0.0663744967 -0.3707305181 0.9263656455
-0.9475569159 0.3193070229 0.0133759580 -0.3006186521 -0.8763310365 -0.3763938635 -0.1084634368 -0.3606756709 0.9263631811
-0.9046647211 0.4259137711 0.0133866328 -0.3991796737 -0.8360496180 -0.3763995541 -0.1491218643 -0.3458590693 0.9263607147
-0.8498245393 0.5268954020 0.0133973047 -0.4924678012 -0.7847257821 -0.3764052492 -0.1878129847 -0.3264761587 0.9263582464
-0.7837606537 0.6209182426 0.0134079737 -0.5792509026 -0.7230374744 -0.3764109488 -0.2240259574 -0.3027826722 0.9263557761
-0.7073455801 0.7067405255 0.0134186399 -0.6583827713 -0.6517995320 -0.3764166530 -0.2572826400 -0.2750912571 0.9263533038
-0.6215885432 0.7832287896 0.0134293031 -0.7288182646 -0.5719529201 -0.3764223617 -0.2871439016 -0.2437673488 0.9263508296
-0.5276221476 0.8493728490 0.0134399635 -0.7896271077 -0.4845523038 -0.3764280749 -0.3132154212 -0.2092243489 0.9263483534
-0.4266874196 0.9042991356 0.0134506211 -0.8400061804 -0.3907521166 -0.3764337927 -0.3351528947 -0.1719181685 0.9263458752
-0.3201174164 0.9472822355 0.0134612757 -0.8792901237 -0.2917913122 -0.3764395149 -0.3526665819 -0.1323412117 0.9263433951
-0.2093196205 0.9777544700 0.0134719275 -0.9069601278 -0.1889770003 -0.3764452417 -0.3655251334 -0.0910158762 0.9263409130
-0.0957573510 0.9953133928 0.0134825763 -0.9226507832 -0.0836671811 -0.3764509730 -0.3735586460 -0.0484876576 0.9263384290
0.0190695629 0.9997271051 0.0134932223 -0.9261549070 0.0227471909 -0.3764567088 -0.3766609086 -0.0053179492 0.9263359430
0.1336445900 0.9909373185 0.0135038654 -0.9174262779 0.1288605794 -0.3764624492 -0.3747908058 0.0379233687 0.9263334551
0.2464545263 0.9690601243 0.0135145056 -0.8965802466 0.2332714305 -0.3764681940 -0.3679728630 0.0806654517 0.9263309652
0.3560094800 0.9343844608 0.0135251429 -0.8638922106 0.3346006849 -0.3764739434 -0.3562969247 0.1223440273 0.9263284733
0.4608625487 0.8873682967 0.0135357773 -0.8197939767 0.4315099922 -0.3764796973 -0.3399169708 0.1624088441 0.9263259795
0.5596289285 0.8286325828 0.0135464088 -0.7648680560 0.5227193879 -0.3764854556 -0.3190490860 0.2003309368 0.9263234837
0.6510042035 0.7589530511 0.0135570374 -0.6998399703 0.6070241991 -0.3764912185 -0.2939686088 0.2356096092 0.9263209860
0.7337815735 0.6792499694 0.0135676630 -0.6255686677 0.6833109553 -0.3764969859 -0.2650064990 0.2677790459 0.9263184863
0.8068677916 0.5905759875 0.0135782858 -0.5430351771 0.7505720950 -0.3765027579 -0.2325449705 0.2964144619 0.9263159847
0.8692976037 0.4941022342 0.0135889057 -0.4533296505 0.8079192729 -0.3765085343 -0.1970124468 0.3211377128 0.9263134811
0.9202464960 0.3911028505 0.0135995226 -0.3576369629 0.8545950931 -0.3765143152 -0.1588779072 0.3416222873 0.9263109755
0.9590415846 0.2829381615 0.0136101367 -0.2572210625 0.8899831115 -0.3765201006 -0.1186446968 0.3575976201 0.9263084681
0.9851705024 0.1710367110 0.0136207478 -0.1534082754 0.9136159777 -0.3765258906 -0.0768438827 0.3688526653 0.9263059586
0.9982881658 0.0568763937 0.0136313560 -0.0475697874 0.9251816068 -0.3765316850 -0.0340272442 0.3752386845 0.9263034472
0.9982213324 -0.0580350627 0.0136419613 0.0588964669 0.9245273005 -0.3765374840 0.0092400109 0.3766712122 0.9263009339
0.9849708886 -0.1721800108 0.0136525636 0.1645842688 0.9116617636 -0.3765432874 0.0523867071 0.3731311736 0.9262984186
0.9587118383 -0.2840509269 0.0136631631 0.2680976886 0.8867549877 -0.3765490953 0.0948432415 0.3646651378 0.9262959013
0.9197909913 -0.3921703210 0.0136737596 0.3680695230 0.8501360054 -0.3765549077 0.1360491037 0.3513847060 0.9262933821
0.8687223827 -0.4951102506 0.0136843531 0.4631793536 0.8022885435 -0.3765607247 0.1754602750 0.3334650398 0.9262908610
0.8061804846 -0.5915111789 0.0136949438 0.5521709865 0.7438446330 -0.3765665461 0.2125564112 0.3111425512 0.9262883379
0.7329912974 -0.6800999311 0.0137055315 0.6338690438 0.6755762606 -0.3765723720 0.2468477126 0.2847117837 0.9262858128
0.6501214413 -0.7597065090 0.0137161163 0.7071944882 0.5983851714 -0.3765782024 0.2778813909 0.2545215255 0.9262832858
0.5586653897 -0.8292795428 0.0137266981 0.7711788739 0.5132909577 -0.3765840373 0.3052476483 0.2209702075 0.9262807569
0.4598310144 -0.8879001776 0.0137372770 0.8249771378 0.4214175920 -0.3765898767 0.3285850882 0.1845006445 0.9262782260
0.3549236333 -0.9347942079 0.0137478529 0.8678787604 0.3239785803 -0.3765957206 0.3475854884 0.1455941910 0.9262756932
0.2453287706 -0.9693423028 0.0137584259 0.8993171495 0.2222609343 -0.3766015689 0.3619978715 0.1047643883 0.9262731584
0.1324938579 -0.9910881860 0.0137689959 0.9188771234 0.1176081711 -0.3766074218 0.3716318200 0.0625501856 0.9262706217
0.0179091185 -0.9997446610 0.0137795630 0.9263003937 0.0114025687 -0.3766132791 0.3763599926 0.0195088265 0.9262680830
-0.0969121149 -0.9951974047 0.0137901272 0.9214889760 -0.0949530926 -0.3766191409 0.3761198068 -0.0237915073 0.9262655424
-0.2104533867 -0.9775064772 0.0138006884 0.9045064831 -0.2000540575 -0.3766250072 0.3709142677 -0.0667791962 0.9262629999
-0.3212151461 -0.9469055282 0.0138112466 0.8755772843 -0.3025121500 -0.3766308780 0.3608119303 -0.1088867287 0.9262604554
-0.4277345522 -0.9037987113 0.0138218019 0.8350835408 -0.4009741090 -0.3766367532 0.3459459969 -0.1495581937 0.9262579090
-0.5286047938 -0.8487553464 0.0138323542 0.7835601572 -0.4941394613 -0.3766426329 0.3265125604 -0.1882566197 0.9262553606
-0.6224936690 -0.7825024001 0.0138429035 0.7216877158 -0.5807776987 -0.3766485171 0.3027680183 -0.2244710639 0.9262528103
-0.7081611800 -0.7059148851 0.0138534499 0.6502834869 -0.6597445303 -0.3766544058 0.2750256894 -0.2577233588 0.9262502580
-0.7844759098 -0.6200043037 0.0138639933 0.5702906327 -0.7299969955 -0.3766602990 0.2436516798 -0.2875744252 0.9262477038
-0.8504299649 -0.5259052881 0.0138745337 0.4827657503 -0.7906072392 -0.3766661966 0.2090600515 -0.3136300707 0.9262451477
-0.9051522864 -0.4248606161 0.0138850712 0.3888649145 -0.8407747667 -0.3766720987 0.1717073574 -0.3355461944 0.9262425896
-0.9479201545 -0.3182047969 0.0138956057 0.2898284085 -0.8798370156 -0.3766780053 0.1320866164 -0.3530333317 0.9262400296
-0.9781687332 -0.2073464462 0.0139061372 0.1869643413 -0.9072781064 -0.3766839163 0.0907208052 -0.3658604775 0.9262374677
-0.9954985301 -0.0937496828 0.0139166657 0.0816313697 -0.9227356556 -0.3766898318 0.0481559559 -0.3738581374 0.9262349038
-0.9996806727 0.0210852087 0.0139271912 -0.0247792470 -0.9260055613 -0.3766957518 0.0049539480 -0.3769205679 0.9262323380
-0.9906599309 0.1356415919 0.0139377138 -0.1308620232 -0.9170446979 -0.3767016762 -0.0383149085 -0.3750071740 0.9262297702
-0.9685554465 0.2484065093 0.0139482334 -0.2352158108 -0.8959714854 -0.3767076051 -0.0810794018 -0.3681430477 0.9262272005
-0.9336591595 0.3578906637 0.0139587500 -0.3364623058 -0.8630643236 -0.3767135385 -0.1227749592 -0.3564186389 0.9262246289
-0.8864319525 0.4626480878 0.0139692635 -0.4332642527 -0.8187579151 -0.3767194763 -0.1628511003 -0.3399885635 0.9262220554
-0.8274975637 0.5612952414 0.0139797741 -0.5243431070 -0.7636375221 -0.3767254186 -0.2007787047 -0.3190695643 0.9262194799
-0.7576343489 0.6525292832 0.0139902817 -0.6084959220 -0.6984312359 -0.3767313654 -0.2360569980 -0.2939376521 0.9262169024
-0.6777650018 0.7351452784 0.0140007863 -0.6846112372 -0.6240003591 -0.3767373166 -0.2682201638 -0.2649244637 0.9262143231
-0.5889443679 0.8080521118 0.0140112879 -0.7516837578 -0.5413280292 -0.3767432722 -0.2968434938 -0.2324128859 0.9262117418
-0.4923455130 0.8702868983 0.0140217865 -0.8088276321 -0.4515062319 -0.3767492323 -0.3215489968 -0.1968320025 0.9262091586
-0.3892442301 0.9210277001 0.0140322821 -0.8552881518 -0.3557213783 -0.3767551969 -0.3420103898 -0.1586514312 0.9262065734
-0.2810021901 0.9596043818 0.0140427747 -0.8904517190 -0.2552386334 -0.3767611659 -0.3579574071 -0.1183751257 0.9262039863
-0.1690489580 0.9855074609 0.0140532643 -0.9138539501 -0.1513852059 -0.3767671394 -0.3691793706 -0.0765347234 0.9262013973
-0.0548631126 0.9983948366 0.0140637509 -0.9251858087 -0.0455328176 -0.3767731173 -0.3755279727 -0.0336825287 0.9261988064
0.0600472816 0.9980963079 0.0140742344 -0.9242976864 0.0609204145 -0.3767790997 -0.3769192365 0.0096157784 0.9261962135
0.1741645913 0.9846158215 0.0140847150 -0.9112013783 0.1665684449 -0.3767850865 -0.3733346266 0.0527886089 0.9261936187
0.2859816580 0.9581314194 0.0140951925 -0.8860699258 0.2700158705 -0.3767910778 -0.3648212958 0.0952660110 0.9261910220
0.3940217032 0.9189928877 0.0141056670 -0.8492353308 0.3698963616 -0.3767970735 -0.3514914655 0.1364871939 0.9261884234
0.4968578323 0.8677171366 0.0141161384 -0.8011841694 0.4648907080 -0.3768030737 -0.3335209457 0.1759079317 0.9261858228
0.5931318798 0.8049813738 0.0141266069 -0.7425511643 0.5537442432 -0.3768090783 -0.3111468167 0.2130077485 0.9261832203
0.6815723467 0.7316141602 0.0141370723 -0.6741108008 0.6352834156 -0.3768150873 -0.2846643012 0.2472967902 0.9261806159
0.7610111933 0.6485844671 0.0141475347 -0.5967670964 0.7084312886 -0.3768211008 -0.2544228691 0.2783222924 0.9261780095
0.8303992654 0.5569888788 0.0141579941 -0.5115416598 0.7722217641 -0.3768271187 -0.2208216255 0.3056745588 0.9261754012
0.8888201510 0.4580371101 0.0141684504 -0.4195601966 0.8258123426 -0.3768331410 -0.1843040441 0.3289923715 0.9261727910
0.9355022827 0.3530360290 0.0141789037 -0.3220376408 0.8684952501 -0.3768391678 -0.1453521139 0.3479677610 0.9261701789
0.9698291285 0.2433723971 0.0141893539 -0.2202621069 0.8997067857 -0.3768451990 -0.1044799774 0.3623500740 0.9261675649
0.9913473342 0.1304945543 0.0141998011 -0.1155778764 0.9190347662 -0.3768512347 -0.0622271448 0.3719492840 0.9261649489
0.9997727103 0.0158932906 0.0142102453 -0.0093676415 0.9262239695 -0.3768572748 -0.0191513720 0.3766385025 0.9261623310
0.9949939861 -0.0989178433 0.0142206864 0.0969657569 0.9211795051 -0.3768633193 0.0241787019 0.3763556559 0.9261597112
0.9770742786 -0.2124225251 0.0142311245 0.2020178592 0.9039680657 -0.3768693683 0.0671910608 0.3711043074 0.9261570895
0.9462502592 -0.3231216876 0.0142415595 0.3044011363 0.8748170465 -0.3768754216 0.1093178632 0.3609536123 0.9261544658
0.9029290275 -0.4295533168 0.0142519915 0.4027633170 0.8341115399 -0.3768814794 0.1500029390 0.3460374071 0.9261518402
0.8476827353 -0.5303117608 0.0142624204 0.4958052480 0.7823892490 -0.3768875417 0.1887091315 0.3265524451 0.9261492128
0.7812410294 -0.6240662945 0.0142728462 0.5822980534 0.7203333846 -0.3768936083 0.2249253899 0.3027558011 0.9261465834
0.7044814153 -0.7095786945 0.0142832690 0.6610993652 0.6487636403 -0.3768996794 0.2581735169 0.2749614797 0.9261439520
0.6184176681 -0.7857195927 0.0142936888 0.7311684114 0.5686253653 -0.3769057549 0.2880144822 0.2435362717 0.9261413188
0.5241864430 -0.8514833913 0.0143041055 0.7915797620 0.4809770776 -0.3769118348 0.3140542205 0.2088949144 0.9261386836
0.4230322636 -0.9060015444 0.0143145191 0.8415355515 0.3869764822 -0.3769179192 0.3359488346 0.1714946172 0.9261360466
0.3162910854 -0.9485540289 0.0143249296 0.8803760166 0.2878651797 -0.3769240079 0.3534091378 0.1318290280 0.9261334076
0.2053726514 -0.9785788533 0.0143353371 0.9075882095 0.1849522666 -0.3769301011 0.3662044730 0.0904217172 0.9261307667
0.0917418737 -0.9956794807 0.0143457415 0.9228127723 0.0795970441 -0.3769361987 0.3741657599 0.0478192666 0.9261281239
-0.0231005141 -0.9996300653 0.0143561428 0.9258486825 -0.0268089356 -0.3769423007 0.3771877295 0.0045840550 0.9261254792
-0.1376377766 -0.9903784352 0.0143665411 0.9166559074 -0.1328602492 -0.3769484071 0.3752303158 -0.0387131659 0.9261228325
-0.2503572090 -0.9680467817 0.0143769362 0.8953559317 -0.2371561659 -0.3769545179 0.3683191870 -0.0815008059 0.9261201840
-0.3597701151 -0.9329300451 0.0143873283 0.8622301523 -0.3383191474 -0.3769606331 0.3565454091 -0.1232139821 0.9261175335
-0.4644314687 -0.8854920195 0.0143977173 0.8177161607 -0.4350130433 -0.3769667528 0.3400642460 -0.1633019765 0.9261148811
-0.5629589985 -0.8263592273 0.0144081032 0.7624019622 -0.5259607382 -0.3769728768 0.3190931118 -0.2012355070 0.9261122268
-0.6540514435 -0.7563126447 0.0144184861 0.6970182089 -0.6099610200 -0.3769790053 0.2939087030 -0.2365137152 0.9261095706
-0.7365057389 -0.6762773872 0.0144288658 0.6224285484 -0.6859044450 -0.3769851381 0.2648433474 -0.2686707797 0.9261069125
-0.8092329053 -0.5873104914 0.0144392425 0.5396182158 -0.7527879911 -0.3769912754 0.2322806195 -0.2972820668 0.9261042525
-0.8712724308 -0.4905869545 0.0144496160 0.4496810198 -0.8097283050 -0.3769974171 0.1966502778 -0.3219697379 0.9261015906
-0.9218049564 -0.3873842164 0.0144599865 0.3538048958 -0.8559733694 -0.3770035631 0.1584225932 -0.3424077391 0.9260989268
-0.9601630976 -0.2790652877 0.0144703538 0.2532562139 -0.8909124345 -0.3770097136 0.1181021424 -0.3583261074 0.9260962610
-0.9858402584 -0.1670607487 0.0144807181 0.1493630533 -0.9140840843 -0.3770158685 0.0762211472 -0.3695145369 0.9260935934
-0.9984973217 -0.0528498558 0.0144910793 0.0434976596 -0.9251823303 -0.3770220277 0.0333324503 -0.3758251569 0.9260909238
-0.9979671284 0.0620589960 0.0145014373 -0.0629416794 -0.9240606516 -0.3770281914 -0.0099977834 -0.3771744863 0.9260882524
-0.9842566848 0.1761481939 0.0145117923 -0.1685491029 -0.9107339303 -0.3770343594 -0.0531975399 -0.3735445383 0.9260855790
-0.9575470703 0.2879109508 0.0145221441 -0.2719297459 -0.8853782528 -0.3770405319 -0.0956965074 -0.3649830596 0.9260829038
-0.9181910451 0.3958712055 0.0145324928 -0.3717181624 -0.8483285844 -0.3770467087 -0.1369336061 -0.3516029031 0.9260802266
-0.8667083921 0.4986031176 0.0145428384 -0.4665963603 -0.8000743433 -0.3770528900 -0.1763643945 -0.3335805395 0.9260775475
-0.8037790515 0.5947498982 0.0145531809 -0.5553112091 -0.7412529356 -0.3770590756 -0.2134682587 -0.3111537306 0.9260748666
-0.7302341407 0.6830417291 0.0145635203 -0.6366909913 -0.6726413361 -0.3770652656 -0.2477552852 -0.2846183923 0.9260721837
-0.6470449779 0.7623125339 0.0145738565 -0.7096608778 -0.5951458246 -0.3770714600 -0.2787727302 -0.2543246903 0.9260694989
-0.5553102535 0.8315153780 0.0145841897 -0.7732571238 -0.5097900154 -0.3770776587 -0.3061109977 -0.2206724188 0.9260668122
-0.4562415196 0.8897362956 0.0145945197 -0.8266397975 -0.4177013362 -0.3770838619 -0.3294090481 -0.1841057250 0.9260641236
-0.3511471891 0.9362063608 0.0146048465 -0.8691038733 -0.3200961370 -0.3770900694 -0.3483591666 -0.1451072466 0.9260614332
-0.2414152549 0.9703118424 0.0146151703 -0.9000885430 -0.2182636235 -0.3770962813 -0.3627110275 -0.1041917422 0.9260587408
-0.1284949589 0.9916023097 0.0146254909 -0.9191846222 -0.1135488290 -0.3771024976 -0.3722750003 -0.0618992963 0.9260560465
-0.0138776517 0.9997965813 0.0146358084 -0.9261399541 -0.0073348488 -0.3771087183 -0.3769246559 -0.0187881903 0.9260533503
0.1009229044 0.9947864386 0.0146461227 -0.9208627390 0.0989754284 -0.3771149434 -0.3765984377 0.0245724667 0.9260506523
0.2143905269 0.9766380552 0.0146564339 -0.9034227460 0.2039778493 -0.3771211728 -0.3713004767 0.0676102511 0.9260479523
0.3250266382 0.9455911226 0.0146667420 -0.8740503906 0.3062855430 -0.3771274066 -0.3611005388 0.1097569816 0.9260452504
0.4313700572 0.9020556846 0.0146770469 -0.8331336904 0.4045472381 -0.3771336448 -0.3461331069 0.1504562196 0.9260425467
0.5320162971 0.8466067218 0.0146873487 -0.7812131392 0.4974651108 -0.3771398873 -0.3265956072 0.1891706166 0.9260398410
0.6256361151 0.7799765578 0.0146976473 -0.7189745676 0.5838119257 -0.3771461343 -0.3027458054 0.2253890076 0.9260371335
0.7109930670 0.7030451871 0.0147079428 -0.6472400831 0.6624472453 -0.3771523856 -0.2748984056 0.2586331612 0.9260344240
0.7869598378 0.6168286530 0.0147182351 -0.5669572116 0.7323324925 -0.3771586412 -0.2434208984 0.2884640936 0.9260317127
0.8525331298 0.5224656287 0.0147285243 -0.4791863812 0.7925446671 -0.3771649012 -0.2087287106 0.3144878654 0.9260289995
0.9068469132 0.4212023783 0.0147388103 -0.3850869156 0.8422885368 -0.3771711656 -0.1712797230 0.3363607843 0.9260262843
0.9491838640 0.3143762977 0.0147490932 -0.2859017208 0.8809071398 -0.3771774344 -0.1315682269 0.3537939435 0.9260235673
0.9789848377 0.2033982510 0.0147593729 -0.1829408690 0.9078904610 -0.3771837075 -0.0901184003 0.3665570381 0.9260208484
0.9958562536 0.0897339376 0.0147696494 -0.0775642938 0.9228821678 -0.3771899850 -0.0474773886 0.3744814079 0.9260181276
0.9995752934 -0.0251154661 0.0147799228 0.0288361717 0.9256843153 -0.3771962668 -0.0042080826 0.3774622654 0.9260154049
0.9900928434 -0.1396331324 0.0147901930 0.1348551783 0.9162599603 -0.3772025530 0.0391183124 0.3754600823 0.9260126804
0.9675341432 -0.2523066153 0.0148004600 0.2390924232 0.8947336484 -0.3772088435 0.0819298170 0.3685011131 0.9260099539
0.9321971319 -0.3616478257 0.0148107239 0.3401711450 0.8613897674 -0.3772151384 0.1236612286 0.3566770510 0.9260072256
0.8845485127 -0.4662126845 0.0148209846 0.4367563079 0.8166687912 -0.3772214377 0.1637615836 0.3401438202 0.9260044953
0.8252175894 -0.5646201949 0.0148312421 0.5275722348 0.7611614600 -0.3772277413 0.2017014309 0.3191195189 0.9260017632
0.7549879549 -0.6555706811 0.0148414964 0.6114194562 0.6956009781 -0.3772340493 0.2369798232 0.2938815430 0.9259990292
0.6747871422 -0.7378629536 0.0148517476 0.6871905521 0.6208533278 -0.3772403616 0.2691309305 0.2647629261 0.9259962933
0.5856743744 -0.8104101728 0.0148619955 0.7538847791 0.5379058316 -0.3772466782 0.2977301917 0.2321479445 0.9259935555
0.4888265752 -0.8722542037 0.0148722403 0.8106212868 0.4478541101 -0.3772529993 0.3223999205 0.1964670462 0.9259908158
0.3855228254 -0.9225782692 0.0148824819 0.8566507521 0.3518876112 -0.3772593246 0.3428142937 0.1581911701 0.9259880743
0.2771274697 -0.9607177382 0.0148927203 0.8913652753 0.2512738985 -0.3772656543 0.3587036542 0.1178255299 0.9259853309
0.1650720977 -0.9861689026 0.0149029555 0.9143064085 0.1473419094 -0.3772719884 0.3698580728 0.0759029463 0.9259825855
0.0508366366 -0.9985956305 0.0149131876 0.9251712099 0.0414644015 -0.3772783267 0.3761301222 0.0329768130 0.9259798383
-0.0640701938 -0.9978338048 0.0149234164 0.9238162444 -0.0649601784 -0.3772846695 0.3774368250 -0.0103862074 0.9259770893
-0.1781308077 -0.9838934910 0.0149336420 0.9102594770 -0.1705261661 -0.3772910165 0.3737607521 -0.0536136643 0.9259743383
-0.2898387957 -0.9569588045 0.0149438645 0.8846800348 -0.2738392451 -0.3772973679 0.3651502547 -0.0961348762 0.9259715855
-0.3977188203 -0.9173854781 0.0149540837 0.8474158399 -0.3735348637 -0.3773037237 0.3517188285 -0.1373884645 0.9259688307
-0.5003461006 -0.8656961646 0.0149642997 0.7989591453 -0.4682962575 -0.3773100838 0.3336436179 -0.1768297650 0.9259660741
-0.5963652297 -0.8025735335 0.0149745125 0.7399500326 -0.5568718409 -0.3773164482 0.3111630794 -0.2139380193 0.9259633156
-0.6845080759 -0.7288512552 0.0149847221 0.6711679565 -0.6380917379 -0.3773228169 0.2845738361 -0.2482232500 0.9259605553
-0.7636105302 -0.6455029901 0.0149949285 0.5935214493 -0.7108832335 -0.3773291900 0.2542267637 -0.2792327311 0.9259577930
-0.8326278818 -0.5536295300 0.0150051317 0.5080361198 -0.7742849415 -0.3773355674 0.2205223603 -0.3065569653 0.9259550289
-0.8906486149 -0.4544442591 0.0150153317 0.4158411068 -0.8274595019 -0.3773419491 0.1839054614 -0.3298350922 0.9259522629
-0.9369064474 -0.3492571293 0.0150255284 0.3181541644 -0.8697046405 -0.3773483352 0.1448593681 -0.3487596537 0.9259494951
-0.9707904513 -0.2394573590 0.0150357220 0.2162655776 -0.9004624429 -0.3773547256 0.1038994689 -0.3630806552 0.9259467253
-0.9918531211 -0.1264950859 0.0150459123 0.1115211197 -0.9193267236 -0.3773611203 0.0615664366 -0.3726088679 0.9259439537
-0.9998162840 -0.0118622148 0.0150560994 0.0053042765 -0.9260483897 -0.3773675193 0.0184190912 -0.3772183291 0.9259411802
-0.9945747739 0.1029272864 0.0150662832 -0.1009820262 -0.9205387297 -0.3773739226 -0.0249729766 -0.3768480076 0.9259384049
-0.9761978199 0.2163573817 0.0150764639 -0.2059339537 -0.9028705849 -0.3773803303 -0.0680369244 -0.3715026116 0.9259356276
-0.9449281325 0.3269299890 0.0150866413 -0.3081653033 -0.8732773858 -0.3773867423 -0.1102042209 -0.3612525290 0.9259328485
-0.9011786973 0.4331847663 0.0150968154 -0.4063258141 -0.8321500686 -0.3773931586 -0.1509181512 -0.3462329009 0.9259300675
-0.8455273213 0.5337183976 0.0151069864 -0.4991190005 -0.7800319102 -0.3773995793 -0.1896411672 -0.3266418392 0.9259272847
-0.7787090013 0.6272031273 0.0151171541 -0.5853192762 -0.7176113522 -0.3774060042 -0.2258619847 -0.3027378143 0.9259245000
-0.7016062168 0.7124042959 0.0151273185 -0.6637881417 -0.6457129068 -0.3774124334 -0.2591023341 -0.2748362443 0.9259217134
-0.6152372750 0.7881966456 0.0151374797 -0.7334892203 -0.5652862660 -0.3774188670 -0.2889232756 -0.2433053335 0.9259189249
-0.5207428616 0.8535791827 0.0151476377 -0.7935019471 -0.4773937569 -0.3774253049 -0.3149309956 -0.2085612133 0.9259161346
-0.4193709762 0.9076883968 0.0151577924 -0.8430337264 -0.3831963105 -0.3774317471 -0.3367820073 -0.1710624504 0.9259133424
-0.3124604491 0.9498096658 0.0151679439 -0.8814304001 -0.2839381267 -0.3774381936 -0.3541876869 -0.1313039943 0.9259105483
-0.2014232597 0.9793866938 0.0151780921 -0.9081848866 -0.1809302411 -0.3774446444 -0.3669180865 -0.0898106445 0.9259077524
-0.0877258882 0.9960288580 0.0151882371 -0.9229438781 -0.0755332077 -0.3774510995 -0.3748049713 -0.0471301234 0.9259049546
0.0271300524 0.9995163678 0.0151983788 -0.9255125055 0.0308608710 -0.3774575589 -0.3777440435 -0.0038258463 0.9259021549
0.1416276482 0.9898031674 0.0152085173 -0.9158569122 0.1368467319 -0.3774640226 -0.3756963210 0.0395305161 0.9258993534
0.2542547185 0.9670175442 0.0152186525 -0.8941046995 0.2410245112 -0.3774704906 -0.3686886551 0.0823665846 0.9258965500
0.3635237874 0.9314604340 0.0152287844 -0.8605432409 0.3420182348 -0.3774769629 -0.3568133777 0.1241168277 0.9258937448
0.4679917287 0.8836014471 0.0152389131 -0.8156158853 0.4384939915 -0.3774834395 -0.3402270853 0.1642300278 0.9258909376
0.5662788258 0.8240726657 0.0152490385 -0.7599161001 0.5291775512 -0.3774899204 -0.3191485739 0.2021765590 0.9258881287
0.6570869934 0.7536602956 0.0152591607 -0.6941796325 0.6128711949 -0.3774964056 -0.2938559527 0.2374553796 0.9258853178
0.7392169217 0.6732942832 0.0152692796 -0.6192747900 0.6884695336 -0.3775028951 -0.2646829750 0.2696006482 0.9258825051
0.8115839154 0.5840360334 0.0152793952 -0.5361909715 0.7549741077 -0.3775093889 -0.2320146338 0.2981878742 0.9258796905
0.8732322198 0.4870643912 0.0152895075 -0.4460255987 0.8115065744 -0.3775158870 -0.1962820815 0.3228395243 0.9258768741
0.9233476432 0.3836600729 0.0152996166 -0.3499696202 0.8573203080 -0.3775223894 -0.1579569394 0.3432300075 0.9258740558
0.9612683099 0.2751887512 0.0153097223 -0.2492917813 0.8918102603 -0.3775288960 -0.1175450729 0.3590899759 0.9258712357
0.9864934019 0.1630830189 0.0153198248 -0.1453218655 0.9145209521 -0.3775354070 -0.0755799147 0.3702098824 0.9258684137
0.9986897728 0.0488234684 0.0153299240 -0.0394331306 0.9251524875 -0.3775419222 -0.0326154235 0.3764427496 0.9258655898
0.9976963483 -0.0660808629 0.0153400200 0.0669758297 0.9235645145 -0.3775484417 0.0107812287 0.3777061122 0.9258627641
0.9835262525 -0.1801124221 0.0153501126 0.1724995585 0.9097780775 -0.3775549655 0.0540371434 0.3739831080 0.9258599365
0.9563666356 -0.2917651838 0.0153602020 0.2757442995 0.8839753389 -0.3775614936 0.0965812588 0.3653227035 0.9258571071
0.9165762012 -0.3995645399 0.0153702880 0.3753464053 0.8464971718 -0.3775680260 0.1378518892 0.3518390493 0.9258542758
0.8646804694 -0.5020867754 0.0153803708 0.4699903485 0.7978386566 -0.3775745626 0.1773041402 0.3337099759 0.9258514427
0.8013648359 -0.5979778707 0.0153904503 0.5584260969 0.7386425418 -0.3775811035 0.2144171030 0.3111746482 0.9258486077
0.7274655199 -0.6859713850 0.0154005265 0.6394856238 0.6696907528 -0.3775876487 0.2487007322 0.2845304105 0.9258457708
0.6439585202 -0.7649051822 0.0154105993 0.7120983347 0.5918940641 -0.3775941982 0.2797023167 0.2541288632 0.9258429321
0.5519467246 -0.8337367787 0.0154206689 0.7753052072 0.5062800686 -0.3776007519 0.3070124572 0.2203712231 0.9258400915
0.4526453445 -0.8915571123 0.0154307352 0.8282714571 0.4139796043 -0.3776073099 0.3302704732 0.1837030284 0.9258372491
0.3473658649 -0.9376025478 0.0154407981 0.8702975638 0.3162118182 -0.3776138722 0.3491691658 0.1446082583 0.9258344049
0.2374987240 -0.9712649624 0.0154508578 0.9008285085 0.2142680624 -0.3776204388 0.3634588759 0.1036029455 0.9258315588
0.1244949490 -0.9920997771 0.0154609141 0.9194611042 0.1094948381 -0.3776270096 0.3729507818 0.0612283645 0.9258287108
0.0098469926 -0.9998318288 0.0154709672 0.9259493201 0.0032760103 -0.3776335847 0.3775193945 0.0180438867 0.9258258610
-0.1049309781 -0.9943590036 0.0154810169 0.9202075306 -0.1029854707 -0.3776401640 0.3771042170 -0.0253804035 0.9258230093
-0.2183230796 -0.9757535856 0.0154910633 0.9023116445 -0.2078860991 -0.3776467476 0.3717105448 -0.0684712342 0.9258201558
-0.3288317318 -0.9442613027 0.0155011064 0.8724981023 -0.3100403518 -0.3776533355 0.3614093990 -0.1106597145 0.9258173005
-0.4349974374 -0.9002980805 0.0155111461 0.8311607517 -0.4080989878 -0.3776599276 0.3463365910 -0.1513888449 0.9258144433
-0.5354180572 -0.8444445494 0.0155211825 0.7788456453 -0.5007668693 -0.3776665240 0.3266909317 -0.1901208711 0.9258115842
-0.6287673281 -0.7774383760 0.0155312157 0.7162438269 -0.5868200672 -0.3776731247 0.3027316097 -0.2263443842 0.9258087233
-0.7138123798 -0.7001645208 0.0155412454 0.6441822035 -0.6651220268 -0.3776797296 0.2747747715 -0.2595810729 0.9258058606
-0.7894300167 -0.6136435502 0.0155512719 0.5636126229 -0.7346385783 -0.3776863388 0.2431893500 -0.2893920396 0.9258029960
-0.8546215525 -0.5190181578 0.0155612950 0.4755993006 -0.7944515965 -0.3776929522 0.2083921959 -0.3153835961 0.9258001296
-0.9085259996 -0.4175380728 0.0155713148 0.3813047629 -0.8437711258 -0.3776995699 0.1708425763 -0.3372124627 0.9257972613
-0.9504314404 -0.3105435545 0.0155813312 0.2819744921 -0.8819458138 -0.3777061918 0.1310361132 -0.3545903019 0.9257943912
-0.9797844295 -0.1994476915 0.0155913443 0.1789204750 -0.9084715135 -0.3777128179 0.0894982418 -0.3672875271 0.9257915193
-0.9961973033 -0.0857177387 0.0156013541 0.0735038744 -0.9229979408 -0.3777194484 0.0467772747 -0.3751363359 0.9257886455
-0.9994532993 0.0291442608 0.0156113605 -0.0328829503 -0.9253333009 -0.3777260830 0.0034371643 -0.3780329275 0.9257857698
-0.9895094195 0.1436213133 0.0156213636 -0.1388348327 -0.9154468199 -0.3777327219 -0.0399499419 -0.3759388758 0.9257828924
-0.9664969979 0.2562015095 0.0156313634 -0.2429523597 -0.8934691506 -0.3777393651 -0.0828112546 -0.3688816390 0.9257800130
-0.9307199659 0.3653979926 0.0156413597 -0.3438603547 -0.8596906458 -0.3777460125 -0.1245809040 -0.3569541993 0.9257771319
-0.8826508380 0.4697685955 0.0156513528 -0.4402260406 -0.8145575228 -0.3777526641 -0.1647074113 -0.3403138386 0.9257742489
-0.8229244718 0.5679348872 0.0156613424 -0.5307766435 -0.7586659680 -0.3777593200 -0.2026609692 -0.3191800636 0.9257713641
-0.7523296828 0.6586003780 0.0156713288 -0.6143162025 -0.6927542621 -0.3777659801 -0.2379404375 -0.2938317111 0.9257684774
-0.6717988264 0.7405676426 0.0156813117 -0.6897413661 -0.6176930281 -0.3777726444 -0.2700799598 -0.2646032686 0.9257655889
-0.5823954845 0.8127541344 0.0156912913 -0.7560559646 -0.5344737309 -0.3777793130 -0.2986551155 -0.2318804604 0.9257626986
-0.4853004183 0.8742064826 0.0157012676 -0.8123841666 -0.4441955817 -0.3777859858 -0.3232885241 -0.1960951581 0.9257598064
-0.3817959741 0.9241130835 0.0157112405 -0.8579820467 -0.3480510185 -0.3777926629 -0.3436548294 -0.1577196800 0.9257569124
-0.2732491468 0.9618148197 0.0157212100 -0.8922474103 -0.2473099561 -0.3777993442 -0.3594849963 -0.1172605573 0.9257540165
-0.1610935263 0.9868137645 0.0157311761 -0.9147277467 -0.1433030124 -0.3778060297 -0.3705698655 -0.0752518489 0.9257511188
-0.0468103637 0.9987797587 0.0157411389 -0.9251262048 -0.0374039334 -0.3778127194 -0.3767629162 -0.0322480909 0.9257482193
0.0680909919 0.9975547703 0.0157510983 -0.9233055132 0.0689885518 -0.3778194134 -0.3779822036 0.0111830227 0.9257453180
0.1820930270 0.9831549820 0.0157610543 -0.9092897920 0.1744692055 -0.3778261115 -0.3742114425 0.0544681345 0.9257424148
0.2936901065 0.9557705774 0.0157710070 -0.8832642337 0.2776448418 -0.3778328140 -0.3655002255 0.0970357930 0.9257395098
0.4014083577 0.9157632291 0.0157809562 -0.8455726559 0.3771527280 -0.3778395206 -0.3519633702 0.1383239964 0.9257366030
0.5038251369 0.8636613219 0.0157909021 -0.7967129593 0.4716785832 -0.3778462314 -0.3337794060 0.1777876129 0.9257336943
0.5995878175 0.8001529744 0.0158008446 -0.7373305505 0.5599739370 -0.3778529465 -0.3111882202 0.2149055781 0.9257307838
0.6874316550 0.7260769510 0.0158107837 -0.6682098164 0.6408726194 -0.3778596658 -0.2844878924 0.2491877745 0.9257278715
0.7661964901 0.6424115842 0.0158207195 -0.5902637634 0.7133061625 -0.3778663893 -0.2540307625 0.2801815038 0.9257249574
0.8348420709 0.5502618533 0.0158306518 -0.5045219574 0.7763179129 -0.3778731170 -0.2202187803 0.3074774641 0.9257220414
0.8924617920 0.4508447913 0.0158405808 -0.4121169250 0.8290756660 -0.3778798490 -0.1834982017 0.3307151557 0.9257191236
0.9382946678 0.3454734111 0.0158505063 -0.3142691935 0.8708826573 -0.3778865851 -0.1443536986 0.3495876420 0.9257162039
0.9717353831 0.2355393642 0.0158604285 -0.2122711708 0.9011867646 -0.3778933255 -0.1033019618 0.3638456037 0.9257132825
0.9923422870 0.1224945615 0.0158703472 -0.1074700738 0.9195877991 -0.3779000700 -0.0608848811 0.3733006324 0.9257103592
0.9998432262 0.0078319973 0.0158802626 -0.0012501347 0.9258427909 -0.3779068188 -0.0176623918 0.3778277205 0.9257074341
0.9941391395 -0.1069339686 0.0158901746 0.1049856828 0.9198691965 -0.3779135718 0.0257949159 0.3773669139 0.9257045072
0.9753053654 -0.2202876111 0.0159000831 0.2098342135 0.9017459885 -0.3779203290 0.0689133303 0.3719241060 0.9257015784
0.9435906474 -0.3307318586 0.0159099883 0.3119106241 0.8717126114 -0.3779270904 0.1111235916 0.3615709623 0.9256986479
0.8994138491 -0.4368080644 0.0159198900 0.4098667037 0.8301658182 -0.3779338560 0.1518684076 0.3464439769 0.9256957155
0.8433584215 -0.5371152714 0.0159297883 0.5024086711 0.7776544288 -0.3779406258 0.1906098113 0.3267426733 0.9256927812
0.7761646976 -0.6303287148 0.0159396833 0.5883142625 0.7148720806 -0.3779473997 0.2268362642 0.3027269722 0.9256898452
0.6987201149 -0.7152173181 0.0159495747 0.6664488749 0.6426480658 -0.3779541779 0.2600694101 0.2747137628 0.9256869074
0.6120474946 -0.7906599521 0.0159594628 0.7357805516 0.5619363775 -0.3779609603 0.2898703921 0.2430727212 0.9256839677
0.5172915330 -0.8556602421 0.0159693475 0.7953936113 0.4738031082 -0.3779677469 0.3158456473 0.2082214322 0.9256810262
0.4157036836 -0.9093597262 0.0159792287 0.8445007421 0.3794123687 -0.3779745377 0.3376521051 0.1706198781 0.9256780829
0.3086256289 -0.9510491941 0.0159891066 0.8824533992 0.2800109112 -0.3779813326 0.3550017175 0.1307643679 0.9256751378
0.1974715604 -0.9801780529 0.0159989809 0.9087503705 0.1769116624 -0.3779881318 0.3676652647 0.0891809861 0.9256721908
0.0837095019 -0.9963615990 0.0160088519 0.9230443954 0.0714763813 -0.3779949351 0.3754753832 0.0464186488 0.9256692421
-0.0311580798 -0.9993860989 0.0160187194 0.9251467506 -0.0349023267 -0.3780017427 0.3783287776 0.0030418578 0.9256662915
-0.1456141174 -0.9892116120 0.0160285835 0.9150297417 -0.1408194043 -0.3780085544 0.3761875870 -0.0403767514 0.9256633391
-0.2581469793 -0.9659725179 0.0160384442 0.8928270682 -0.2448758994 -0.3780153703 0.3690798875 -0.0832639689 0.9256603849
-0.3672704342 -0.9299757417 0.0160483014 0.8588320565 -0.3456974434 -0.3780221904 0.3570993236 -0.1250535783 0.9256574289
-0.4715432794 -0.8816967003 0.0160581552 0.8134937845 -0.4419524031 -0.3780290146 0.3404038751 -0.1651938318 0.9256544710
-0.5695883752 -0.8217730234 0.0160680056 0.7574111497 -0.5323694691 -0.3780358431 0.3192137733 -0.2031547351 0.9256515114
-0.6601108330 -0.7509961324 0.0160778525 0.6913249575 -0.6157544466 -0.3780426757 0.2938085965 -0.2384350449 0.9256485499
-0.7419151165 -0.6703007877 0.0160876960 0.6161081359 -0.6910060282 -0.3780495125 0.2645235809 -0.2705688877 0.9256455867
-0.8139208317 -0.5807527435 0.0160975360 0.5327542053 -0.7571303390 -0.3780563535 0.2317451974 -0.2991319117 0.9256426216
-0.8751769955 -0.4835346721 0.0161073725 0.4423641552 -0.8132540636 -0.3780631986 0.1959060510 -0.3237468900 0.9256396547
-0.9248745955 -0.3799305441 0.0161172057 0.3461319013 -0.8586359797 -0.3780700480 0.1574791717 -0.3440887036 0.9256366860
-0.9623572745 -0.2713086708 0.0161270353 0.2453285163 -0.8926767476 -0.3780769015 0.1169717710 -0.3598886348 0.9256337155
-0.9871299993 -0.1591036332 0.0161368615 0.1412854405 -0.9149268252 -0.3780837591 0.0749185472 -0.3709379173 0.9256307432
-0.9988655983 -0.0447973348 0.0161466843 0.0353768960 -0.9250924049 -0.3780906210 0.0318746271 -0.3770904947 0.9256277691
-0.9974090823 0.0701005697 0.0161565036 -0.0709982644 -0.9230392932 -0.3780974870 -0.0115917616 -0.3782649512 0.9256247932
-0.9827796921 0.1840726129 0.0161663194 -0.1764350331 -0.9087946821 -0.3781043571 -0.0549067919 -0.3744455888 0.9256218155
-0.9551706436 0.2956135557 0.0161761318 -0.2795408058 -0.8825467889 -0.3781112315 -0.0974986124 -0.3656826372 0.9256188359
-0.9149465763 0.4032502671 0.0161859407 -0.3789537742 -0.8446423693 -0.3781181099 -0.1388048975 -0.3520915934 0.9256158546
-0.8626387371 0.5055611803 0.0161957461 -0.4733609132 -0.7955821365 -0.3781249926 -0.1782802713 -0.3338516992 0.9256128714
-0.7989379645 0.6011950674 0.0162055481 -0.5615153226 -0.7360141467 -0.3781318794 -0.2154035081 -0.3112035776 0.9256098865
-0.7246855642 0.6888888848 0.0162153466 -0.6422526963 -0.6667252391 -0.3781387704 -0.2496844150 -0.2844460582 0.9256068998
-0.6408621979 0.7674844546 0.0162251416 -0.7145066994 -0.5886306415 -0.3781456655 -0.2806703044 -0.2539322347 0.9256039112
-0.5485749318 0.8359437608 0.0162349331 -0.7773230521 -0.5027618824 -0.3781525648 -0.3079519716 -0.2200648052 0.9256009209
-0.4490426150 0.8933626581 0.0162447212 -0.8298721332 -0.4102531647 -0.3781594682 -0.3311690995 -0.1832907579 0.9255979287
-0.3435797824 0.9389828135 0.0162545058 -0.8714599367 -0.3123263852 -0.3781663758 -0.3500150165 -0.1440954717 0.9255949348
-0.2335792935 0.9722017212 0.0162642868 -0.9015372377 -0.2102749951 -0.3781732876 -0.3642407482 -0.1029963096 0.9255919390
-0.1204939362 0.9925806598 0.0162740645 -0.9197068455 -0.1054469155 -0.3781802035 -0.3736583060 -0.0605357898 0.9255889415
-0.0058172405 0.9998504870 0.0162838386 -0.9257288489 0.0007732663 -0.3781871235 -0.3781431713 -0.0172744246 0.9255859421
0.1089362474 0.9939151937 0.0162936092 -0.9195237837 0.1069825847 -0.3781940477 -0.3776359426 0.0262166791 0.9255829410
0.2222509674 0.9748531722 0.0163033764 -0.9011736818 0.2117782260 -0.3782009760 -0.3721431213 0.0693633591 0.9255799380
0.3326303621 0.9429161806 0.0163131400 -0.8709209860 0.3137760573 -0.3782079085 -0.3617370293 0.1115959776 0.9255769333
0.4386166415 0.8985260178 0.0163229002 -0.8291653474 0.4116289076 -0.3782148451 -0.3465548562 0.1523569419 0.9255739267
0.5388100364 0.8422689529 0.0163326569 -0.7764583458 0.5040443611 -0.3782217859 -0.3267968511 0.1911080665 0.9255709184
0.6318872852 0.7748879819 0.0163424100 -0.7134962030 0.5898018273 -0.3782287307 -0.3027236812 0.2273376783 0.9255679083
0.7166191102 0.6972730152 0.0163521597 -0.6411105867 0.6677686621 -0.3782356798 -0.2746529927 0.2605673736 0.9255648964
0.7918864533 0.6104491241 0.0163619058 -0.5602576248 0.7369151270 -0.3782426329 -0.2429552199 0.2903583346 0.9255618827
0.8566952547 0.5155630027 0.0163716485 -0.4720052760 0.7963279895 -0.3782495902 -0.2080486965 0.3163171246 0.9255588672
0.9101895818 0.4138678235 0.0163813876 -0.3775192235 0.8452225843 -0.3782565517 -0.1703941346 0.3381008838 0.9255558499
0.9516629338 0.3067066863 0.0163911233 -0.2780474783 0.8829531762 -0.3782635172 -0.1304885443 0.3554218581 0.9255528308
0.9805675723 0.1954948799 0.0164008554 -0.1749038944 0.9090214884 -0.3782704869 -0.0888586734 0.3680511996 0.9255498099
0.9965217550 0.0817011902 0.0164105840 -0.0694508157 0.9230832827 -0.3782774608 -0.0460540545 0.3758219906 0.9255467873
0.9993147778 -0.0331714982 0.0164203091 0.0369189187 0.9249529052 -0.3782844387 -0.0026397510 0.3786314499 0.9255437628
0.9889097572 -0.1476060507 0.0164300307 0.1428003713 0.9146057374 -0.3782914208 0.0408111023 0.3764422916 0.9255407366
0.9654441175 -0.2600911198 0.0164397487 0.2467950624 0.8921785205 -0.3782984070 0.0837248656 0.3692832205 0.9255377085
0.9292277759 -0.3691411054 0.0164494633 0.3475294413 0.8579675482 -0.3783053973 0.1255349669 0.3572485557 0.9255346787
0.8807390490 -0.4733157753 0.0164591743 0.4436730284 0.8124247523 -0.3783123918 0.1656893824 0.3404969878 0.9255316471
0.8206183359 -0.5712392868 0.0164688818 0.5339559873 0.7561517325 -0.3783193903 0.2036579252 0.3192494865 0.9255286137
0.7496596601 -0.6616183570 0.0164785857 0.6171858968 0.6898918098 -0.3783263930 0.2389392452 0.2937863859 0.9255255786
0.6688001829 -0.7432593435 0.0164882861 0.6922634998 0.6145202074 -0.3783333998 0.2710674494 0.2644436857 0.9255225416
0.5791078262 -0.8150840093 0.0164979830 0.7581972221 0.5310324905 -0.3783404107 0.2996182538 0.2316086177 0.9255195029
0.4817671679 -0.8761437625 0.0165076764 0.8141162678 0.4405314154 -0.3783474258 0.3242145871 0.1957145357 0.9255164623
0.3780637976 -0.9256321848 0.0165173662 0.8592821204 0.3442123642 -0.3783544449 0.3445315698 0.1572351957 0.9255134200
0.2693673372 -0.9628956819 0.0165270525 0.8930982963 0.2433475552 -0.3783614681 0.3603008060 0.1166785036 0.9255103759
0.1571133527 -0.9874421152 0.0165367352 0.9151182222 0.1392692394 -0.3783684955 0.3713139290 0.0745798106 0.9255073301
0.0427843938 -0.9989473018 0.0165464144 0.9250511325 0.0333521033 -0.3783755270 0.3774253540 0.0314948469 0.9255042824
-0.0721095858 -0.9972592960 0.0165560901 0.9227659089 -0.0730048881 -0.3783825625 0.3785542035 -0.0120076144 0.9255012330
-0.1860511705 -0.9824003957 0.0165657622 0.9082928109 -0.1783969689 -0.3783896022 0.3746853767 -0.0553532657 0.9254981818
-0.2975355237 -0.9545668480 0.0165754307 0.8818230755 -0.2814321266 -0.3783966460 0.3658697524 -0.0979698469 0.9254951288
-0.4050902620 -0.9141262573 0.0165850957 0.8437063898 -0.3807494875 -0.3784036939 0.3522235191 -0.1392947003 0.9254920740
-0.5072949015 -0.8616127303 0.0165947572 0.7944462720 -0.4750372915 -0.3784107459 0.3339266444 -0.1787821991 0.9254890175
