1997
50229
0.9648721157 0.2626332505 0.0067510094 -0.2354518347 0.8758406793 -0.4212665878 -0.1165514220 0.4048788463 0.9069117299
0.9886331342 0.1501969072 0.0067390681 -0.1334145152 0.8970688974 -0.4212694631 -0.0693187788 0.4155818601 0.9069104831
0.9993371607 0.0357768771 0.0067271253 -0.0296156473 0.9064505142 -0.4212723333 -0.0211696147 0.4207938693 0.9069092386
0.9968428238 -0.0791156809 0.0067151811 0.0745740142 0.9038616728 -0.4212751984 0.0272598793 0.4204459364 0.9069079962
0.9811830643 -0.1929633671 0.0067032355 0.1777785579 0.8893365965 -0.4212780584 0.0753298001 0.4145425878 0.9069067560
0.9525647003 -0.3042625815 0.0066912884 0.2786350856 0.8630671359 -0.4212809134 0.1224049872 0.4031617547 0.9069055181
0.9113656959 -0.4115433814 0.0066793398 0.3758117108 0.8254002355 -0.4212837633 0.1678634158 0.3864537442 0.9069042823
0.8581301693 -0.5133888959 0.0066673899 0.4680251470 0.7768333513 -0.4212866081 0.2111044158 0.3646392545 0.9069030487
0.7935612065 -0.6084540383 0.0066554384 0.5540576542 0.7180078808 -0.4212894479 0.2515566086 0.3380064592 0.9069018173
0.7185115757 -0.6954832706 0.0066434856 0.6327731207 0.6497006929 -0.4212922826 0.2886854574 0.3069072009 0.9069005881
0.6339724647 -0.7733271861 0.0066315314 0.7031320652 0.5728138679 -0.4212951122 0.3220003305 0.2717523430 0.9068993611
0.5410603901 -0.8409576895 0.0066195757 0.7642053644 0.4883627847 -0.4212979367 0.3510609851 0.2330063412 0.9068981363
0.4410024515 -0.8974815748 0.0066076186 0.8151865222 0.3974627112 -0.4213007562 0.3754833842 0.1911811079 0.9068969138
0.3351201249 -0.9421523227 0.0065956600 0.8554023198 0.3013140766 -0.4213035706 0.3949447724 0.1468292481 0.9068956934
0.2248118100 -0.9743799593 0.0065837001 0.8843217056 0.2011866177 -0.4213063800 0.4091879410 0.1005367587 0.9068944752
0.1115343611 -0.9937388483 0.0065717387 0.9015628083 0.0984026117 -0.4213091842 0.4180246272 0.0529152859 0.9068932592
-0.0032161532 -0.9999733125 0.0065597760 0.9068979786 -0.0056805867 -0.4213119834 0.4213380030 0.0045940437 0.9068920454
-0.1179242095 -0.9930010106 0.0065478118 0.9002567956 -0.1096884693 -0.4213147775 0.4190842193 -0.0437885000 0.9068908338
-0.2310748447 -0.9729140244 0.0065358462 0.8817269960 -0.2122475269 -0.4213175665 0.4112929864 -0.0915930592 0.9068896244
-0.3411736646 -0.9399776431 0.0065238792 0.8515533153 -0.3120033869 -0.4213203504 0.3980671824 -0.1381879770 0.9068884172
-0.4467665803 -0.8946268595 0.0065119108 0.8101342552 -0.4076386994 -0.4213231293 0.3795814949 -0.1829575717 0.9068872122
-0.5464590129 -0.8374606248 0.0064999410 0.7580168206 -0.4978905332 -0.4213259031 0.3560801131 -0.2253102725 0.9068860095
-0.6389343114 -0.7692339384 0.0064879698 0.6958892956 -0.5815670543 -0.4213286718 0.3278735031 -0.2646864361 0.9068848089
-0.7229711424 -0.6908478767 0.0064759972 0.6245721538 -0.6575632641 -0.4213314354 0.2953343054 -0.3005657417 0.9068836105
-0.7974596201 -0.6033376921 0.0064640233 0.5450072228 -0.7248755922 -0.4213341940 0.2588924129 -0.3324740669 0.9068824143
-0.8614159647 -0.5078591408 0.0064520479 0.4582452462 -0.7826151487 -0.4213369475 0.2190292906 -0.3599897528 0.9068812203
-0.9139954953 -0.4056732182 0.0064400711 0.3654320078 -0.8300194626 -0.4213396959 0.1762716148 -0.3827491759 0.9068800285
-0.9545037862 -0.2981295050 0.0064280930 0.2677931995 -0.8664625504 -0.4213424392 0.1311843147 -0.4004515539 0.9068788390
-0.9824058375 -0.1866483431 0.0064161135 0.1666182357 -0.8914631821 -0.4213451774 0.0843631082 -0.4128629204 0.9068776516
-0.9973331415 -0.0727020769 0.0064041326 0.0632432247 -0.9046912362 -0.4213479105 0.0364266308 -0.4198192173 0.9068764664
-0.9990885495 0.0422043918 0.0063921503 -0.0409666754 -0.9059720585 -0.4213506386 -0.0119917379 -0.4212284635 0.9068752835
-0.9876488756 0.1565534798 0.0063801667 -0.1446352852 -0.8952887685 -0.4213533616 -0.0602522434 -0.4170719710 0.9068741027
-0.9631652029 0.2688349647 0.0063681817 -0.2463935770 -0.8727824812 -0.4213560794 -0.1077172094 -0.4074045928 0.9068729242
-0.9259608881 0.3775659313 0.0063561953 -0.3448977547 -0.8387504438 -0.4213587923 -0.1537594632 -0.3923539990 0.9068717478
-0.8765272912 0.4813103560 0.0063442075 -0.4388469987 -0.7936421095 -0.4213615000 -0.1977706233 -0.3721189906 0.9068705737
-0.8155172858 0.5786980729 0.0063322184 -0.5270006452 -0.7380532018 -0.4213642026 -0.2391691380 -0.3469668740 0.9068694017
-0.7437366364 0.6684428699 0.0063202279 -0.6081945691 -0.6727178470 -0.4213669001 -0.2774079699 -0.3172299293 0.9068682320
-0.6621333572 0.7493594754 0.0063082361 -0.6813565574 -0.5984988790 -0.4213695926 -0.3119818246 -0.2833010210 0.9068670645
-0.5717851910 0.8203792127 0.0062962429 -0.7455204685 -0.5163764448 -0.4213722800 -0.3424338278 -0.2456284075 0.9068658991
-0.4738853754 0.8805641142 0.0062842483 -0.7998389903 -0.4274350604 -0.4213749622 -0.3683615623 -0.2047098190 0.9068647360
-0.3697268841 0.9291193088 0.0062722524 -0.8435948294 -0.3328492884 -0.4213776394 -0.3894223863 -0.1610858814 0.9068635751
-0.2606853497 0.9654035206 0.0062602552 -0.8762101834 -0.2338682270 -0.4213803115 -0.4053379615 -0.1153329732 0.9068624164
-0.1482008961 0.9889375378 0.0062482566 -0.8972543704 -0.1317990144 -0.4213829785 -0.4158979312 -0.0680556106 0.9068612599
-0.0337591186 0.9994105418 0.0062362567 -0.9064495166 -0.0279895664 -0.4213856404 -0.4209627011 -0.0198784597 0.9068601056
0.0811285368 0.9966842124 0.0062242554 -0.9036742251 0.0761892233 -0.4213882973 -0.4204652843 0.0285619168 0.9068589535
0.1949447352 0.9807945545 0.0062122528 -0.8889651787 0.1793615877 -0.4213909490 -0.4144121876 0.0766254705 0.9068578036
0.3061862921 0.9519514229 0.0062002488 -0.8625166550 0.2801650538 -0.4213935956 -0.4028833260 0.1236771247 0.9068566560
0.4133840264 0.9105357502 0.0061882436 -0.8246779605 0.3772684360 -0.4213962372 -0.3860309679 0.1690951652 0.9068555105
0.5151221643 0.8570945163 0.0061762370 -0.7759488170 0.4693894147 -0.4213988736 -0.3640777240 0.2122794561 0.9068543672
0.6100570371 0.7923335243 0.0061642290 -0.7169727625 0.5553114706 -0.4214015050 -0.3373136067 0.2526593693 0.9068532262
0.6969348274 0.7171080787 0.0061522198 -0.6485286518 0.6338999495 -0.4214041313 -0.3060921987 0.2897013247 0.9068520874
0.7746081287 0.6324116893 0.0061402092 -0.5715203709 0.7041170461 -0.4214067524 -0.2708259821 0.3229158413 0.9068509507
0.8420510988 0.5393629503 0.0061281973 -0.4869649004 0.7650355089 -0.4214093685 -0.2319808888 0.3518640048 0.9068498163
0.8983730089 0.4391907662 0.0061161841 -0.3959788846 0.8158508850 -0.4214119795 -0.1900701443 0.3761632682 0.9068486841
0.9428300070 0.3332181222 0.0061041695 -0.2997638858 0.8558921428 -0.4214145853 -0.1456474875 0.3954925069 0.9068475541
0.9748349425 0.2228446107 0.0060921537 -0.1995905155 0.8846305338 -0.4214171861 -0.0992998539 0.4095962623 0.9068464263
0.9939651204 0.1095279475 0.0060801365 -0.0967816556 0.9016865745 -0.4214197818 -0.0516396212 0.4182881185 0.9068453007
0.9999678844 -0.0052352812 0.0060681180 0.0073050118 0.9068350571 -0.4214223724 -0.0032965176 0.4214531658 0.9068441774
0.9927639531 -0.1199293836 0.0060560983 0.1112949338 0.9000080236 -0.4214249579 0.0450906984 0.4190495202 0.9068430562
0.9724484679 -0.2330395810 0.0060440772 0.2138148389 0.8812956625 -0.4214275382 0.0928826779 0.4111088773 0.9068419372
0.9392897360 -0.3430720132 0.0060320548 0.3135108719 0.8509451173 -0.4214301135 0.1394479299 0.3977360948 0.9068408205
0.8937256866 -0.4485734681 0.0060200312 0.4090664727 0.8093572228 -0.4214326837 0.1841711648 0.3791078075 0.9068397060
0.8363580881 -0.5481505745 0.0060080062 0.4992197626 0.7570812108 -0.4214352488 0.2264614251 0.3554700943 0.9068385937
0.7679445994 -0.6404882049 0.0059959799 0.5827802082 0.6948074570 -0.4214378087 0.2657598940 0.3271352276 0.9068374836
0.6893887640 -0.7243668438 0.0059839524 0.6586443429 0.6233583636 -0.4214403636 0.3015472793 0.2944775478 0.9068363757
0.6017280770 -0.7986786948 0.0059719236 0.7258103392 0.5436774984 -0.4214429134 0.3333506755 0.2579285177 0.9068352700
0.5061202822 -0.8624423109 0.0059598935 0.7833912383 0.4568171338 -0.4214454580 0.3607498133 0.2179710224 0.9068341665
0.4038280821 -0.9148155568 0.0059478621 0.8306266624 0.3639243506 -0.4214479976 0.3833826128 0.1751329894 0.9068330653
0.2962024613 -0.9551067311 0.0059358294 0.8668928565 0.2662258898 -0.4214505320 0.4009499685 0.1299804130 0.9068319662
0.1846648435 -0.9827837016 0.0059237954 0.8917109245 0.1650119516 -0.4214530614 0.4132197027 0.0831098767 0.9068308694
0.0706883189 -0.9974809335 0.0059117602 0.9047531535 0.0616191578 -0.4214555856 0.4200296333 0.0351406705 0.9068297748
-0.0442218111 -0.9990043166 0.0058997237 0.9058473408 -0.0425870997 -0.4214581048 0.4212897181 -0.0132933917 0.9068286824
-0.1585479147 -0.9873337297 0.0058876860 0.8949790679 -0.1462306902 -0.4214606188 0.4169832451 -0.0615523466 0.9068275922
-0.2707800732 -0.9626233057 0.0058756469 0.8722918903 -0.2479429171 -0.4214631277 0.4071670543 -0.1089985374 0.9068265042
-0.3794360226 -0.9251993963 0.0058636066 0.8380854411 -0.3463805925 -0.4214656315 0.3919707874 -0.1550050395 0.9068254185
-0.4830807302 -0.8755562616 0.0058515651 0.7928114742 -0.4402437752 -0.4214681302 0.3715951756 -0.1989639442 0.9068243349
-0.5803453470 -0.8143495430 0.0058395223 0.7370678977 -0.5282929372 -0.4214706238 0.3463093883 -0.2402943910 0.9068232536
-0.6699452867 -0.7423876032 0.0058274782 0.6715908779 -0.6093653324 -0.4214731123 0.3164474768 -0.2784502438 0.9068221745
-0.7506971908 -0.6606208507 0.0058154329 0.5972451172 -0.6823903518 -0.4214755957 0.2824039619 -0.3129273068 0.9068210976
-0.8215345581 -0.5701291876 0.0058033863 0.5150124346 -0.7464036612 -0.4214780739 0.2446286207 -0.3432699871 0.9068200229
-0.8815218294 -0.4721077468 0.0057913385 0.4259787998 -0.8005599356 -0.4214805471 0.2036205450 -0.3690773155 0.9068189504
-0.9298667441 -0.3678511085 0.0057792894 0.3313199919 -0.8441440226 -0.4214830151 0.1599215469 -0.3900082448 0.9068178802
-0.9659308034 -0.2587362016 0.0057672391 0.2322860717 -0.8765803858 -0.4214854780 0.1141090003 -0.4057861571 0.9068168121
-0.9892377031 -0.1462041193 0.0057551876 0.1301848739 -0.8974407047 -0.4214879358 0.0667882120 -0.4162025192 0.9068157463
-0.9994796245 -0.0317410858 0.0057431348 0.0263647358 -0.9064495315 -0.4214903885 0.0185844245 -0.4211196391 0.9068146827
-0.9965212995 0.0831411718 0.0057310808 -0.0778033089 -0.9034879270 -0.4214928361 -0.0298654460 -0.4204724858 0.9068136213
-0.9804017970 0.1969253900 0.0057190255 -0.1809436356 -0.8885950320 -0.4214952786 -0.0779212244 -0.4142695498 0.9068125621
-0.9513340075 0.3081088065 0.0057069691 -0.2816941948 -0.8619675493 -0.4214977159 -0.1249479361 -0.4025927313 0.9068115052
-0.9097018311 0.4152230082 0.0056949113 -0.3787244996 -0.8239571460 -0.4215001482 -0.1703241966 -0.3855962590 0.9068104505
-0.8560551071 0.5168533243 0.0056828524 -0.4707531951 -0.7750658090 -0.4215025753 -0.2134504227 -0.3635046532 0.9068093979
-0.7911023526 0.6116575102 0.0056707923 -0.5565649802 -0.7159392153 -0.4215049973 -0.2537567546 -0.3366097594 0.9068083476
-0.7157014050 0.6983834746 0.0056587309 -0.6350266559 -0.6473582054 -0.4215074142 -0.2907105866 -0.3052668935 0.9068072996
-0.6308480923 0.7758858161 0.0056466683 -0.7051020903 -0.5702284707 -0.4215098260 -0.3238236043 -0.2698901472 0.9068062537
-0.5376630810 0.8431409506 0.0056346045 -0.7658659013 -0.4855685935 -0.4215122326 -0.3526582375 -0.2309469171 0.9068052101
-0.4373770759 0.8992606299 0.0056225395 -0.8165156765 -0.3944965948 -0.4215146341 -0.3768334428 -0.1889517297 0.9068041686
-0.3313145653 0.9435036732 0.0056104732 -0.8563825694 -0.2982151704 -0.4215170306 -0.3960297384 -0.1444594432 0.9068031294
-0.2208763287 0.9752857557 0.0055984058 -0.8849401320 -0.1979958075 -0.4215194219 -0.4099934270 -0.0980579164 0.9068020924
-0.1075209369 0.9941871257 0.0055863372 -0.9018112664 -0.0951619940 -0.4215218080 -0.4185399478 -0.0503602415 0.9068010577
0.0072545123 0.9999581489 0.0055742673 -0.9067732044 0.0089282595 -0.4215241891 -0.4215563163 -0.0019966438 0.9068000251
0.1219341657 0.9925226049 0.0055621963 -0.8997604487 0.1129003537 -0.4215265650 -0.4190026183 0.0463938458 0.9067989948
0.2350034354 0.9719786939 0.0055501241 -0.8808656380 0.2153812530 -0.4215289358 -0.4109125372 0.0941718345 0.9067979667
0.3449690015 0.9385977402 0.0055380506 -0.8503383224 0.3150176173 -0.4215313015 -0.3973929105 0.1407060155 0.9067969408
0.4503785352 0.8928206083 0.0055259760 -0.8085816686 0.4104936747 -0.4215336621 -0.3786223188 0.1853815103 0.9067959171
0.5498398792 0.8352518806 0.0055139002 -0.7561471342 0.5005485964 -0.4215360175 -0.3548487264 0.2276079931 0.9067948957
0.6420394348 0.7666518728 0.0055018232 -0.6937271859 0.5839931472 -0.4215383678 -0.3263862062 0.2668274911 0.9067938765
0.7257595104 0.6879265919 0.0054897450 -0.6221461540 0.6597253901 -0.4215407130 -0.2936107902 0.3025217577 0.9067928595
0.7998944035 0.6001157708 0.0054776657 -0.5423493462 0.7267452381 -0.4215430531 -0.2569555017 0.3342191206 0.9067918447
0.8634650045 0.5043791366 0.0054655851 -0.4553905641 0.7841676607 -0.4215453880 -0.2169046340 0.3615007144 0.9067908321
0.9156317272 0.4019810935 0.0054535034 -0.3624181860 0.8312343713 -0.4215477178 -0.1739873521 0.3840060161 0.9067898218
0.9557055979 0.2942740239 0.0054414205 -0.2646600022 0.8673238408 -0.4215500425 -0.1287707011 0.4014376090 0.9067888137
0.9831573545 0.1826804275 0.0054293365 -0.1634070003 0.8919595049 -0.4215523621 -0.0818521140 0.4135651135 0.9067878078
0.9976244367 0.0686741340 0.0054172513 -0.0599963165 0.9048160568 -0.4215546765 -0.0338515182 0.4202282316 0.9067868041
0.9989157743 -0.0462391622 0.0054051649 0.0442064219 0.9057237437 -0.4215569858 0.0145968557 0.4213388659 0.9067858027
0.9870143106 -0.1605417872 0.0053930773 0.1478251314 0.8946706073 -0.4215592900 0.0628528541 0.4168822843 0.9067848034
0.9620772280 -0.2727241324 0.0053809886 0.2494914444 0.8718026416 -0.4215615890 0.1102788586 0.4069173156 0.9067838064
0.9244338718 -0.3813045917 0.0053688987 0.3478627793 0.8374218646 -0.4215638830 0.1562482111 0.3915755726 0.9067828117
0.8745814007 -0.4848491292 0.0053568077 0.4416400709 0.7919823297 -0.4215661717 0.2001534942 0.3710597139 0.9067818191
0.8131782208 -0.5819902191 0.0053447155 0.5295849248 0.7360841289 -0.4215684554 0.2414145575 0.3456407673 0.9067808288
0.7410352898 -0.6714449064 0.0053326222 0.6105359717 0.6704654678 -0.4215707339 0.2794861829 0.3156545487 0.9067798407
0.6591054068 -0.7520317512 0.0053205277 0.6834242039 0.5959929170 -0.4215730073 0.3138652901 0.2814972259 0.9067788548
0.5684706283 -0.8226864320 0.0053084321 0.7472870921 0.5136499674 -0.4215752756 0.3440975833 0.2436200846 0.9067778711
0.4703279777 -0.8824758026 0.0052963354 0.8012812963 0.4245240430 -0.4215775387 0.3697835552 0.2025235657 0.9067768897
0.3659736359 -0.9306102163 0.0052842375 0.8446938023 0.3297921396 -0.4215797967 0.3905837658 0.1587506537 0.9067759105
0.2567858227 -0.9664539543 0.0052721384 0.8769513376 0.2307052817 -0.4215820496 0.4062233287 0.1128797023 0.9067749335
0.1442065940 -0.9895336226 0.0052600383 0.8976279411 0.1285720016 -0.4215842973 0.4164955433 0.0655167929 0.9067739587
0.0297227970 -0.9995444035 0.0052479370 0.9064505885 0.0247410592 -0.4215865399 0.4212646270 0.0172877267 0.9067729862
-0.0851535672 -0.9963540817 0.0052358345 0.9033027969 -0.0794163701 -0.4215887774 0.4204675101 -0.0311702443 0.9067720159
-0.1989053125 -0.9800047904 0.0052237310 0.8882261633 -0.1825248023 -0.4215910097 0.4141146696 -0.0792168370 0.9067710478
-0.3100301057 -0.9507124552 0.0052116263 0.8614198141 -0.2832226095 -0.4215932369 0.4022899917 -0.1262171977 0.9067700820
-0.4170603079 -0.9088639417 0.0051995205 0.8232377759 -0.3801800013 -0.4215954589 0.3851496643 -0.1715502902 0.9067691183
-0.5185823576 -0.8550119468 0.0051874136 0.7741842995 -0.4721165853 -0.4215976759 0.3629201136 -0.2146171026 0.9067681569
-0.6132554400 -0.7898676987 0.0051753055 0.7149072006 -0.5578182762 -0.4215998876 0.3358950130 -0.2548485614 0.9067671978
-0.6998291955 -0.7142915641 0.0051631964 0.6461893046 -0.6361533280 -0.4216020943 0.3044314039 -0.2917130522 0.9067662408
-0.7771602329 -0.6292816847 0.0051510861 0.5689381084 -0.7060872797 -0.4216042958 0.2689449779 -0.3247234435 0.9067652861
-0.8442272306 -0.5359607952 0.0051389747 0.4841737960 -0.7666966161 -0.4216064922 0.2299045853 -0.3534435244 0.9067643336
-0.9001444254 -0.4355613949 0.0051268623 0.3930157655 -0.8171809629 -0.4216086834 0.1878260405 -0.3774937684 0.9067633833
-0.9441733106 -0.3294094699 0.0051147487 0.2966678471 -0.8568736565 -0.4216108695 0.1432653064 -0.3965563489 0.9067624353
-0.9757323900 -0.2189069809 0.0051026340 0.1964024045 -0.8852505471 -0.4216130504 0.0968111495 -0.4103793397 0.9067614895
-0.9944048573 -0.1055133472 0.0050905182 0.0935435329 -0.9019369204 -0.4216152262 0.0490773601 -0.4187800438 0.9067605459
-0.9999441014 0.0092738281 0.0050784013 -0.0105504275 -0.9067124457 -0.4216173969 0.0006946424 -0.4216474084 0.9067596046
-0.9922769633 0.1239385370 0.0050662834 -0.1145048289 -0.8995140848 -0.4216195624 -0.0476977185 -0.4189434930 0.9067586654
-0.9715047020 0.2369663888 0.0050541643 -0.2169468698 -0.8804369248 -0.4216217228 -0.0954603042 -0.4107039713 0.9067577286
-0.9379016578 0.3468646107 0.0050420442 -0.3165237237 -0.8497329214 -0.4216238780 -0.1419620114 -0.3970376608 0.9067567939
-0.8919116285 0.4521817631 0.0050299229 -0.4119204041 -0.8078075718 -0.4216260281 -0.1865883909 -0.3781250853 0.9067558614
-0.8341420085 0.5515269089 0.0050178006 -0.5018771301 -0.7552145589 -0.4216281731 -0.2287497669 -0.3542160905 0.9067549312
-0.7653557668 0.6435879842 0.0050056772 -0.5852059625 -0.6926484395 -0.4216303129 -0.2678890286 -0.3256265436 0.9067540033
-0.6864613703 0.7271491261 0.0049935528 -0.6608064913 -0.6209354718 -0.4216324476 -0.3034889917 -0.2927341598 0.9067530775
-0.5985007856 0.8011067314 0.0049814272 -0.7276803677 -0.5410227037 -0.4216345771 -0.3350792327 -0.2559735124 0.9067521540
-0.5026357177 0.8644840319 0.0049693006 -0.7849444871 -0.4539654657 -0.4216367015 -0.3622423048 -0.2158302912 0.9067512327
-0.4001322673 0.9164439945 0.0049571729 -0.8318426519 -0.3609134347 -0.4216388207 -0.3846192548 -0.1728348852 0.9067503137
-0.2923442091 0.9563003764 0.0049450442 -0.8677555565 -0.2630954510 -0.4216409348 -0.4019143660 -0.1275553752 0.9067493968
-0.1806951125 0.9835267880 0.0049329144 -0.8922089659 -0.1618032904 -0.4216430437 -0.4138990667 -0.0805900276 0.9067484822
-0.0666595402 0.9977636452 0.0049207835 -0.9048799783 -0.0583746052 -0.4216451475 -0.4204149506 -0.0325593901 0.9067475699
0.0482564264 0.9988229185 0.0049086515 -0.9056012881 0.0458247408 -0.4216472462 -0.4213758707 0.0159019081 0.9067466597
0.1625350783 0.9866906164 0.0048965185 -0.8943633958 0.1494187093 -0.4216493397 -0.4167690783 0.0641535415 0.9067457518
0.2746671233 0.9615269701 0.0048843845 -0.8713147326 0.2510392597 -0.4216514280 -0.4066553923 0.1115579486 0.9067448462
0.3831716196 0.9236643174 0.0048722494 -0.8367597004 0.3493444150 -0.4216535112 -0.3911683957 0.1574887568 0.9067439427
0.4866155346 0.8736027133 0.0048601132 -0.7911546507 0.4430359835 -0.4216555893 -0.3705126719 0.2013390588 0.9067430415
0.5836326715 0.8120033263 0.0048479761 -0.7351018589 0.5308767022 -0.4216576622 -0.3449611018 0.2425294316 0.9067421425
0.6729417123 0.7396797054 0.0048358378 -0.6693415696 0.6117065761 -0.4216597299 -0.3148512586 0.2805155934 0.9067412458
0.7533631406 0.6575870363 0.0048236985 -0.5947422212 0.6844581967 -0.4216617925 -0.2805809485 0.3147955951 0.9067403513
0.8238348199 0.5668095256 0.0048115582 -0.5122889770 0.7481708372 -0.4216638500 -0.2426029543 0.3449164537 0.9067394590
0.8834260210 0.4685460821 0.0047994169 -0.4230707154 0.8020031401 -0.4216659023 -0.2014190539 0.3704801375 0.9067385690
0.9313497142 0.3640944820 0.0047872745 -0.3282656496 0.8452442273 -0.4216679494 -0.1575733898 0.3911488264 0.9067376812
0.9669729642 0.2548342297 0.0047751311 -0.2291257688 0.8773230878 -0.4216699914 -0.1116452802 0.4066493759 0.9067367956
0.9898252889 0.1422083380 0.0047629866 -0.1269603042 0.8978161180 -0.4216720283 -0.0642415645 0.4167769270 0.9067359122
0.9996048734 0.0277042705 0.0047508411 -0.0231184394 0.9064527152 -0.4216740600 -0.0159885851 0.4213976133 0.9067350311
0.9961825560 -0.0871657040 0.0047386947 0.0810285065 0.9031188511 -0.4216760865 0.0324760885 0.4204503310 0.9067341522
0.9796035341 -0.2008844838 0.0047265471 0.1841051886 0.8878585771 -0.4216781079 0.0805120836 0.4139475466 0.9067332756
0.9500867673 -0.3119501708 0.0047143986 0.2847503984 0.8608734422 -0.4216801241 0.1274846862 0.4019751328 0.9067324012
0.9080220857 -0.4188959068 0.0047022491 0.3816350401 0.8225198314 -0.4216821352 0.1727732273 0.3846912349 0.9067315290
0.8539650412 -0.5203092459 0.0046900985 0.4734796816 0.7733042586 -0.4216841411 0.2157792843 0.3623241813 0.9067306591
0.7886295704 -0.6148508091 0.0046779469 0.5590714509 0.7138766774 -0.4216861419 0.2559345883 0.3351694675 0.9067297914
0.7128785655 -0.7012719738 0.0046657944 0.6372800527 0.6450218982 -0.4216881375 0.2927085329 0.3035858522 0.9067289259
0.6277124781 -0.7784313640 0.0046536408 0.7070726947 0.5676492231 -0.4216901279 0.3256151859 0.2679906175 0.9067280627
0.5342561060 -0.8453099253 0.0046414862 0.7675277261 0.4827804381 -0.4216921132 0.3542197100 0.2288540557 0.9067272017
0.4337437379 -0.9010243832 0.0046293306 0.8178468087 0.3915363191 -0.4216940933 0.3781441093 0.1866932556 0.9067263429
0.3275028522 -0.9448389088 0.0046171740 0.8573654592 0.2951218314 -0.4216960683 0.3970722242 0.1420652707 0.9067254864
0.2169365844 -0.9761748369 0.0046050165 0.8855618241 0.1948102162 -0.4216980381 0.4107539093 0.0955597588 0.9067246321
0.1035051964 -0.9946183087 0.0045928579 0.9020635707 0.0919261772 -0.4217000028 0.4190083397 0.0477911914 0.9067237800
-0.0112932100 -0.9999257375 0.0045806983 0.9066528039 -0.0121716139 -0.4217019623 0.4217264002 -0.0006092658 0.9067229302
-0.1259424785 -0.9920270261 0.0045685378 0.8992689433 -0.1161084596 -0.4217039167 0.4188721282 -0.0490020923 0.9067220826
-0.2389284222 -0.9710264922 0.0045563763 0.8800095228 -0.2185117904 -0.4217058658 0.4104831896 -0.0967478626 0.9067212373
-0.3487588217 -0.9372014908 0.0045442138 0.8491289025 -0.3180292913 -0.4217078099 0.3966703812 -0.1432156956 0.9067203942
-0.4539831331 -0.8909987516 0.0045320503 0.8070349091 -0.4133467591 -0.4217097487 0.3776161680 -0.1877915902 0.9067195533
-0.5532116457 -0.8330284783 0.0045198858 0.7542834502 -0.5032054587 -0.4217116824 0.3535722723 -0.2298865388 0.9067187147
-0.6451338358 -0.7640562901 0.0045077204 0.6915711725 -0.5864187444 -0.4217136110 0.3248563488 -0.2689443099 0.9067178783
-0.7285356748 -0.6849931098 0.0044955540 0.6197262618 -0.6618877311 -0.4217155343 0.2918477874 -0.3044487985 0.9067170441
-0.8023156637 -0.5968831335 0.0044833866 0.5396975061 -0.7286158056 -0.4217174526 0.2549827009 -0.3359308452 0.9067162122
-0.8654993800 -0.5008900393 0.0044712183 0.4525417657 -0.7857217873 -0.4217193656 0.2147481632 -0.3629744364 0.9067153825
-0.9172523475 -0.3982816189 0.0044590490 0.3594100162 -0.8324515648 -0.4217212735 0.1716757738 -0.3852222012 0.9067145551
-0.9568910572 -0.2904130335 0.0044468787 0.2615321491 -0.8681880543 -0.4217231762 0.1263346339 -0.4023801342 0.9067137299
-0.9838919944 -0.1787089160 0.0044347075 0.1602007296 -0.8924593483 -0.4217250738 0.0793238270 -0.4142214806 0.9067129069
-0.9978985532 -0.0646445560 0.0044225353 0.0567539273 -0.9049449474 -0.4217269662 0.0312645035 -0.4205897332 0.9067120862
-0.9987257458 0.0502735848 0.0044103622 -0.0474421556 -0.9054799921 -0.4217288534 -0.0172083265 -0.4214007007 0.9067112677
-0.9863626459 0.1645277687 0.0043981881 -0.1510115245 -0.8940574401 -0.4217307355 -0.0654541841 -0.4166436212 0.9067104514
-0.9609725331 0.2766090266 0.0043860131 -0.2525864639 -0.8708281586 -0.4217326124 -0.1128355837 -0.4063813043 0.9067096374
-0.9228907362 0.3850370874 0.0043738371 -0.3508255991 -0.8360989319 -0.4217344841 -0.1587264568 -0.3907493025 0.9067088256
-0.8726202048 0.4883799280 0.0043616602 -0.4444316098 -0.7903284094 -0.4217363507 -0.2025204246 -0.3699541204 0.9067080161
-0.8108248667 0.5852726865 0.0043494824 -0.5321683624 -0.7341210490 -0.4217382121 -0.2436388098 -0.3442704865 0.9067072088
-0.7383208592 0.6744356876 0.0043373036 -0.6128772338 -0.6682191340 -0.4217400683 -0.2815382837 -0.3140377242 0.9067064037
-0.6560657505 0.7546913438 0.0043251239 -0.6854924120 -0.5934929709 -0.4217419194 -0.3157180452 -0.2796552684 0.9067056009
-0.5651458927 0.8249797079 0.0043129432 -0.7490549709 -0.5109293953 -0.4217437653 -0.3457264388 -0.2415773883 0.9067048003
-0.4667620746 0.8843724719 0.0043007616 -0.8027255330 -0.4216187406 -0.4217456060 -0.3711669224 -0.2003071852 0.9067040020
-0.3622136626 0.9320852272 0.0042885791 -0.8457953543 -0.3267404385 -0.4217474416 -0.3917033077 -0.1563899458 0.9067032059
-0.2528814396 0.9674878242 0.0042763957 -0.8776956833 -0.2275474437 -0.4217492720 -0.4070642026 -0.1104059371 0.9067024121
-0.1402093692 0.9901126952 0.0042642113 -0.8980052716 -0.1253496874 -0.4217510972 -0.4170465980 -0.0629627396 0.9067016204
-0.0256855248 0.9996610296 0.0042520261 -0.9064559368 -0.0214967788 -0.4217529172 -0.4215185506 -0.0146872193 0.9067008311
0.0891775634 0.9960067198 0.0042398399 -0.9029361032 0.0826398180 -0.4217547321 -0.4204209269 0.0337827548 0.9067000439
0.2028628845 0.9791980275 0.0042276528 -0.8874922755 0.1856848953 -0.4217565418 -0.4137681851 0.0818067395 0.9066992591
0.3138689826 0.9494569456 0.0042154648 -0.8603284242 0.2862776621 -0.4217583464 -0.4016481848 0.1287501789 0.9066984764
0.4207297862 0.9071762671 0.0042032758 -0.8218032915 0.3830897147 -0.4217601458 -0.3842210264 0.1739927900 0.9066976960
0.5220339711 0.8529143965 0.0041910860 -0.7724256539 0.4748425794 -0.4217619400 -0.3617169366 0.2169367580 0.9066969178
0.6164436002 0.7873879759 0.0041788953 -0.7128476027 0.5603245954 -0.4217637290 -0.3344332267 0.2570146360 0.9066961419
0.7027117930 0.7114624196 0.0041667037 -0.6438559328 0.6384069157 -0.4217655128 -0.3027303647 0.2936968429 0.9066953682
0.7796991943 0.6261404846 0.0041545111 -0.5663617519 0.7080584141 -0.4217672915 -0.2670272128 0.3264986612 0.9066945968
0.8463890211 0.5325490271 0.0041423177 -0.4813884483 0.7683593025 -0.4217690650 -0.2277954936 0.3549866422 0.9066938276
0.9019004915 0.4319241201 0.0041301234 -0.3900581764 0.8185132761 -0.4217708333 -0.1855535569 0.3787843335 0.9066930606
0.9455004577 0.3255947284 0.0041179282 -0.2935770372 0.8578580302 -0.4217725965 -0.1408595318 0.3975772539 0.9066922959
0.9766130884 0.2149651567 0.0041057321 -0.1932191511 0.8858740055 -0.4217743545 -0.0943039515 0.4111170489 0.9066915335
0.9948274739 0.1014965027 0.0040935351 -0.0903098312 0.9021912490 -0.4217761073 -0.0465019514 0.4192247729 0.9066907732
0.9999030535 -0.0133126393 0.0040813372 0.0137919176 0.9065942996 -0.4217778549 0.0019148593 0.4217932545 0.9066900153
0.9917727918 -0.1279459711 0.0040691385 0.1177113462 0.8990250331 -0.4217795974 0.0503067428 0.4187885126 0.9066892595
0.9705440650 -0.2408895163 0.0040569389 0.2200761156 0.8795834293 -0.4217813347 0.0980342855 0.4102502065 0.9066885060
0.9364972422 -0.3506516154 0.0040447384 0.3195344198 0.8485262513 -0.4217830668 0.1444668470 0.3962911120 0.9066877548
0.8900819826 -0.4557826268 0.0040325370 0.4147728373 0.8062636549 -0.4217847937 0.1889908932 0.3770956322 0.9066870058
0.8319112970 -0.5548940717 0.0040203348 0.5045336760 0.7533537716 -0.4217865155 0.2310181026 0.3529173614 0.9066862590
0.7627534516 -0.6466769727 0.0040081317 0.5876315819 0.6904953376 -0.4217882320 0.2699931407 0.3240757346 0.9066855145
0.6835218214 -0.7299191409 0.0039959277 0.6629691924 0.6185184666 -0.4217899434 0.3054009980 0.2909518074 0.9066847722
0.5952628273 -0.8035211860 0.0039837229 0.7295516277 0.5383736870 -0.4217916496 0.3367737950 0.2539832214 0.9066840322
0.4991421157 -0.8665110359 0.0039715172 0.7864996288 0.4511193891 -0.4217933507 0.3636969648 0.2136584223 0.9066832944
0.3964291639 -0.9180567749 0.0039593107 0.8330611687 0.3579078484 -0.4217950465 0.3858147317 0.1705102056 0.9066825589
0.2884805137 -0.9574776308 0.0039471033 0.8686213832 0.2599700082 -0.4217967372 0.4028348122 0.1251086778 0.9066818256
0.1767218557 -0.9842529666 0.0039348951 0.8927106903 0.1585992246 -0.4217984227 0.4145322776 0.0780537229 0.9066810945
0.0626291998 -0.9980291558 0.0039226860 0.9050109914 0.0551341858 -0.4218001030 0.4207525267 0.0299670768 0.9066803657
-0.0522906186 -0.9986242534 0.0039104760 0.9053598718 -0.0490587659 -0.4218017782 0.4214133289 -0.0185158878 0.9066796392
-0.1665198394 -0.9860303984 0.0038982652 0.8937527447 -0.1526036778 -0.4218034481 0.4165059116 -0.0667545572 0.9066789149
-0.2785498233 -0.9604139183 0.0038860536 0.8703429123 -0.2541331576 -0.4218051129 0.4060950764 -0.1141115404 0.9066781928
-0.3869009763 -0.9221131318 0.0038738412 0.8354395403 -0.3523064307 -0.4218067725 0.3903183432 -0.1599610920 0.9066774730
-0.4901422911 -0.8716338809 0.0038616279 0.7895035756 -0.4458270462 -0.4218084269 0.3693841343 -0.2036973798 0.9066767554
-0.5869102465 -0.8096428500 0.0038494137 0.7331416580 -0.5334599975 -0.4218100762 0.3435690205 -0.2447424902 0.9066760401
-0.6759268158 -0.7369587611 0.0038371988 0.6670981096 -0.6140480314 -0.4218117202 0.3132140671 -0.2825540649 0.9066753270
-0.7560163453 -0.6545415610 0.0038249830 0.5922451048 -0.6865269302 -0.4218133591 0.2787203283 -0.3166324667 0.9066746162
-0.8261210821 -0.5634797428 0.0038127664 0.5095711523 -0.7499395660 -0.4218149928 0.2405435480 -0.3465273825 0.9066739076
-0.8853151433 -0.4649759702 0.0038005489 0.4201680409 -0.8034485394 -0.4218166213 0.1991881382 -0.3718437733 0.9066732012
-0.9328167447 -0.3603311939 0.0037883307 0.3252164217 -0.8463472382 -0.4218182446 0.1552005149 -0.3922470944 0.9066724971
-0.9679985258 -0.2509274698 0.0037761116 0.2259702159 -0.8780691687 -0.4218198627 0.1091618780 -0.4074677165 0.9066717953
-0.9903958352 -0.1382097057 0.0037638917 0.1237400564 -0.8981954359 -0.4218214757 0.0616805324 -0.4173044885 0.9066710957
-0.9997128678 -0.0236665788 0.0037516711 0.0198759791 -0.9064602759 -0.4218230834 0.0133838500 -0.4216273963 0.9066703984
-0.9958265711 0.0911891261 0.0037394495 -0.0842504050 -0.9027545644 -0.4218246860 -0.0350900193 -0.4203792808 0.9066697033
-0.9787882708 0.2048404956 0.0037272272 -0.1872640234 -0.8871272582 -0.4218262834 -0.0831005801 -0.4135765941 0.9066690104
-0.9488229926 0.3157865220 0.0037150041 -0.2878045006 -0.8597847480 -0.4218278756 -0.1300134538 -0.4013091822 0.9066683198
-0.9063264903 0.4225619273 0.0037027802 -0.3845441233 -0.8210881327 -0.4218294626 -0.1752087618 -0.3837390987 0.9066676314
-0.8518600193 0.5237565152 0.0036905555 -0.4762053737 -0.7715484509 -0.4218310444 -0.2180893155 -0.3610984640 0.9066669453
-0.7861429240 0.6180337960 0.0036783300 -0.5615778000 -0.7118199311 -0.4218326211 -0.2580885075 -0.3336863986 0.9066662615
-0.7100431369 0.7041486373 0.0036661037 -0.6395340012 -0.6426913531 -0.4218341926 -0.2946777987 -0.3018650713 0.9066655798
-0.6245657164 0.7809637092 0.0036538766 -0.7090445155 -0.5650756300 -0.4218357588 -0.3273737023 -0.2660549141 0.9066649005
-0.5308395724 0.8474645047 0.0036416487 -0.7691914146 -0.4799977533 -0.4218373199 -0.3557441722 -0.2267290674 0.9066642234
-0.4301025569 0.9027727388 0.0036294200 -0.8191804258 -0.3885812565 -0.4218388758 -0.3794143126 -0.1844071289 0.9066635485
-0.3236851152 0.9461579478 0.0036171906 -0.8583514204 -0.2920333776 -0.4218404265 -0.3980713318 -0.1396482877 0.9066628759
-0.2129927152 0.9770471368 0.0036049604 -0.8861871316 -0.1916291167 -0.4218419720 -0.4114686756 -0.0930439365 0.9066622055
-0.0994872846 0.9950323475 0.0035927293 -0.9023199847 -0.0886943985 -0.4218435123 -0.4194292854 -0.0452098570 0.9066615374
0.0153320968 0.9998760457 0.0035804976 -0.9065369510 0.0154114378 -0.4218450475 -0.4218479386 0.0032219158 0.9066608715
0.1299489955 0.9915142591 0.0035682650 -0.8987823610 0.1193135895 -0.4218465774 -0.4186926392 0.0516114453 0.9066602079
0.2428496519 0.9700574216 0.0035560317 -0.8791586392 0.2216399461 -0.4218481022 -0.4100050410 0.0993193488 0.9066595465
0.3525429730 0.9357889151 0.0035437976 -0.8479249513 0.3210392088 -0.4218496217 -0.3958998978 0.1457152454 0.9066588874
0.4575802256 0.8891613269 0.0035315627 -0.8054937812 0.4161987354 -0.4218511361 -0.3765635479 0.1901860862 0.9066582305
0.5565741692 0.8307904721 0.0035193271 -0.7524254840 0.5058618751 -0.4218526453 -0.3522514518 0.2321442542 0.9066575759
0.6482173781 0.7614472608 0.0035070907 -0.6894208855 0.5888445630 -0.4218541493 -0.3232848178 0.2710353290 0.9066569236
0.7312995087 0.6820475164 0.0034948536 -0.6173120271 0.6640509569 -0.4218556481 -0.2900463579 0.3063454130 0.9066562734
0.8047232843 0.5936398800 0.0034826157 -0.5370511782 0.7304879082 -0.4218571417 -0.2529752316 0.3376079217 0.9066556256
0.8675189872 0.4973919615 0.0034703771 -0.4496982597 0.7872780776 -0.4218586301 -0.2125612433 0.3644097490 0.9066549800
0.9188572659 0.3945749183 0.0034581377 -0.3564068477 0.8336715203 -0.4218601133 -0.1693383706 0.3863967264 0.9066543366
0.9580600886 0.2865466671 0.0034458975 -0.2584089389 0.8690555897 -0.4218615914 -0.1238777095 0.4032783029 0.9066536955
0.9846096977 0.1747339497 0.0034336566 -0.1569986811 0.8929630279 -0.4218630642 -0.0767799279 0.4148313845 0.9066530566
0.9981554482 0.0606134903 0.0034214150 -0.0535152829 0.9050781355 -0.4218645318 -0.0286673296 0.4209032829 0.9066524200
0.9985184385 -0.0543075085 0.0034091727 0.0506746717 0.9052409406 -0.4218659943 0.0198243684 0.4214137326 0.9066517856
0.9856938736 -0.1685112711 0.0033969296 0.1541952701 0.8934493114 -0.4218674515 0.0680544361 0.4163559529 0.9066511535
0.9598511278 -0.2804894941 0.0033846857 0.2556794412 0.8698589837 -0.4218689036 0.1153855961 0.4057967375 0.9066505237
0.9213315085 -0.3887632674 0.0033724412 0.3537870084 0.8347815044 -0.4218703505 0.1611924444 0.3898755722 0.9066498961
0.8706437479 -0.4919026056 0.0033601959 0.4472223882 0.7886801167 -0.4218717921 0.2048697141 0.3688027930 0.9066492707
0.8084572844 -0.5885453343 0.0033479499 0.5347516988 0.7321636427 -0.4218732286 0.2458402732 0.3428568066 0.9066486476
0.7355934214 -0.6774150806 0.0033357031 0.6152190545 0.6659784429 -0.4218746599 0.2835627503 0.3123804126 0.9066480268
0.6530144800 -0.7573381303 0.0033234557 0.6875618300 0.5909985601 -0.4218760859 0.3175386886 0.2777762742 0.9066474082
0.5618110896 -0.8272589289 0.0033112075 0.7508246934 0.5082141763 -0.4218775068 0.3473191318 0.2395015981 0.9066467918
0.4631877838 -0.8862540233 0.0032989586 0.8041722214 0.4187185369 -0.4218789225 0.3725105573 0.1980620940 0.9066461777
0.3584470923 -0.9335442569 0.0032867090 0.8468999317 0.3236935130 -0.4218803330 0.3927800756 0.1540052923 0.9066455659
0.2489723375 -0.9685050609 0.0032744587 0.8784435863 0.2243939939 -0.4218817383 0.4078598298 0.1079133098 0.9066449563
0.1362093658 -0.9906747027 0.0032622077 0.8983866425 0.1221313152 -0.4218831384 0.4175505350 0.0603951585 0.9066443490
0.0216474513 -0.9997603841 0.0032499559 0.9064657529 0.0182559415 -0.4218845333 0.4217241120 0.0120786986 0.9066437439
-0.0932003730 -0.9956421083 0.0032377035 0.9025742436 -0.0858603679 -0.4218859230 0.4203253802 -0.0363976576 0.9066431411
-0.2068172977 -0.9783742647 0.0032254504 0.8867635223 -0.1888426736 -0.4218873075 0.4133727869 -0.0843933811 0.9066425405
-0.3177027699 -0.9481849109 0.0032131966 0.8592423991 -0.2893310138 -0.4218886868 0.4009581643 -0.1312742897 0.9066419422
-0.4243923115 -0.9054727604 0.0032009421 0.8203743292 -0.3859983633 -0.4218900609 0.3832455164 -0.1764209274 0.9066413461
-0.5254768603 -0.8508019168 0.0031886869 0.7706726126 -0.4775681582 -0.4218914297 0.3604688524 -0.2192367502 0.9066407523
-0.6196213796 -0.7848944236 0.0031764310 0.7107936153 -0.5628311535 -0.4218927934 0.3329290952 -0.2591560079 0.9066401608
-0.7055824908 -0.7086207284 0.0031641744 0.6415281015 -0.6406613922 -0.4218941519 0.3009901056 -0.2956512198 0.9066395715
-0.7822248941 -0.6229881864 0.0031519171 0.5637907909 -0.7100310745 -0.4218955052 0.2650738748 -0.3282401451 0.9066389844
-0.8485363634 -0.5291277564 0.0031396592 0.4786082784 -0.7700241301 -0.4218968533 0.2256549488 -0.3564921548 0.9066383996
-0.9036411139 -0.4282790640 0.0031274005 0.3871054774 -0.8198483161 -0.4218981962 0.1832541586 -0.3800339221 0.9066378171
-0.9468113697 -0.3217740296 0.0031151412 0.2904907640 -0.8588456784 -0.4218995339 0.1384317387 -0.3985543558 0.9066372368
-0.9774769749 -0.2110192781 0.0031028813 0.1900400197 -0.8865012407 -0.4219008664 0.0917799243 -0.4118087110 0.9066366588
-0.9952329241 -0.0974775606 0.0030906206 0.0870797818 -0.9024498050 -0.4219021937 0.0439151266 -0.4196218234 0.9066360830
-0.9998447114 0.0173515637 0.0030783593 -0.0170302741 -0.9064807737 -0.4219035158 -0.0045302122 -0.4218904243 0.9066355095
-0.9912514273 0.1319515324 0.0030660973 -0.1209152903 -0.8985409310 -0.4219048327 -0.0529159752 -0.4185845056 0.9066349382
-0.9695665634 0.2448088097 0.0030538347 -0.2232033826 -0.8787351452 -0.4219061444 -0.1006028291 -0.4097477167 0.9066343692
-0.9350765132 0.3544328755 0.0030415714 -0.3225437574 -0.8473249834 -0.4219074508 -0.1469606716 -0.3954967879 0.9066338025
-0.8882367903 0.4593759111 0.0030293075 -0.4176245499 -0.8047252576 -0.4219087521 -0.1913769572 -0.3760199889 0.9066332380
-0.8296660116 0.5582519204 0.0030170428 -0.5071901481 -0.7514985462 -0.4219100482 -0.2332647913 -0.3515746413 0.9066326757
-0.7601377277 0.6497550355 0.0030047776 -0.5900577744 -0.6883477644 -0.4219113391 -0.2720706852 -0.3224837189 0.9066321157
-0.6805702065 0.7326767629 0.0029925117 -0.6651331047 -0.6161068821 -0.4219126247 -0.3072818691 -0.2891315807 0.9066315580
-0.5920143051 0.8059219445 0.0029802451 -0.7314247198 -0.5357299095 -0.4219139052 -0.3384330684 -0.2519588923 0.9066310025
-0.4956395917 0.8685232215 0.0029679779 -0.7880571976 -0.4482782995 -0.4219151804 -0.3651126516 -0.2114568041 0.9066304493
-0.3927188983 0.9196538102 0.0029557101 -0.8342826741 -0.3549069295 -0.4219164505 -0.3869680693 -0.1681604613 0.9066298984
-0.2846115108 0.9586384220 0.0029434416 -0.8694907184 -0.2568488506 -0.4219177153 -0.4037105132 -0.1226419335 0.9066293497
-0.1727452162 0.9849621813 0.0029311725 -0.8932163949 -0.1553990041 -0.4219189750 -0.4151187326 -0.0755026559 0.9066288032
-0.0585974463 0.9982774260 0.0029189027 -0.9051464019 -0.0518971202 -0.4219202294 -0.4210419579 -0.0273654823 0.9066282590
0.0563242354 0.9984082992 0.0029066323 -0.9051232096 0.0522899734 -0.4219214786 -0.4214018936 0.0211335443 0.9066277171
0.1705020444 0.9853530715 0.0028943613 -0.8931471396 0.1557864023 -0.4219227226 -0.4161937528 0.0693535962 0.9066271774
0.2824280200 0.9592841639 0.0028820897 -0.8693763608 0.2572254147 -0.4219239615 -0.4054863213 0.1166575284 0.9066266400
0.3906239420 0.9205458707 0.0028698174 -0.8341248005 0.3552674303 -0.4219251951 -0.3894210487 0.1624202971 0.9066261048
0.4936608534 0.8696498124 0.0028575445 -0.7878579980 0.4486177305 -0.4219264235 -0.3682101802 0.2060372189 0.9066255719
0.5901779325 0.8072681788 0.0028452710 -0.7311869575 0.5360435562 -0.4219276467 -0.3421339521 0.2469319611 0.9066250413
0.6789004659 0.7342248508 0.0028329969 -0.6648600783 0.6163903873 -0.4219288646 -0.3115368897 0.2845641562 0.9066245129
0.7586566838 0.6514845199 0.0028207222 -0.5897532717 0.6885971887 -0.4219300774 -0.2768232553 0.3184365432 0.9066239867
0.8283932352 0.5601399473 0.0028084469 -0.5068583940 0.7517104224 -0.4219312850 -0.2384517065 0.3481015373 0.9066234628
0.8871891003 0.4613975312 0.0027961709 -0.4172701477 0.8048966393 -0.4219324873 -0.1969292366 0.3731671452 0.9066229412
