1992
48402
0.8522991024 -0.5224657786 0.0248143163 0.4897464049 0.7804669313 -0.3886126968 0.1836700819 0.3433669748 0.9210670017
0.7867272452 -0.6168016434 0.0248188313 0.5760557789 0.7191187088 -0.3886232394 0.2218557668 0.3200375218 0.9210624319
0.7107650520 -0.7029913532 0.0248233411 0.6547560565 0.6482733130 -0.3886337840 0.2571138801 0.2924805446 0.9210578612
0.6254157620 -0.7798965975 0.0248278456 0.7248078768 0.5688665275 -0.3886443304 0.2889786606 0.2610597081 0.9210532897
0.5318065903 -0.8465016865 0.0248323447 0.7852861137 0.4819472012 -0.3886548788 0.3170291313 0.2261897214 0.9210487174
0.4311738402 -0.9019269655 0.0248368385 0.8353920933 0.3886633950 -0.3886654291 0.3408946611 0.1883308641 0.9210441443
0.3248465756 -0.9454404322 0.0248413270 0.8744641413 0.2902472174 -0.3886759813 0.3602598617 0.1479829112 0.9210395703
0.2142290680 -0.9764674045 0.0248458102 0.9019863204 0.1879985507 -0.3886865354 0.3748687561 0.1056785351 0.9210349955
0.1007822499 -0.9945981104 0.0248502881 0.9175952435 0.0832678823 -0.3886970914 0.3845281618 0.0619762735 0.9210304199
-0.0139955797 -0.9995930995 0.0248547606 0.9210848716 -0.0225615326 -0.3887076493 0.3891102454 0.0174531551 0.9210258434
-0.1285885433 -0.9913864057 0.0248592278 0.9124092331 -0.1280919407 -0.3887182091 0.3885542148 -0.0273029193 0.9210212662
-0.2414832052 -0.9700864181 0.0248636897 0.8916830300 -0.2319295513 -0.3887287707 0.3828671252 -0.0717009393 0.9210166881
-0.3511885599 -0.9359744498 0.0248681463 0.8591801210 -0.3327029451 -0.3887393343 0.3721237901 -0.1151545901 0.9210121092
-0.4562557232 -0.8895010224 0.0248725975 0.8153299029 -0.4290811867 -0.3887498998 0.3564657970 -0.1570899941 0.9210075295
-0.5552970685 -0.8312799158 0.0248770435 0.7607116383 -0.5197914030 -0.3887604671 0.3360996417 -0.1969532913 0.9210029489
-0.6470045524 -0.7620800620 0.0248814841 0.6960468028 -0.6036355934 -0.3887710364 0.3112940049 -0.2342179530 0.9209983675
-0.7301669908 -0.6828153898 0.0248859193 0.6221895554 -0.6795064524 -0.3887816075 0.2823762076 -0.2683917374 0.9209937854
-0.8036860548 -0.5945327542 0.0248903493 0.5401154554 -0.7464019930 -0.3887921805 0.2497278922 -0.2990231914 0.9209892024
-0.8665907760 -0.4983981111 0.0248947739 0.4509085768 -0.8034387797 -0.3888027554 0.2137799856 -0.3257076145 0.9209846186
-0.9180503708 -0.3956811177 0.0248991932 0.3557471891 -0.8498635950 -0.3888133321 0.1750070116 -0.3480924058 0.9209800339
-0.9573852119 -0.2877383644 0.0249036071 0.2558881945 -0.8850633866 -0.3888239108 0.1339208270 -0.3658817232 0.9209754485
-0.9840758047 -0.1759954584 0.0249080157 0.1526505266 -0.9085733625 -0.3888344913 0.0910638641 -0.3788403932 0.9209708623
-0.9977696478 -0.0619281953 0.0249124190 0.0473977299 -0.9200831288 -0.3888450737 0.0470019701 -0.3867970201 0.9209662752
-0.9982858887 0.0529569318 0.0249168169 -0.0584800497 -0.9194407872 -0.3888556579 0.0023169352 -0.3896462527 0.9209616873
-0.9856177124 0.1671426285 0.0249212096 -0.1635844252 -0.9066549399 -0.3888662440 -0.0424011884 -0.3873501796 0.9209570987
-0.9599324311 0.2791208382 0.0249255968 -0.2665272385 -0.8818945746 -0.3888768320 -0.0865618787 -0.3799388332 0.9209525092
-0.9215692746 0.3874126589 0.0249299788 -0.3659488934 -0.8454868305 -0.3888874218 -0.1295819413 -0.3675097974 0.9209479189
-0.8710349100 0.4905878753 0.0249343554 -0.4605363130 -0.7979126766 -0.3888980135 -0.1708932119 -0.3502269223 0.9209433278
-0.8089967502 0.5872838479 0.0249387266 -0.5490402815 -0.7398005574 -0.3889086070 -0.2099500593 -0.3283181647 0.9209387359
-0.7362741391 0.6762235090 0.0249430926 -0.6302919423 -0.6719180914 -0.3889192024 -0.2462365926 -0.3020725812 0.9209341432
-0.6538275306 0.7562322294 0.0249474532 -0.7032182352 -0.5951619314 -0.3889297997 -0.2792734751 -0.2718365145 0.9209295497
-0.5627458037 0.8262533314 0.0249518084 -0.7668560679 -0.5105459209 -0.3889403987 -0.3086242562 -0.2380090230 0.9209249554
-0.4642318818 0.8853620447 0.0249561583 -0.8203650347 -0.4191877022 -0.3889509997 -0.3339011377 -0.2010366142 0.9209203603
-0.3595868451 0.9327777196 0.0249605028 -0.8630385153 -0.3222939543 -0.3889616025 -0.3547700974 -0.1614073508 0.9209157644
-0.2501927480 0.9678741372 0.0249648421 -0.8943130056 -0.2211444551 -0.3889722071 -0.3709553030 -0.1196444083 0.9209111677
-0.1374943651 0.9901877801 0.0249691759 -0.9137755597 -0.1170751775 -0.3889828136 -0.3822427579 -0.0762991677 0.9209065702
-0.0229801111 0.9994239534 0.0249735044 -0.9211692414 -0.0114606445 -0.3889934219 -0.3884831311 -0.0319439362 0.9209019719
0.0918376176 0.9954606773 0.0249778276 -0.9163965168 0.0943042259 -0.3890040320 -0.3895937319 0.0128356093 0.9208973728
0.2054424170 0.9783502981 0.0249821454 -0.8995205407 0.1988225432 -0.3890146440 -0.3855596066 0.0574481557 0.9208927729
0.3163339024 0.9483187961 0.0249864579 -0.8707643207 0.3007138950 -0.3890252578 -0.3764337392 0.1013045619 0.9208881722
0.4230475245 0.9057628021 0.0249907650 -0.8305077707 0.3986325777 -0.3890358734 -0.3623363559 0.1438256387 0.9208835707
0.5241739116 0.8512443580 0.0249950668 -0.7792826913 0.4912853703 -0.3890464909 -0.3434533410 0.1844497980 0.9208789685
0.6183774832 0.7854834945 0.0249993632 -0.7177657446 0.5774486133 -0.3890571102 -0.3200337861 0.2226404700 0.9208743654
0.7044140889 0.7093487214 0.0250036543 -0.6467695158 0.6559843702 -0.3890677313 -0.2923867042 0.2578931901 0.9208697616
0.7811474405 0.6238455572 0.0250079400 -0.5672317798 0.7258554555 -0.3890783542 -0.2608769523 0.2897422622 0.9208651569
0.8475641183 0.5301032487 0.0250122204 -0.4802031139 0.7861391326 -0.3890889789 -0.2259204170 0.3177669112 0.9208605515
0.9027869559 0.4293598576 0.0250164954 -0.3868330217 0.8360392995 -0.3890996055 -0.1879785245 0.3415968419 0.9208559453
0.9460866246 0.3229459089 0.0250207650 -0.2883547496 0.8748970021 -0.3891102339 -0.1475521504 0.3609171313 0.9208513383
0.9768912660 0.2122668186 0.0250250293 -0.1860689983 0.9021991360 -0.3891208640 -0.1051750077 0.3754723914 0.9208467305
0.9947940442 0.0987843325 0.0250292883 -0.0813267427 0.9175852220 -0.3891314960 -0.0614066001 0.3850701442 0.9208421219
0.9995585190 -0.0160027794 0.0250335418 0.0244886111 0.9208521655 -0.3891421298 -0.0168248356 0.3895833676 0.9208375126
0.9911217685 -0.1305785171 0.0250377900 0.1299794979 0.9119569372 -0.3891527654 0.0279816047 0.3889521764 0.9208329024
0.9695952202 -0.2434296728 0.0250420329 0.2337526515 0.8910171400 -0.3891634028 0.0724210393 0.3831846168 0.9208282915
0.9352631792 -0.3530658153 0.0250462704 0.3344375065 0.8583094543 -0.3891740420 0.1159065998 0.3723565640 0.9208236798
0.8885790735 -0.4580389749 0.0250505025 0.4307042995 0.8142659817 -0.3891846830 0.1578639812 0.3566107242 0.9208190674
0.8301594651 -0.5569627663 0.0250547293 0.5212816319 0.7594685369 -0.3891953258 0.1977390267 0.3361547537 0.9208144541
0.7607759077 -0.6485306988 0.0250589507 0.6049732610 0.6946409620 -0.3892059704 0.2350050463 0.3112585205 0.9208098401
0.6813447558 -0.7315334315 0.0250631667 0.6806738986 0.6206395645 -0.3892166168 0.2691697744 0.2822505441 0.9208052253
0.5929150634 -0.8048747444 0.0250673774 0.7473838085 0.5384418066 -0.3892272649 0.2997818714 0.2495136604 0.9208006097
0.4966547280 -0.8675860170 0.0250715827 0.8042220091 0.4491333942 -0.3892379149 0.3264368872 0.2134799693 0.9207959934
0.3938350668 -0.9188390204 0.0250757826 0.8504379079 0.3538939364 -0.3892485666 0.3487826042 0.1746251313 0.9207913762
0.2858140260 -0.9579568556 0.0250799772 0.8854212139 0.2539813647 -0.3892592201 0.3665236917 0.1334620887 0.9207867583
0.1740182466 -0.9844228941 0.0250841664 0.9087099961 0.1507153184 -0.3892698754 0.3794256092 0.0905342939 0.9207821397
0.0599242224 -0.9978876000 0.0250883502 0.9199967834 0.0454597146 -0.3892805324 0.3873177070 0.0464085347 0.9207775202
-0.0549612004 -0.9981731470 0.0250925287 0.9191326239 -0.0603952659 -0.3892911913 0.3900954835 0.0016674505 0.9207729000
-0.1691207233 -0.9852757667 0.0250967017 0.9061290504 -0.1654515400 -0.3893018519 0.3877219686 -0.0430981603 0.9207682790
-0.2810466356 -0.9593657983 0.0251008694 0.8811579270 -0.2683215869 -0.3893125143 0.3802282162 -0.0872971423 0.9207636573
-0.3892607262 -0.9207854389 0.0251050318 0.8445491767 -0.3676467745 -0.3893231784 0.3677128976 -0.1303457892 0.9207590348
-0.4923338064 -0.8700442240 0.0251091887 0.7967864236 -0.4621153025 -0.3893338443 0.3503410028 -0.1716755529 0.9207544115
-0.5889045856 -0.8078122983 0.0251133403 0.7385006028 -0.5504795280 -0.3893445120 0.3283416648 -0.2107405515 0.9207497875
-0.6776976496 -0.7349115645 0.0251174865 0.6704616264 -0.6315724426 -0.3893551814 0.3020051378 -0.2470247804 0.9207451627
-0.7575403052 -0.6523048289 0.0251216273 0.5935682137 -0.7043230853 -0.3893658526 0.2716789679 -0.2800489274 0.9207405371
-0.8273780681 -0.5610830852 0.0251257628 0.5088360198 -0.7677706860 -0.3893765256 0.2377634064 -0.3093767044 0.9207359108
-0.8862885892 -0.4624511056 0.0251298928 0.4173842200 -0.8210773540 -0.3893872003 0.2007061272 -0.3346206117 0.9207312837
-0.9334938365 -0.3577115297 0.0251340175 0.3204207279 -0.8635391426 -0.3893978767 0.1609963181 -0.3554470577 0.9207266558
-0.9683703700 -0.2482476599 0.0251381368 0.2192262405 -0.8945953459 -0.3894085549 0.1191582227 -0.3715807672 0.9207220272
-0.9904575761 -0.1355051925 0.0251422507 0.1151373230 -0.9138359023 -0.3894192349 0.0757442198 -0.3828084200 0.9207173979
-0.9994637506 -0.0209731242 0.0251463593 0.0095287554 -0.9210068094 -0.3894299165 0.0313275301 -0.3889814715 0.9207127678
-0.9952699511 0.0938359136 0.0251504624 -0.0962046252 -0.9160134765 -0.3894406000 -0.0135053520 -0.3900181177 0.9207081369
-0.9779315682 0.2074056316 0.0251545602 -0.2006663470 -0.8989219731 -0.3894512852 -0.0581624029 -0.3859043797 0.9207035053
-0.9476775935 0.3182361087 0.0251586526 -0.3024767474 -0.8699581539 -0.3894619721 -0.1020538875 -0.3766942919 0.9206988729
-0.9049075957 0.4248636013 0.0251627396 -0.4002911948 -0.8295046751 -0.3894726607 -0.1446001471 -0.3625091921 0.9206942397
-0.8501864430 0.5258798752 0.0251668212 -0.4928178472 -0.7780959380 -0.3894833511 -0.1852392547 -0.3435361235 0.9206896059
-0.7842368432 0.6199508043 0.0251708974 -0.5788347141 -0.7164110301 -0.3894940432 -0.2234344368 -0.3200253681 0.9206849712
-0.7079297984 0.7058339901 0.0251749682 -0.6572057946 -0.6452647545 -0.3895047370 -0.2586811630 -0.2922871449 0.9206803358
-0.6222731021 0.7823951704 0.0251790337 -0.7268960808 -0.5655968666 -0.3895154326 -0.2905138107 -0.2606875174 0.9206756997
-0.5283980288 0.8486231996 0.0251830937 -0.7869852261 -0.4784596618 -0.3895261299 -0.3185118162 -0.2256435619 0.9206710628
-0.4275443934 0.9036434027 0.0251871484 -0.8366797002 -0.3850040756 -0.3895368289 -0.3423052308 -0.1876178629 0.9206664252
-0.3210441767 0.9467291271 0.0251911976 -0.8753232676 -0.2864644820 -0.3895475296 -0.3615796093 -0.1471124074 0.9206617868
-0.2103039340 0.9773113399 0.0251952415 -0.9024056539 -0.1841423895 -0.3895582321 -0.3760801658 -0.1046619571 0.9206571477
-0.0967862186 0.9949861427 0.0251992800 -0.9175692839 -0.0793892510 -0.3895689362 -0.3856151412 -0.0608269895 0.9206525079
0.0180097345 0.9995201061 0.0252033130 -0.9206140023 0.0264113861 -0.3895796421 -0.3900583396 -0.0161862970 0.9206478673
0.1325678086 0.9908533525 0.0252073407 -0.9114997159 0.1318621532 -0.3895903497 -0.3893507983 0.0286706550 0.9206432259
0.2453750291 0.9691003468 0.0252113630 -0.8903469216 0.2355703166 -0.3896010590 -0.3835015701 0.0731515117 0.9206385838
0.3549415454 0.9345483850 0.0252153799 -0.8574351134 0.3361661719 -0.3896117699 -0.3725876081 0.1166688516 0.9206339410
0.4598203073 0.8876537992 0.0252193914 -0.8131990890 0.4323211338 -0.3896224826 -0.3567527529 0.1586479436 0.9206292974
0.5586261762 0.8290359313 0.0252233975 -0.7582232062 0.5227652832 -0.3896331970 -0.3362058369 0.1985343377 0.9206246531
0.6500542191 0.7594689531 0.0252273982 -0.6932336633 0.6063041391 -0.3896439131 -0.3112179307 0.2358011880 0.9206200081
0.7328969422 0.6798716414 0.0252313934 -0.6190889061 0.6818344336 -0.3896546309 -0.2821187664 0.2699562118 0.9206153623
0.8060602392 0.5912952445 0.0252353833 -0.5367682895 0.7483586828 -0.3896653504 -0.2492923869 0.3005481920 0.9206107158
0.8685778404 0.4949095973 0.0252393678 -0.4473591406 0.8049983594 -0.3896760716 -0.2131720774 0.3271729388 0.9206060686
0.9196240746 0.3919876719 0.0252433469 -0.3520423973 0.8510054951 -0.3896867945 -0.1742346462 0.3494786294 0.9206014206
0.9585247738 0.2838887649 0.0252473206 -0.2520770103 0.8857725580 -0.3896975190 -0.1329941311 0.3671704572 0.9205967719
0.9847661769 0.1720405455 0.0252512888 -0.1487833143 0.9088404750 -0.3897082453 -0.0899950124 0.3800145283 0.9205921225
0.9980017148 0.0579201998 0.0252552517 -0.0435255895 0.9199046934 -0.3897189732 -0.0458050254 0.3878409538 0.9205874723
0.9980565877 -0.0569650781 0.0252592091 0.0623059578 0.9188192022 -0.3897297028 -0.0010076634 0.3905460965 0.9205828214
0.9849300736 -0.1710979921 0.0252631612 0.1673135563 0.9055984585 -0.3897404341 0.0438055259 0.3880939437 0.9205781698
0.9587955376 -0.2829711828 0.0252671078 0.2701103307 0.8804171949 -0.3897511670 0.0880427526 0.3805165866 0.9205735175
0.9199981427 -0.3911071355 0.0252710490 0.3693386193 0.8436081106 -0.3897619017 0.1311197990 0.3679138000 0.9205688644
0.8690502907 -0.4940776937 0.0252749848 0.4636879042 0.7956574754 -0.3897726380 0.1724677354 0.3504517291 0.9205642106
0.8066248550 -0.5905229206 0.0252789152 0.5519121199 0.7371987057 -0.3897833759 0.2115404340 0.3283606988 0.9205595561
0.7335462940 -0.6791690604 0.0252828402 0.6328461100 0.6690039974 -0.3897941156 0.2478217820 0.3019321760 0.9205549008
0.6507797622 -0.7588453603 0.0252867598 0.7054210149 0.5919741255 -0.3898048569 0.2808324995 0.2715149238 0.9205502449
0.5594183637 -0.8284995330 0.0252906740 0.7686783880 0.5071265463 -0.3898155998 0.3101364703 0.2375103995 0.9205455882
0.4606687151 -0.8872116540 0.0252945827 0.8217828530 0.4155819579 -0.3898263444 0.3353465036 0.2003674555 0.9205409308
0.3558350096 -0.9342063116 0.0252984860 0.8640331361 0.3185494975 -0.3898370907 0.3561294506 0.1605764151 0.9205362727
0.2463017929 -0.9688628469 0.0253023839 0.8948713267 0.2173107712 -0.3898478387 0.3722106063 0.1186625995 0.9205316138
0.1335156769 -0.9907235520 0.0253062764 0.9138902443 0.1132029264 -0.3898585882 0.3833773407 0.0751793925 0.9205269543
0.0189662345 -0.9994997136 0.0253101635 0.9208388149 0.0076009908 -0.3898693395 0.3894819108 0.0307009343 0.9205222940
-0.0958336733 -0.9950754274 0.0253140452 0.9156253857 -0.0981002884 -0.3898800924 0.3904434147 -0.0141854590 0.9205176330
-0.2093678781 -0.9775091276 0.0253179214 0.8983189338 -0.2025048659 -0.3898908469 0.3862488639 -0.0588870511 0.9205129713
-0.3201369277 -0.9470328159 0.0253217922 0.8691481534 -0.3042338366 -0.3899016031 0.3769533591 -0.1028135123 0.9205083089
-0.4266778900 -0.9040489972 0.0253256576 0.8284984343 -0.4019436467 -0.3899123609 0.3626793660 -0.1453847157 0.9205036458
-0.5275836736 -0.8491253635 0.0253295176 0.7769067697 -0.4943438392 -0.3899231203 0.3436151023 -0.1860383985 0.9204989820
-0.6215216116 -0.7829872965 0.0253333721 0.7150546628 -0.5802140962 -0.3899338814 0.3200120553 -0.2242375885 0.9204943174
-0.7072510622 -0.7065082875 0.0253372213 0.6437591240 -0.6584203557 -0.3899446441 0.2921816650 -0.2594776964 0.9204896522
-0.7836397934 -0.6206984007 0.0253410650 0.5639618794 -0.7279297892 -0.3899554085 0.2604912145 -0.2912931811 0.9204849862
-0.8496789370 -0.5266909339 0.0253449032 0.4767169315 -0.7878244411 -0.3899661745 0.2253589829 -0.3192637001 0.9204803195
-0.9044963128 -0.4257274501 0.0253487361 0.3831766374 -0.8373133519 -0.3899769421 0.1872487243 -0.3430196627 0.9204756522
-0.9473679467 -0.3191413809 0.0253525635 0.2845764880 -0.8757430031 -0.3899877113 0.1466635468 -0.3622471139 0.9204709841
-0.9777276334 -0.2083404152 0.0253563855 0.1822187897 -0.9026059475 -0.3899984822 0.1041392701 -0.3766918831 0.9204663153
-0.9951744132 -0.0947879082 0.0253602021 0.0774554636 -0.9175475096 -0.3900092547 0.0602373517 -0.3861629449 0.9204616458
-0.9994778681 0.0200164458 0.0253640132 -0.0283298107 -0.9203704683 -0.3900200288 0.0155374739 -0.3905349446 0.9204569756
-0.9905811647 0.1345564192 0.0253678189 -0.1337398700 -0.9110376604 -0.3900308045 -0.0293701101 -0.3897498574 0.9204523047
-0.9686018048 0.2473192766 0.0253716192 -0.2373825208 -0.8896724696 -0.3900415818 -0.0738923708 -0.3838177590 0.9204476332
-0.9338300737 0.3568157534 0.0253754140 -0.3378889265 -0.8565571955 -0.3900523608 -0.1174413335 -0.3728166962 0.9204429609
-0.8867252058 0.4615997243 0.0253792034 -0.4339316860 -0.8121293233 -0.3900631413 -0.1594418432 -0.3568916598 0.9204382879
-0.8279093200 0.5602873029 0.0253829874 -0.5242423646 -0.7569757443 -0.3900739235 -0.1993391608 -0.3362526741 0.9204336142
-0.7581592032 0.6515751183 0.0253867659 -0.6076282467 -0.6918250031 -0.3900847072 -0.2366062898 -0.3111720269 0.9204289398
-0.6783960509 0.7342575288 0.0253905390 -0.6829880875 -0.6175376741 -0.3900954926 -0.2707509380 -0.2819806773 0.9204242648
-0.5896733013 0.8072425453 0.0253943067 -0.7493266566 -0.5350949938 -0.3901062796 -0.3013220197 -0.2490638886 0.9204195890
-0.4931627221 0.8695662526 0.0253980689 -0.8057678813 -0.4455859003 -0.3901170681 -0.3279156156 -0.2128561434 0.9204149126
-0.3901389352 0.9204055402 0.0254018257 -0.8515664167 -0.3501926500 -0.3901278583 -0.3501803095 -0.1738354089 0.9204102354
-0.2819625824 0.9590889733 0.0254055770 -0.8861174877 -0.2501752020 -0.3901386500 -0.3678218319 -0.1325168273 0.9204055576
-0.1700623555 0.9851056601 0.0254093229 -0.9089648757 -0.1468545766 -0.3901494433 -0.3806069496 -0.0894459154 0.9204008791
-0.0559161274 0.9981119992 0.0254130634 -0.9198069420 -0.0415954075 -0.3901602383 -0.3883665487 -0.0451913618 0.9203961998
0.0589685661 0.9979362177 0.0254167984 -0.9185006108 0.0642120823 -0.3901710348 -0.3909978723 -0.0003375184 0.9203915199
0.1730744367 0.9845806397 0.0254205280 -0.9050632569 0.1691704416 -0.3901818329 -0.3884658806 0.0445233151 0.9203868393
0.2848944824 0.9582216556 0.0254242522 -0.8796724744 0.2718934483 -0.3901926326 -0.3808037180 0.0887987133 0.9203821581
0.3929518903 0.9192073924 0.0254279709 -0.8426637301 0.3710244173 -0.3902034338 -0.3681122790 0.1319039481 0.9203774761
0.4958195413 0.8680531159 0.0254316841 -0.7945259306 0.4652541189 -0.3902142366 -0.3505588798 0.1732697113 0.9203727935
0.5921388578 0.8054344256 0.0254353919 -0.7358949640 0.5533380697 -0.3902250410 -0.3283750525 0.2123496333 0.9203681101
0.6806377469 0.7321783321 0.0254390943 -0.6675452999 0.6341129681 -0.3902358470 -0.3018534912 0.2486274998 0.9203634261
0.7601474005 0.6492523345 0.0254427912 -0.5903797591 0.7065120584 -0.3902466546 -0.2713441903 0.2816240711 0.9203587415
0.8296177322 0.5577516427 0.0254464827 -0.5054175884 0.7695792184 -0.3902574637 -0.2372498257 0.3109034121 0.9203540561
0.8881312456 0.4588847127 0.0254501687 -0.4137809979 0.8224815863 -0.3902682744 -0.2000204401 0.3360786524 0.9203493700
0.9349151516 0.3539572867 0.0254538493 -0.3166803383 0.8645205595 -0.3902790866 -0.1601475026 0.3568170978 0.9203446833
0.9693515751 0.2443551479 0.0254575244 -0.2153981146 0.8951410201 -0.3902899004 -0.1181574207 0.3728446270 0.9203399959
0.9909857147 0.1315258183 0.0254611941 -0.1112720464 0.9139386648 -0.3903007158 -0.0746045907 0.3839493146 0.9203353078
0.9995318496 0.0169594414 0.0254648583 -0.0056774000 0.9206653434 -0.3903115327 -0.0300640781 0.3899842340 0.9203306191
0.9948771130 -0.0978308982 0.0254685171 0.0999911763 0.9152323349 -0.3903223512 0.0148759759 0.3908694009 0.9203259297
0.9770829828 -0.2113291585 0.0254721704 0.2043380717 0.8977115171 -0.3903331712 0.0596221199 0.3865928334 0.9203212396
0.9463844695 -0.3220363623 0.0254758182 0.3059851451 0.8683344162 -0.3903439928 0.1035834297 0.3772107144 0.9203165488
0.9031870123 -0.4284903942 0.0254794606 0.4035899276 0.8274891468 -0.3903548159 0.1461793118 0.3628466536 0.9203118574
0.8480611247 -0.5292853111 0.0254830976 0.4958633515 0.7757152849 -0.3903656405 0.1868471712 0.3436900583 0.9203071653
0.7817348594 -0.6230899102 0.0254867291 0.5815867761 0.7136967396 -0.3903764667 0.2250498422 0.3199936370 0.9203024725
0.7050841930 -0.7086653107 0.0254903551 0.6596280811 0.6422527189 -0.3903872945 0.2602826834 0.2920700645 0.9202977790
0.6191214568 -0.7848813152 0.0254939757 0.7289566191 0.5623269088 -0.3903981238 0.2920802443 0.2602878575 0.9202930849
0.5249819669 -0.8507313367 0.0254975908 0.7886568261 0.4749750086 -0.3904089546 0.3200224134 0.2250665099 0.9202883902
0.4239090300 -0.9053456926 0.0255012005 0.8379403127 0.3813507864 -0.3904197869 0.3437399695 0.1868709571 0.9202836947
0.3172375228 -0.9480030902 0.0255048047 0.8761562757 0.2826908399 -0.3904306208 0.3629194604 0.1462054377 0.9202789986
0.2063762628 -0.9781401533 0.0255084034 0.9028000917 0.1802982632 -0.3904414562 0.3773073450 0.1036068375 0.9202743018
0.0927894010 -0.9953588625 0.0255119967 0.9175199809 0.0755254357 -0.3904522931 0.3867133457 0.0596376011 0.9202696044
-0.0220229144 -0.9994318117 0.0255155845 0.9201216512 -0.0302438396 -0.3904631316 0.3910129642 0.0148783056 0.9202649063
-0.1365443509 -0.9903052117 0.0255191669 0.9105708630 -0.1356126134 -0.3904739716 0.3901491300 -0.0300800052 0.9202602076
-0.2492624179 -0.9680996005 0.0255227438 0.8889938797 -0.2391892401 -0.3904848131 0.3841329572 -0.0746436257 0.9202555082
-0.3586884425 -0.9331082512 0.0255263152 0.8556757984 -0.3396057576 -0.3904956561 0.3730436024 -0.1182240285 0.9202508081
-0.4633772299 -0.8857932987 0.0255298811 0.8110567830 -0.4355359546 -0.3905065006 0.3570272225 -0.1602456372 0.9202461074
-0.5619461509 -0.8267796362 0.0255334416 0.7557262490 -0.5257128860 -0.3905173466 0.3362950491 -0.2001534277 0.9202414060
-0.6530934015 -0.7568466626 0.0255369967 0.6904150778 -0.6089456050 -0.3905281942 0.3111206023 -0.2374202592 0.9202367040
-0.7356151968 -0.6769179881 0.0255405462 0.6159859616 -0.6841348923 -0.3905390432 0.2818360823 -0.2715538372 0.9202320013
-0.8084216687 -0.5880492369 0.0255440903 0.5334220085 -0.7502877723 -0.3905498938 0.2488279856 -0.3021032169 0.9202272980
-0.8705512600 -0.4914141048 0.0255476289 0.4438137569 -0.8065306274 -0.3905607459 0.2125320045 -0.3286647602 0.9202225940
-0.9211834239 -0.3882888584 0.0255511621 0.3483447711 -0.8521207345 -0.3905715994 0.1734272755 -0.3508874695 0.9202178893
-0.9596494610 -0.2800354794 0.0255546898 0.2482760088 -0.8864560732 -0.3905824545 0.1320300548 -0.3684776256 0.9202131840
-0.9854413506 -0.1680836768 0.0255582120 0.1449291658 -0.9090832758 -0.3905933110 0.0888869029 -0.3812026696 0.9202084781
-0.9982184600 -0.0539120046 0.0255617287 0.0396692199 -0.9197036132 -0.3906041691 0.0445674680 -0.3888942783 0.9202037715
-0.9978120437 0.0609716658 0.0255652400 -0.0661135981 -0.9181769391 -0.3906150286 -0.0003430352 -0.3914505900 0.9201990643
-0.9842274716 0.1750500594 0.0255687458 -0.1710221653 -0.9045235394 -0.3906258897 -0.0452515528 -0.3888375540 0.9201943564
-0.9576441584 0.2868165373 0.0255722461 -0.2736709199 -0.8789238621 -0.3906367522 -0.0895650233 -0.3810893839 0.9201896479
-0.9184131936 0.3947949940 0.0255757409 -0.3727041602 -0.8417161332 -0.3906476162 -0.1326982095 -0.3683081098 0.9201849387
-0.8670527048 0.4975593533 0.0255792303 -0.4668139497 -0.7933918875 -0.3906584816 -0.1740814277 -0.3506622347 0.9201802289
-0.8042410149 0.5937524019 0.0255827142 -0.5547573914 -0.7345894750 -0.3906693486 -0.2131680715 -0.3283845132 0.9201755185
-0.7308076832 0.6821037142 0.0255861926 -0.6353730421 -0.6660856291 -0.3906802170 -0.2494418319 -0.3017688813 0.9201708074
-0.6477225494 0.7614464315 0.0255896655 -0.7075962519 -0.5887852060 -0.3906910869 -0.2824235175 -0.2711665783 0.9201660957
-0.5560829250 0.8307326719 0.0255931329 -0.7704732238 -0.5037092327 -0.3907019583 -0.3116773844 -0.2369815114 0.9201613833
-0.4570991007 0.8890473702 0.0255965949 -0.8231736101 -0.4119814209 -0.3907128312 -0.3368168935 -0.1996649252 0.9201566703
-0.3520783624 0.9356203632 0.0256000514 -0.8650014779 -0.3148133243 -0.3907237055 -0.3575098180 -0.1597094447 0.9201519566
-0.2424077255 0.9698365611 0.0256035024 -0.8954044992 -0.2134883366 -0.3907345813 -0.3734826335 -0.1176425724 0.9201472424
-0.1295356166 0.9912440710 0.0256069480 -0.9139812440 -0.1093447401 -0.3907454585 -0.3845241340 -0.0740197240 0.9201425275
-0.0149527440 0.9995601650 0.0256103880 -0.9204864812 -0.0037580302 -0.3907563372 -0.3904882243 -0.0294168954 0.9201378119
0.0998275899 0.9946750145 0.0256138226 -0.9148344153 0.1018772519 -0.3907672174 -0.3912958535 0.0155769432 0.9201330957
0.2132894754 0.9766531401 0.0256172516 -0.8970998180 0.2061659377 -0.3907780990 -0.3869360622 0.0603676240 0.9201283789
0.3239344157 0.9457325601 0.0256206752 -0.8675170394 0.3077306579 -0.3907889821 -0.3774661318 0.1043636283 0.9201236615
0.4303011179 0.9023216465 0.0256240933 -0.8264769109 0.4052300334 -0.3907998666 -0.3630108313 0.1469838980 0.9201189434
0.5309847921 0.8469937317 0.0256275060 -0.7745215818 0.4973763916 -0.3908107526 -0.3437607742 0.1876655098 0.9201142247
0.6246557049 0.7804795363 0.0256309131 -0.7123373574 0.5829527725 -0.3908216400 -0.3199699043 0.2258711102 0.9201095054
0.7100767409 0.7036575189 0.0256343147 -0.6407456331 0.6608290006 -0.3908325289 -0.2919521462 0.2610960132 0.9201047855
0.7861197417 0.6175422735 0.0256377109 -0.5606920447 0.7299766110 -0.3908434192 -0.2600772630 0.2928748672 0.9201000649
0.8517804049 0.5232711303 0.0256411016 -0.4732339779 0.7894824316 -0.3908543110 -0.2247659763 0.3207878028 0.9200953437
0.9061915486 0.4220891346 0.0256444867 -0.3795266011 0.8385606425 -0.3908652042 -0.1864844131 0.3444659798 0.9200906219
0.9486345641 0.3153326035 0.0256478664 -0.2808076086 0.8765631537 -0.3908760988 -0.1457379525 0.3635964615 0.9200858994
0.9785489063 0.2044114768 0.0256512406 -0.1783808723 0.9029881625 -0.3908869948 -0.1030645545 0.3779263506 0.9200811764
0.9955394972 0.0907906965 0.0256546093 -0.0735992207 0.9174867805 -0.3908978923 -0.0590276568 0.3872661319 0.9200764527
0.9993819434 -0.0240291415 0.0256579725 0.0321534293 0.9198676393 -0.3909087912 -0.0142087360 0.3914921793 0.9200717284
0.9900254999 -0.1385316055 0.0256613303 0.1374803504 0.9100994165 -0.3909196916 0.0308003708 0.3905483918 0.9200670035
0.9675937399 -0.2512044556 0.0256646825 0.2409904523 0.8883112479 -0.3909305934 0.0754052808 0.3844469383 0.9200622779
0.9323829232 -0.3605596161 0.0256680292 0.3413166541 0.8547910200 -0.3909414965 0.1190169150 0.3732681012 0.9200575518
0.8848580831 -0.4651528281 0.0256713704 0.4371339402 0.8099815667 -0.3909524011 0.1610592782 0.3571592196 0.9200528250
0.8256468847 -0.5636027247 0.0256747062 0.5271768591 0.7544748184 -0.3909633072 0.2009770659 0.3363327475 0.9200480976
0.7555313354 -0.6546090740 0.0256780364 0.6102562369 0.6890039832 -0.3909742146 0.2382429992 0.3110634523 0.9200433696
0.6754374566 -0.7369699518 0.0256813611 0.6852748817 0.6144338612 -0.3909851234 0.2723647897 0.2816847891 0.9200386410
0.5864230543 -0.8095976152 0.0256846804 0.7512420744 0.5317494215 -0.3909960337 0.3028916425 0.2485845009 0.9200339118
0.4896637476 -0.8715328687 0.0256879941 0.8072866518 0.4420427926 -0.3910069454 0.3294202121 0.2121995010 0.9200291819
0.3864374430 -0.9219577320 0.0256913024 0.8526685117 0.3464988364 -0.3910178584 0.3515999316 0.1730101059 0.9200244515
0.2781074567 -0.9602062434 0.0256946051 0.8867883859 0.2463794986 -0.3910287729 0.3691376451 0.1315336949 0.9200197205
0.1661045094 -0.9857732547 0.0256979024 0.9091957542 0.1430071412 -0.3910396888 0.3818014832 0.0883178794 0.9200149888
0.0519078304 -0.9983211035 0.0257011941 0.9195947921 0.0377470764 -0.3910506060 0.3894239276 0.0439332728 0.9200102565
-0.0629743787 -0.9976840719 0.0257044803 0.9178482775 -0.0680104656 -0.3910615247 0.3919040280 -0.0010340436 0.9200055237
-0.1770248624 -0.9838705754 0.0257077611 0.9039794002 -0.1728686986 -0.3910724448 0.3892087384 -0.0459902593 0.9200007902
-0.2887373504 -0.9570630518 0.0257110363 0.8781714550 -0.2754427278 -0.3910833662 0.3813733579 -0.0903416768 0.9199960561
-0.3966364504 -0.9176155517 0.0257143060 0.8407654185 -0.3743778413 -0.3910942890 0.3685010682 -0.1335025513 0.9199913215
-0.4992971341 -0.8660490624 0.0257175702 0.7922554446 -0.4683674013 -0.3911052133 0.3507615748 -0.1749028271 0.9199865862
-0.5953635576 -0.8030446272 0.0257208289 0.7332823361 -0.5561701012 -0.3911161389 0.3283888700 -0.2139956663 0.9199818503
-0.6835669677 -0.7294343509 0.0257240821 0.6646250799 -0.6366263595 -0.3911270658 0.3016781462 -0.2502646722 0.9199771138
-0.7627424589 -0.6461904099 0.0257273298 0.5871905574 -0.7086736335 -0.3911379942 0.2709819011 -0.2832307103 0.9199723767
-0.8318443579 -0.5544122129 0.0257305720 0.5020015654 -0.7713604524 -0.3911489240 0.2367052862 -0.3124582381 0.9199676391
-0.8899600341 -0.4553118807 0.0257338087 0.4101833068 -0.8238589822 -0.3911598551 0.1993007587 -0.3375610592 0.9199629008
-0.9363219527 -0.3501982376 0.0257370399 0.3129485282 -0.8654759579 -0.3911707876 0.1592621096 -0.3582074269 0.9199581619
-0.9703178114 -0.2404595260 0.0257402655 0.2115815018 -0.8956618385 -0.3911817214 0.1171179448 -0.3741244277 0.9199534225
-0.9914986272 -0.1275450713 0.0257434857 0.1074210630 -0.9140180636 -0.3911926566 0.0734247062 -0.3851015894 0.9199486824
-0.9995846662 -0.0129461411 0.0257467003 0.0018429274 -0.9203023157 -0.3912035932 0.0287593248 -0.3909936639 0.9199439418
-0.9944691378 0.1018237504 0.0257499094 -0.1037584797 -0.9144317189 -0.3912145312 -0.0162883968 -0.3917225490 0.9199392006
-0.9762196053 0.2152488314 0.0257531130 -0.2079884397 -0.8964839319 -0.3912254705 -0.0611235733 -0.3872783242 0.9199344587
-0.9450770934 0.3258310912 0.0257563111 -0.3094703613 -0.8666961209 -0.3912364112 -0.1051540918 -0.3777193852 0.9199297163
-0.9014529050 0.4321100648 0.0257595037 -0.4068639620 -0.8254618253 -0.3912473532 -0.1477984322 -0.3631716768 0.9199249733
-0.8459231890 0.5326821210 0.0257626908 -0.4988829687 -0.7733257586 -0.3912582966 -0.1884933469 -0.3438270336 0.9199202298
-0.7792213312 0.6262190006 0.0257658723 -0.5843121060 -0.7109766125 -0.3912692413 -0.2267013007 -0.3199406502 0.9199154856
-0.7022282684 0.7114853584 0.0257690484 -0.6620231456 -0.6392379601 -0.3912801874 -0.2619175705 -0.2918277149 0.9199107408
-0.6159608535 0.7873550785 0.0257722189 -0.7309898068 -0.5590573764 -0.3912911348 -0.2936769131 -0.2598592507 0.9199059955
-0.5215584262 0.8528261474 0.0257753839 -0.7903013096 -0.4714939230 -0.3913020836 -0.3215597116 -0.2244572185 0.9199012496
-0.4202677655 0.9070338869 0.0257785433 -0.8391744027 -0.3777041586 -0.3913130337 -0.3451975189 -0.1860889480 0.9198965031
-0.3134266235 0.9492623746 0.0257816973 -0.8769637069 -0.2789268638 -0.3913239852 -0.3642779274 -0.1452609682 0.9198917560
-0.2024460574 0.9789538986 0.0257848457 -0.9031702374 -0.1764666783 -0.3913349380 -0.3785486971 -0.1025123206 0.9198870083
-0.0887917940 0.9957163235 0.0257879887 -0.9174479925 -0.0716768703 -0.3913458921 -0.3878210906 -0.0584074423 0.9198822601
0.0260351287 0.9993282693 0.0257911261 -0.9196085221 0.0340585381 -0.3913568475 -0.3919723692 -0.0135287134 0.9198775113
0.1405181854 0.9897420350 0.0257942579 -0.9096234145 0.1393430498 -0.3913678043 -0.3909474176 0.0315312327 0.9198727619
0.2531453927 0.9670842286 0.0257973843 -0.8876246706 0.2427861372 -0.3913787624 -0.3847594758 0.0761773358 0.9198680119
0.3624292777 0.9316540949 0.0258005051 -0.8539029586 0.3430216072 -0.3913897219 -0.3734899678 0.1198199665 0.9198632613
0.4669265229 0.8839195638 0.0258036204 -0.8089037730 0.4387256450 -0.3914006826 -0.3572874307 0.1618827139 0.9198585102
0.5652570289 0.8245110696 0.0258067302 -0.7532215502 0.5286342978 -0.3914116447 -0.3363655565 0.2018099981 0.9198537585
0.6561221406 0.7542132252 0.0258098344 -0.6875918148 0.6115601672 -0.3914226081 -0.3110003743 0.2390744086 0.9198490063
0.7383217991 0.6739544595 0.0258129332 -0.6128814647 0.6864080916 -0.3914335728 -0.2815266082 0.2731836714 0.9198442534
0.8107703907 0.5847947557 0.0258160264 -0.5300773202 0.7521896088 -0.3914445389 -0.2483332603 0.3036871516 0.9198395000
0.8725110848 0.4879116521 0.0258191140 -0.4402730888 0.8080360103 -0.3914555062 -0.2118584766 0.3301818073 0.9198347460
0.9227284706 0.3845846899 0.0258221962 -0.3446549200 0.8532098131 -0.3914664749 -0.1725837640 0.3523175147 0.9198299915
0.9607593265 0.2761785146 0.0258252728 -0.2444857378 0.8871144989 -0.3914774448 -0.1310276331 0.3698016953 0.9198252364
0.9861013788 0.1641248528 0.0258283439 -0.1410885601 0.9093023910 -0.3914884161 -0.0877387535 0.3824031830 0.9198204807
0.9984199360 0.0499036037 0.0258314094 -0.0358290249 0.9194805651 -0.3914993886 -0.0432887093 0.3899552803 0.9198157245
0.9975523083 -0.0649767068 0.0258344695 0.0699026474 0.9175147170 -0.3915103625 0.0017355481 0.3923579636 0.9198109677
0.9835099566 -0.1789988483 0.0258375240 0.1747100144 0.9034309343 -0.3915213377 0.0467394501 0.3895792080 0.9198062103
0.9564783410 -0.2906569249 0.0258405729 0.2772088562 0.8774153504 -0.3915323141 0.0911286631 0.3816554139 0.9198014524
0.9168144716 -0.3984762630 0.0258436164 0.3760454563 0.8398116845 -0.3915432919 0.1343169368 0.3686909307 0.9197966939
0.8650421931 -0.5010328878 0.0258466543 0.4699144807 0.7911167005 -0.3915542709 0.1757338473 0.3508566823 0.9197919348
0.8018452665 -0.5969723296 0.0258496866 0.5575762174 0.7319736442 -0.3915652512 0.2148323309 0.3283879137 0.9197871752
0.7280583386 -0.6850275124 0.0258527135 0.6378729492 0.6631637464 -0.3915762328 0.2510959104 0.3015810881 0.9197824151
0.6446559188 -0.7640354882 0.0258557347 0.7097442430 0.5855959033 -0.3915872157 0.2840455172 0.2707899752 0.9197776544
0.5527395087 -0.8329527961 0.0258587505 0.7722409543 0.5002946715 -0.3915981999 0.3132458205 0.2364209828 0.9197728931
0.4535230541 -0.8908692433 0.0258617607 0.8245377621 0.4083867344 -0.3916091853 0.3383109786 0.1989277921 0.9197681313
0.3483169131 -0.9370199261 0.0258647654 0.8659440676 0.3110860212 -0.3916201721 0.3589097377 0.1588053696 0.9197633689
0.2385105493 -0.9707953320 0.0258677645 0.8959131140 0.2096776731 -0.3916311601 0.3747698094 0.1165834326 0.9197586059
0.1255541817 -0.9917493894 0.0258707582 0.9140492062 0.1055010690 -0.3916421493 0.3856814698 0.0728194555 0.9197538425
0.0109396312 -0.9996053590 0.0258737462 0.9201129351 -0.0000678646 -0.3916531399 0.3915003334 0.0280913095 0.9197490784
-0.1038193818 -0.9942594887 0.0258767288 0.9140243385 -0.1056348262 -0.3916641317 0.3921492631 -0.0170103681 0.9197443138
-0.2172072292 -0.9757823837 0.0258797057 0.8958639550 -0.2098055548 -0.3916751248 0.3876193929 -0.0618899730 0.9197395487
-0.3277263921 -0.9444180742 0.0258826772 0.8658717587 -0.3112042441 -0.3916861191 0.3779702493 -0.1059547994 0.9197347830
-0.4339172389 -0.9005807922 0.0258856431 0.8244439886 -0.4084917134 -0.3916971147 0.3633289686 -0.1486228677 0.9197300168
-0.5343773024 -0.8448495008 0.0258886035 0.7721279132 -0.5003830942 -0.3917081115 0.3438886220 -0.1893306106 0.9197252500
-0.6277798023 -0.7779602477 0.0258915583 0.7096146012 -0.5856647991 -0.3917191097 0.3199056699 -0.2275403174 0.9197204827
-0.7128911682 -0.7007964446 0.0258945076 0.6377297927 -0.6632105496 -0.3917301090 0.2916965782 -0.2627472361 0.9197157149
-0.7885873313 -0.6143771992 0.0258974513 0.5574229922 -0.7319962505 -0.3917411096 0.2596336430 -0.2944862414 0.9197109465
-0.8538685701 -0.5198438562 0.0259003895 0.4697549267 -0.7911135140 -0.3917521115 0.2241400764 -0.3223379797 0.9197061775
-0.9078727135 -0.4184449236 0.0259033221 0.3758835350 -0.8397816563 -0.3917631146 0.1856844213 -0.3459344096 0.9197014080
-0.9498865277 -0.3115195831 0.0259062492 0.2770486736 -0.8773580069 -0.3917741189 0.1447743654 -0.3649636655 0.9196966380
-0.9793551362 -0.2004800041 0.0259091708 0.1745557408 -0.9033463951 -0.3917851245 0.1019500394 -0.3791741795 0.9196918675
-0.9958893474 -0.0867926923 0.0259120868 0.0697584346 -0.9174037019 -0.3917961313 0.0577768854 -0.3883780069 0.9196870964
-0.9992707952 0.0280408776 0.0259149972 -0.0359591260 -0.9193443896 -0.3918071394 0.0128381912 -0.3924533124 0.9196823247
-0.9894548225 0.1425040929 0.0259179021 -0.1412006823 -0.9091429512 -0.3918181487 -0.0322726118 -0.3913459822 0.9196775526
-0.9665710716 0.2550852321 0.0259208015 -0.2445762765 -0.8869342450 -0.3918291592 -0.0769597856 -0.3850703434 0.9196727799
-0.9309217711 0.3642974309 0.0259236953 -0.3447206097 -0.8530117125 -0.3918401710 -0.1206331519 -0.3737089780 0.9196680066
-0.8829777452 0.4686983186 0.0259265835 -0.4403110735 -0.8078235006 -0.3918511839 -0.1627158876 -0.3574116367 0.9196632329
-0.8233721948 0.5669090682 0.0259294662 -0.5300852176 -0.7519665416 -0.3918621981 -0.2026521426 -0.3363932649 0.9196584586
-0.7528923352 0.6576326065 0.0259323434 -0.6128574229 -0.6861786674 -0.3918732136 -0.2399143820 -0.3109311680 0.9196536838
-0.6724689992 0.7396707441 0.0259352150 -0.6875345596 -0.6113288636 -0.3918842302 -0.2740103547 -0.2813613527 0.9196489084
-0.5831643432 0.8119400007 0.0259380810 -0.7531304235 -0.5284057907 -0.3918952481 -0.3044895958 -0.2480740929 0.9196441325
-0.4861578197 0.8734859140 0.0259409415 -0.8087787604 -0.4385047258 -0.3919062672 -0.3309493785 -0.2115087789 0.9196393561
-0.3827305997 0.9234956456 0.0259437965 -0.8537447051 -0.3428130952 -0.3919172874 -0.3530400352 -0.1721481173 0.9196345792
-0.2742486529 0.9613087163 0.0259466459 -0.8874344865 -0.2425947913 -0.3919283089 -0.3704695784 -0.1305117591 0.9196298017
-0.1621447063 0.9864257287 0.0259494897 -0.9094032676 -0.1391734787 -0.3919393317 -0.3830075601 -0.0871494386 0.9196250237
-0.0478993231 0.9985149631 0.0259523280 -0.9193610194 -0.0339151116 -0.3919503556 -0.3904881187 -0.0426337154 0.9196202452
0.0669786520 0.9974167583 0.0259551607 -0.9171763497 0.0717901074 -0.3919613807 -0.3928121735 0.0024475854 0.9196154662
0.1809720197 0.9831456204 0.0259579878 -0.9028782371 0.1765460879 -0.3919724070 -0.3899487365 0.0474991359 0.9196106867
0.2925752641 0.9558900309 0.0259608094 -0.8766556460 0.2789692912 -0.3919834345 -0.3819353260 0.0919259667 0.9196059066
0.4003144358 0.9160099577 0.0259636255 -0.8388550298 0.3777070025 -0.3919944632 -0.3688774748 0.1351413246 0.9196011260
0.5027666188 0.8640321008 0.0259664360 -0.7899757534 0.4714551967 -0.3920054931 -0.3509473409 0.1765744215 0.9195963449
0.5985787228 0.8006429361 0.0259692409 -0.7306634960 0.5589757601 -0.3920165242 -0.3283814371 0.2156779741 0.9195915633
0.6864853535 0.7266796492 0.0259720403 -0.6617017223 0.6391128426 -0.3920275565 -0.3014775117 0.2519354320 0.9195867811
0.7653255249 0.6431190784 0.0259748341 -0.5840013335 0.7108081221 -0.3920385900 -0.2705906197 0.2848678019 0.9195819985
0.8340579921 0.5510648138 0.0259776223 -0.4985886351 0.7731147811 -0.3920496246 -0.2361284372 0.3140399755 0.9195772153
0.8917750035 0.4517326219 0.0259804050 -0.4065917812 0.8252100108 -0.3920606605 -0.1985458804 0.3390664777 0.9195724317
0.9377142893 0.3464343891 0.0259831821 -0.3092258736 0.8664058767 -0.3920716975 -0.1583391007 0.3596165610 0.9195676475
0.9712691287 0.2365607951 0.0259859537 -0.2077769122 0.8961584029 -0.3920827357 -0.1160389344 0.3754185759 0.9195628628
0.9919963632 0.1235629467 0.0259887197 -0.1035848103 0.9140747555 -0.3920937751 -0.0722038948 0.3862635623 0.9195580776
0.9996222490 0.0089332126 0.0259914801 0.0019743034 0.9199184288 -0.3921048156 -0.0274127972 0.3920080127 0.9195532918
0.9940460725 -0.1058144864 0.0259942349 0.1075062597 0.9136123678 -0.3921158573 0.0177428835 0.3925757709 0.9195485056
0.9753414805 -0.2191646717 0.0259969842 0.2116172623 0.8952399837 -0.3921269002 0.0626668236 0.3879590420 0.9195437189
0.9437555073 -0.3296203219 0.0259997280 0.3129322967 0.8650440511 -0.3921379442 0.1067657254 0.3782184991 0.9195389317
