1959
36349
0.9161751652 0.4005602596 0.0132115521 -0.3586855022 0.8342125348 -0.4188486090 -0.1787953499 0.3789999013 0.9079599648
0.9560824846 0.2928003088 0.0132008287 -0.2606092667 0.8698528329 -0.4188542219 -0.1341234238 0.3970189268 0.9079575315
0.9833627321 0.1811732825 0.0131901025 -0.1590919980 0.8940056928 -0.4188598302 -0.0876782371 0.4097927072 0.9079551001
0.9976556111 0.0671534497 0.0131793735 -0.0554743476 0.9063522191 -0.4188654340 -0.0400734132 0.4171523333 0.9079526708
0.9987723502 -0.0477533183 0.0131686416 0.0488753034 0.9067294317 -0.4188710332 0.0080620869 0.4190004276 0.9079502434
0.9866981967 -0.1620294358 0.0131579069 0.1525789150 0.8951324178 -0.4188766278 0.0560922746 0.4153124325 0.9079478180
0.9615926116 -0.2741656456 0.0131471694 0.2542669863 0.8717143954 -0.4188822179 0.1033825369 0.4061369371 0.9079453945
0.9237871632 -0.3826809523 0.0131364291 0.3525966420 0.8367846892 -0.4188878035 0.1493080208 0.3915950365 0.9079429730
0.8737811486 -0.4861421816 0.0131256859 0.4462693650 0.7908046449 -0.4188933845 0.1932618904 0.3718787342 0.9079405536
0.8122349989 -0.5831829086 0.0131149400 0.5340481450 0.7343815353 -0.4188989609 0.2346633447 0.3472484064 0.9079381360
0.7399615575 -0.6725215042 0.0131041912 0.6147738140 0.6682605405 -0.4189045328 0.2729652926 0.3180293642 0.9079357205
0.6579153444 -0.7529780617 0.0130934396 0.6873803535 0.5933149060 -0.4189101001 0.3076615823 0.2846075560 0.9079333069
0.5671799499 -0.8234899803 0.0130826852 0.7509089716 0.5105344099 -0.4189156629 0.3382936900 0.2474244704 0.9079308954
0.4689537236 -0.8831259988 0.0130719281 0.8045207648 0.4210122914 -0.4189212211 0.3644567794 0.2069713041 0.9079284857
0.3645339477 -0.9310984947 0.0130611681 0.8475077951 0.3259308128 -0.4189267747 0.3858050522 0.1637824727 0.9079260781
0.2552997035 -0.9667738869 0.0130504053 0.8793024384 0.2265456464 -0.4189323237 0.4020563185 0.1184285512 0.9079236725
0.1426936579 -0.9896810030 0.0130396397 0.8994848801 0.1241692915 -0.4189378682 0.4129957268 0.0715087357 0.9079212688
0.0282030103 -0.9995173029 0.0130288714 0.9077886579 0.0201537412 -0.4189434082 0.4184786049 0.0236429269 0.9079188671
-0.0866601498 -0.9961528736 0.0130181002 0.9041041799 -0.0841273717 -0.4189489435 0.4184323725 -0.0245364594 0.9079164674
-0.2003788124 -0.9796321458 0.0130073263 0.8884801708 -0.1872969153 -0.4189544743 0.4128575027 -0.0723928486 0.9079140697
-0.3114510826 -0.9501733067 0.0129965495 0.8611230282 -0.2879924450 -0.4189600005 0.4018275172 -0.1192939176 0.9079116739
-0.4184100162 -0.9081654189 0.0129857700 0.8223940949 -0.3848841954 -0.4189655221 0.3854880166 -0.1646199503 0.9079092802
-0.5198429941 -0.8541632813 0.0129749877 0.7728048875 -0.4766926412 -0.4189710392 0.3640547588 -0.2077720255 0.9079068884
-0.6144103784 -0.7888801027 0.0129642026 0.7130103392 -0.5622053943 -0.4189765517 0.3378108098 -0.2481799311 0.9079044986
-0.7008632055 -0.7131780817 0.0129534148 0.6438001509 -0.6402932137 -0.4189820596 0.3071028051 -0.2853096990 0.9079021108
-0.7780596815 -0.6280570201 0.0129426241 0.5660883612 -0.7099249181 -0.4189875629 0.2723363716 -0.3186706609 0.9078997250
-0.8449802615 -0.5346411183 0.0129318307 0.4809012754 -0.7701810031 -0.4189930617 0.2339707694 -0.3478219330 0.9078973411
-0.9007411154 -0.4341641277 0.0129210346 0.3893639109 -0.8202657832 -0.4189985559 0.1925128251 -0.3723782420 0.9078949593
-0.9446058005 -0.3279530568 0.0129102356 0.2926851404 -0.8595178989 -0.4190040455 0.1485102361 -0.3920150176 0.9078925794
-0.9759949877 -0.2174106450 0.0128994339 0.1921417268 -0.8874190499 -0.4190095305 0.1025443357 -0.4064726820 0.9078902015
-0.9944941132 -0.1039968365 0.0128886294 0.0890614619 -0.9036008392 -0.4190150109 0.0552224120 -0.4155600815 0.9078878256
-0.9998588534 0.0107905011 0.0128778222 -0.0151943685 -0.9078496367 -0.4190204867 0.0071696852 -0.4191570138 0.9078854517
-0.9920183519 0.1254353595 0.0128670122 -0.1192489615 -0.9001093999 -0.4190259580 -0.0409789530 -0.4172158181 0.9078830798
-0.9710761554 0.2384236116 0.0128561995 -0.2217281798 -0.8804824129 -0.4190314247 -0.0885873281 -0.4097620065 0.9078807098
-0.9373088459 0.3482630091 0.0128453840 -0.3212786981 -0.8492279351 -0.4190368867 -0.1350263882 -0.3968939289 0.9078783419
-0.8911623884 0.4535028902 0.0128345657 -0.4165858748 -0.8067587760 -0.4190423442 -0.1796825157 -0.3787814751 0.9078759759
-0.8332462406 0.5527533393 0.0128237447 -0.5063911128 -0.7536358435 -0.4190477971 -0.2219656355 -0.3556638319 0.9078736120
-0.7643253040 0.6447035433 0.0128129210 -0.5895084807 -0.6905607349 -0.4190532454 -0.2613170120 -0.3278463248 0.9078712500
-0.6853098218 0.7281391039 0.0128020945 -0.6648403730 -0.6183664718 -0.4190586891 -0.2972166324 -0.2956963848 0.9078688900
-0.5972433570 0.8019580762 0.0127912652 -0.7313920049 -0.5380064977 -0.4190641283 -0.3291900783 -0.2596386959 0.9078665320
-0.5012890105 0.8651855226 0.0127804332 -0.7882845486 -0.4505420868 -0.4190695628 -0.3568147956 -0.2201495845 0.9078641760
-0.3987140594 0.9169863882 0.0127695985 -0.8347667386 -0.3571283280 -0.4190749927 -0.3797256786 -0.1777507277 0.9078618220
-0.2908732203 0.9566765303 0.0127587611 -0.8702247919 -0.2589988704 -0.4190804180 -0.3976198956 -0.1330022610 0.9078594700
-0.1791907573 0.9837317536 0.0127479209 -0.8941905129 -0.1574496315 -0.4190858388 -0.4102608916 -0.0864953788 0.9078571200
-0.0651416717 0.9977947331 0.0127370780 -0.9063474756 -0.0538216829 -0.4190912549 -0.4174815159 -0.0388445234 0.9078547719
0.0497677786 0.9986797341 0.0127262323 -0.9065352014 0.0505164599 -0.4190966664 -0.4191862316 0.0093207325 0.9078524259
0.1640199723 0.9863750644 0.0127153840 -0.8947512776 0.1541869103 -0.4191020734 -0.4153523804 0.0573640044 0.9078500818
0.2761059683 0.9610432296 0.0127045329 -0.8711513881 0.2558206069 -0.4191074757 -0.4060304833 0.1046505040 0.9078477398
0.3845454340 0.9230187862 0.0126936790 -0.8360472567 0.3540753930 -0.4191128734 -0.3913435751 0.1505554263 0.9078453998
0.4879061967 0.8728039237 0.0126828225 -0.7899025299 0.4476537411 -0.4191182665 -0.3714855805 0.1944722058 0.9078430617
0.5848231583 0.8110618317 0.0126719632 -0.7333266528 0.5353198877 -0.4191236550 -0.3467187533 0.2358205312 0.9078407256
0.6740163241 0.7386079416 0.0126611013 -0.6670668201 0.6159161519 -0.4191290389 -0.3173702135 0.2740540136 0.9078383916
0.7543077082 0.6563991567 0.0126502366 -0.5919981082 0.6883782241 -0.4191344182 -0.2838276261 0.3086674063 0.9078360595
0.8246368911 0.5655212146 0.0126393692 -0.5091119178 0.7517492196 -0.4191397929 -0.2465340807 0.3392032823 0.9078337295
0.8840750250 0.4671743477 0.0126284991 -0.4195028814 0.8051923154 -0.4191451630 -0.2059822385 0.3652580787 0.9078314014
0.9318371010 0.3626574316 0.0126176263 -0.3243544068 0.8480018003 -0.4191505284 -0.1627078239 0.3864874306 0.9078290753
0.9672923169 0.2533508308 0.0126067508 -0.2249230486 0.8796123934 -0.4191558893 -0.1172825470 0.4026107224 0.9078267513
0.9899724084 0.1406981681 0.0125958726 -0.1225219141 0.8996067090 -0.4191612455 -0.0703065509 0.4134147973 0.9078244292
0.9995778336 0.0261872585 0.0125849917 -0.0185033218 0.9077207671 -0.4191665971 -0.0224004823 0.4187567749 0.9078221092
0.9959817289 -0.0886695405 0.0125741081 0.0857590571 0.9038474791 -0.4191719441 0.0258027078 0.4185659412 0.9078197911
0.9792315849 -0.2023553029 0.0125632218 0.1888883395 0.8880380610 -0.4191772865 0.0736661277 0.4128446847 0.9078174750
0.9495486188 -0.3133685682 0.0125523328 0.2895226134 0.8605013561 -0.4191826242 0.1205573594 0.4016684660 0.9078151610
0.9073248532 -0.4202431713 0.0125414411 0.3863329234 0.8216010764 -0.4191879573 0.1658568151 0.3851848235 0.9078128489
0.8531179385 -0.5215676067 0.0125305467 0.4780408201 0.7718509982 -0.4191932859 0.2089659239 0.3636114247 0.9078105389
0.7876437880 -0.6160036701 0.0125196497 0.5634352434 0.7119081767 -0.4191986097 0.2493150411 0.3372331928 0.9078082308
0.7117671228 -0.7023041322 0.0125087499 0.6413885150 0.6425642682 -0.4192039290 0.2863709758 0.3063985429 0.9078059248
0.6264900513 -0.7793292112 0.0124978475 0.7108712300 0.5647350745 -0.4192092436 0.3196440363 0.2715147808 0.9078036208
0.5329388345 -0.8460616260 0.0124869424 0.7709658508 0.4794484486 -0.4192145537 0.3486945017 0.2330427218 0.9078013187
0.4323490112 -0.9016200314 0.0124760347 0.8208788232 0.3878307200 -0.4192198590 0.3731384330 0.1914906042 0.9077990187
0.3260490801 -0.9452706586 0.0124651242 0.8599510553 0.2910918204 -0.4192251598 0.3926527472 0.1474073745 0.9077967207
0.2154429545 -0.9764370056 0.0124542111 0.8876666208 0.1905093044 -0.4192304559 0.4069794880 0.1013754355 0.9077944247
0.1019914202 -0.9947074518 0.0124432954 0.9036595717 0.0874114783 -0.4192357474 0.4159292352 0.0540029522 0.9077921307
-0.0128071568 -0.9998406937 0.0124323769 0.9077187697 -0.0168401419 -0.4192410343 0.4193836095 0.0059158162 0.9077898387
-0.1274366196 -0.9917689325 0.0124214558 0.8997906738 -0.1208688108 -0.4192463165 0.4172968384 -0.0422506233 0.9077875487
-0.2403830444 -0.9705987691 0.0124105320 0.8799800468 -0.2233007344 -0.4192515941 0.4096963621 -0.0898599540 0.9077852607
-0.3501547349 -0.9366097968 0.0123996056 0.8485485707 -0.3227832131 -0.4192568671 0.3966824736 -0.1362831095 0.9077829747
-0.4553019237 -0.8902509078 0.0123886765 0.8059113897 -0.4180025045 -0.4192621354 0.3784269945 -0.1809066813 0.9077806908
-0.5544359192 -0.8321343659 0.0123777448 0.7526316280 -0.5077011726 -0.4192673991 0.3551710068 -0.2231410236 0.9077784088
-0.6462474462 -0.7630277192 0.0123668104 0.6894129513 -0.5906946934 -0.4192726581 0.3272216693 -0.2624280453 0.9077761289
-0.7295239379 -0.6838436637 0.0123558734 0.6170902743 -0.6658870966 -0.4192779125 0.2949481605 -0.2982485845 0.9077738509
-0.8031655502 -0.5956279892 0.0123449337 0.5366187339 -0.7322854390 -0.4192831623 0.2587768020 -0.3301292691 0.9077715750
-0.8661996878 -0.4995457671 0.0123339913 0.4490610750 -0.7890129164 -0.4192884074 0.2191854276 -0.3576487722 0.9077693011
-0.9177938491 -0.3968659637 0.0123230464 0.3555736155 -0.8353204420 -0.4192936479 0.1766970702 -0.3804433808 0.9077670292
-0.9572666211 -0.2889446805 0.0123120988 0.2573909754 -0.8705965380 -0.4192988837 0.1318730526 -0.3982118025 0.9077647594
-0.9840966793 -0.1772072443 0.0123011485 0.1558097724 -0.8943754100 -0.4193041149 0.0853055715 -0.4107191480 0.9077624915
-0.9979296729 -0.0631293825 0.0122901956 0.0521714984 -0.9063430978 -0.4193093415 0.0376098738 -0.4178000361 0.9077602256
-0.9985829045 0.0517822667 0.0122792401 -0.0521551966 -0.9063416201 -0.4193145634 -0.0105838722 -0.4193607808 0.9077579618
-0.9860477430 0.1660100530 0.0122682819 -0.1557925786 -0.8943710606 -0.4193197806 -0.0586389027 -0.4153806306 0.9077557000
-0.9604897383 0.2780453573 0.0122573212 -0.2573720239 -0.8705895654 -0.4193249932 -0.1059202717 -0.4059120445 0.9077534402
-0.9222464340 0.3864085165 0.0122463578 -0.3555520933 -0.8353112542 -0.4193302012 -0.1518032405 -0.3910800008 0.9077511824
-0.8718229103 0.4896683655 0.0122353917 -0.4490362466 -0.7890020708 -0.4193354044 -0.1956815327 -0.3710803471 0.9077489266
-0.8098851128 0.5864611389 0.0122244231 -0.5365899644 -0.7322736297 -0.4193406031 -0.2369753450 -0.3461772144 0.9077466729
-0.7372510577 0.6755084822 0.0122134518 -0.6170570506 -0.6658751376 -0.4193457971 -0.2751390090 -0.3166995290 0.9077444211
-0.6548800279 0.7556343352 0.0122024779 -0.6893749009 -0.5906834991 -0.4193509864 -0.3096682015 -0.2830366677 0.9077421714
-0.5638599040 0.8257804648 0.0121915014 -0.7525885350 -0.5076917360 -0.4193561711 -0.3401066093 -0.2456333145 0.9077399237
-0.4653927963 0.8850204404 0.0121805223 -0.8058632068 -0.4179958723 -0.4193613511 -0.3660519596 -0.2049835866 0.9077376780
-0.3607791688 0.9325718705 0.0121695406 -0.8484954279 -0.3227804599 -0.4193665264 -0.3871613361 -0.1616245064 0.9077354344
-0.2514006633 0.9678067348 0.0121585562 -0.8799222572 -0.2233029354 -0.4193716971 -0.4031557116 -0.1161289071 0.9077331927
-0.1387018525 0.9902596794 0.0121475693 -0.8997287337 -0.1208770134 -0.4193768632 -0.4138236362 -0.0690978650 0.9077309531
-0.0241711609 0.9996341623 0.0121365798 -0.9076533562 -0.0168553382 -0.4193820245 -0.4190240326 -0.0211527578 0.9077287155
0.0906787925 0.9958063701 0.0121255876 -0.9035915356 0.0873883799 -0.4193871813 -0.4186880621 0.0270729448 0.9077264799
0.2043311719 0.9788268533 0.0121145929 -0.8875969753 0.1904775057 -0.4193923333 -0.4128200354 0.0749420509 0.9077242463
0.3152849576 0.9489198588 0.0121035956 -0.8598809611 0.2910506586 -0.4193974807 -0.4014973576 0.1218220655 0.9077220148
0.4220747701 0.9064803680 0.0120925956 -0.8208095703 0.3877796910 -0.4194026234 -0.3848695074 0.1670935476 0.9077197853
0.5232902235 0.8520688805 0.0120815931 -0.7708988363 0.4793872275 -0.4194077614 -0.3631560632 0.2101582951 0.9077175578
0.6175945527 0.7864040116 0.0120705880 -0.7108079332 0.5646635333 -0.4194128948 -0.3366438039 0.2504472494 0.9077153323
0.7037422682 0.7103530013 0.0120595803 -0.6413304700 0.6424824899 -0.4194180235 -0.3056829210 0.2874280149 0.9077131089
0.7805956055 0.6249202610 0.0120485701 -0.5633840098 0.7118164656 -0.4194231475 -0.2706823934 0.3206118941 0.9077108875
0.8471395518 0.5312341076 0.0120375572 -0.4779979516 0.7717498864 -0.4194282669 -0.2321045845 0.3495603463 0.9077086681
0.9024952509 0.4305318622 0.0120265418 -0.3862999355 0.8214913257 -0.4194333816 -0.1904591346 0.3738907827 0.9077064507
0.9459316112 0.3241435086 0.0120155237 -0.2895009510 0.8603839557 -0.4194384916 -0.1462962282 0.3932816226 0.9077042354
0.9768749606 0.2134741279 0.0120045032 -0.1888793441 0.8879142202 -0.4194435970 -0.1001993251 0.4074765446 0.9077020221
0.9949166236 0.0999853416 0.0119934800 -0.0857639353 0.9037186163 -0.4194486976 -0.0527774525 0.4162878740 0.9076998108
0.9998183185 -0.0148239922 0.0119824543 0.0184835288 0.9075884939 -0.4194537936 -0.0046571578 0.4195990647 0.9076976015
0.9915153046 -0.1294375744 0.0119714260 0.1224863592 0.8994728099 -0.4194588849 0.0435257685 0.4173662404 0.9076953943
0.9701172372 -0.2423416908 0.0119603951 0.2248711046 0.8794788019 -0.4194639715 0.0911346941 0.4096187764 0.9076931891
0.9359067193 -0.3520452038 0.0119493617 0.3242856890 0.8478705709 -0.4194690535 0.1375405563 0.3964589127 0.9076909859
0.8893355697 -0.4570992462 0.0119383257 0.4194172675 0.8050655932 -0.4194741307 0.1821301737 0.3780604050 0.9076887848
0.8310188553 -0.5561163565 0.0119272872 0.5090095628 0.7516292057 -0.4194792033 0.2243143488 0.3546662306 0.9076865857
0.7617267683 -0.6477888032 0.0119162461 0.5918794555 0.6882671402 -0.4194842712 0.2635356534 0.3265853795 0.9076843886
0.6823744539 -0.7309058564 0.0119052024 0.6669326079 0.6158162022 -0.4194893344 0.2992757947 0.2941887732 0.9076821935
0.5940099242 -0.8043697775 0.0118941562 0.7331779149 0.5352332196 -0.4194943930 0.3310624640 0.2579043652 0.9076800005
0.4978002169 -0.8672103181 0.0118831075 0.7897405925 0.4475824066 -0.4194994468 0.3584755789 0.2182114879 0.9076778095
0.3950159820 -0.9185975333 0.0118720562 0.8358737290 0.3540213088 -0.4195044959 0.3811528343 0.1756345203 0.9076756206
0.2870147006 -0.9578527435 0.0118610023 0.8709681482 0.2557855164 -0.4195095404 0.3987944916 0.1307359604 0.9076734336
0.1752227561 -0.9844574976 0.0118499460 0.8945604532 0.1541723471 -0.4195145802 0.4111673398 0.0841089940 0.9076712488
0.0611165959 -0.9980604202 0.0118388870 0.9063391456 0.0505237128 -0.4195196152 0.4181077790 0.0363696576 0.9076690659
-0.0537967678 -0.9984818528 0.0118278256 0.9061487380 -0.0537916012 -0.4195246456 0.4195239831 -0.0118513007 0.9076668851
-0.1679996620 -0.9857162258 0.0118167616 0.8939918065 -0.1573960125 -0.4195296713 0.4153971154 -0.0599167549 0.9076647063
-0.2799837961 -0.9599321328 0.0118056951 0.8700289562 -0.2589213342 -0.4195346923 0.4057815783 -0.1071916192 0.9076625295
-0.3882701828 -0.9214701037 0.0117946260 0.8345766991 -0.3570268424 -0.4195397086 0.3908042969 -0.1530512393 0.9076603548
-0.4914286708 -0.8708381074 0.0117835544 0.7881032736 -0.4504169822 -0.4195447202 0.3706630432 -0.1968896464 0.9076581821
-0.5880968333 -0.8087048431 0.0117724803 0.7312224603 -0.5378584758 -0.4195497271 0.3456238246 -0.2381275639 0.9076560115
-0.6769979615 -0.7358909087 0.0117614037 0.6646854755 -0.6181966093 -0.4195547293 0.3160173709 -0.2762200623 0.9076538429
-0.7569579263 -0.6533579629 0.0117503246 0.5893710502 -0.6903704808 -0.4195597268 0.2822347656 -0.3106637597 0.9076516763
-0.8269206853 -0.5621960249 0.0117392429 0.5062738249 -0.7534270106 -0.4195647196 0.2447222802 -0.3410034741 0.9076495118
-0.8859622299 -0.4636090782 0.0117281587 0.4164912139 -0.8065335264 -0.4195697077 0.2039754787 -0.3668382388 0.9076473493
-0.9333027892 -0.3588991696 0.0117170720 0.3212089124 -0.8489887592 -0.4195746911 0.1605326707 -0.3878266015 0.9076451888
-0.9683171279 -0.2494492128 0.0117059828 0.2216852379 -0.8802321035 -0.4195796698 0.1149678002 -0.4036911372 0.9076430304
-0.9905428047 -0.1367047242 0.0116948911 0.1192345128 -0.8998510197 -0.4195846438 0.0678828627 -0.4142221152 0.9076408740
-0.9996862792 -0.0221547318 0.0116837969 0.0152097069 -0.9075864815 -0.4195896131 0.0198999514 -0.4192802720 0.9076387197
-0.9956267890 0.0926878904 0.0116727002 -0.0890154298 -0.9033363956 -0.4195945777 -0.0283469613 -0.4187986525 0.9076365674
-0.9784179450 0.2063064033 0.0116616009 -0.1920645085 -0.8871569493 -0.4195995375 -0.0762204011 -0.4127834969 0.9076344171
-0.9482870226 0.3172002342 0.0116504992 -0.2925766786 -0.8592618675 -0.4196044927 -0.1230878136 -0.4013141594 0.9076322689
-0.9056319610 0.4239047955 0.0116393950 -0.3892245985 -0.8200195895 -0.4196094431 -0.1683299232 -0.3845420617 0.9076301228
-0.8510161071 0.5250108270 0.0116282883 -0.4807319643 -0.7699484029 -0.4196143888 -0.2113489153 -0.3626886935 0.9076279786
-0.7851607752 0.6191830087 0.0116171791 -0.5658903643 -0.7097095980 -0.4196193299 -0.2515763357 -0.3360426880 0.9076258365
-0.7089357211 0.7051775964 0.0116060674 -0.6435752368 -0.6400987345 -0.4196242662 -0.2884806024 -0.3049560093 0.9076236965
-0.6233476549 0.7818588480 0.0115949532 -0.7127607203 -0.5620351342 -0.4196291978 -0.3215740301 -0.2698393035 0.9076215585
-0.5295269451 0.8482140232 0.0115838366 -0.7725332007 -0.4765497405 -0.4196341246 -0.3504192748 -0.2311564744 0.9076194225
-0.4287126902 0.9033667591 0.0115727174 -0.8221033760 -0.3847715032 -0.4196390468 -0.3746351138 -0.1894185547 0.9076172886
-0.3222363533 0.9465886446 0.0115615958 -0.8608166784 -0.2879124685 -0.4196439642 -0.3939014837 -0.1451769552 0.9076151568
-0.2115041777 0.9773088404 0.0115504717 -0.8881619184 -0.1872517736 -0.4196488769 -0.4079637110 -0.0990161797 0.9076130270
-0.0979786144 0.9951216180 0.0115393451 -0.9037780348 -0.0841187532 -0.4196537849 -0.4166358781 -0.0515461030 0.9076108992
0.0168409925 0.9997917189 0.0115282161 -0.9074588615 0.0201246155 -0.4196586882 -0.4198032822 -0.0033939130 0.9076087735
0.1314382081 0.9912574611 0.0115170845 -0.8991558499 0.1241016987 -0.4196635868 -0.4174239513 0.0448041759 0.9076066498
0.2442995343 0.9696315541 0.0115059505 -0.8789787089 0.2264393863 -0.4196684806 -0.4095292014 0.0924113288 0.9076045281
0.3539343985 0.9351996101 0.0114948141 -0.8471939556 0.3257862249 -0.4196733697 -0.3962232238 0.1387985047 0.9076024086
0.4588948401 0.8884163725 0.0114836752 -0.8042213946 0.4208302645 -0.4196782541 -0.3776817102 0.1833527680 0.9076002910
0.5577946337 0.8298997094 0.0114725338 -0.7506285734 0.5103163844 -0.4196831337 -0.3541495327 0.2254853882 0.9075981755
0.6493275971 0.7604224538 0.0114613900 -0.6871232867 0.5930628671 -0.4196880086 -0.3259375101 0.2646396182 0.9075960621
0.7322848424 0.6809021967 0.0114502437 -0.6145442289 0.6679770043 -0.4196928788 -0.2934183026 0.3002980525 0.9075939507
0.8055707419 0.5923891684 0.0114390949 -0.5338499172 0.7340695262 -0.4196977443 -0.2570214887 0.3319894634 0.9075918414
0.8682173980 0.4960523680 0.0114279437 -0.4461060334 0.7904676655 -0.4197026050 -0.2172278911 0.3592950291 0.9075897341
0.9193974267 0.3931641243 0.0114167901 -0.3524713499 0.8364266822 -0.4197074610 -0.1745632242 0.3818538682 0.9075876289
0.9584348846 0.2850832921 0.0114056340 -0.2541824265 0.8713396978 -0.4197123123 -0.1295911494 0.3993678099 0.9075855257
0.9848141966 0.1732373056 0.0113944755 -0.1525372802 0.8947457095 -0.4197171588 -0.0829058277 0.4116053343 0.9075834245
0.9981869649 0.0591033262 0.0113833145 -0.0488782436 0.9063356770 -0.4197220006 -0.0351240703 0.4184046335 0.9075813255
0.9983765706 -0.0558112666 0.0113721511 0.0554257623 0.9059566030 -0.4197268377 0.0131228111 0.4196757510 0.9075792284
0.9853805060 -0.1699887830 0.0113609852 0.1589973058 0.8936135529 -0.4197316700 0.0611973454 0.4154017715 0.9075771335
0.9593704084 -0.2819212678 0.0113498169 0.2604686350 0.8694695870 -0.4197364976 0.1084643249 0.4056390464 0.9075750405
0.9206897925 -0.3901304156 0.0113386462 0.3584997399 0.8338436067 -0.4197413205 0.1542991981 0.3905164510 0.9075729497
0.8698495143 -0.4931870951 0.0113274730 0.4517960485 0.7872061418 -0.4197461386 0.1980963224 0.3702336824 0.9075708609
0.8075210240 -0.5897302241 0.0113162975 0.5391255225 0.7301731365 -0.4197509520 0.2392769665 0.3450586233 0.9075687741
0.7345274979 -0.6784847449 0.0113051195 0.6193349270 0.6634978143 -0.4197557606 0.2772969581 0.3153238039 0.9075666894
0.6518329670 -0.7582784648 0.0112939390 0.6913650597 0.5880607305 -0.4197605645 0.3116538743 0.2814220090 0.9075646068
0.5605295845 -0.8280575368 0.0112827562 0.7542647382 0.5048581427 -0.4197653636 0.3418936817 0.2438010900 0.9075625262
0.4618232023 -0.8869003786 0.0112715709 0.8072033606 0.4149888541 -0.4197701580 0.3676167357 0.2029580485 0.9075604477
0.3570174447 -0.9340298432 0.0112603833 0.8494818738 0.3196397024 -0.4197749476 0.3884830630 0.1594324706 0.9075583712
0.2474964914 -0.9688234836 0.0112491932 0.8805420044 0.2200698858 -0.4197797325 0.4042168542 0.1137993981 0.9075562968
0.1347067968 -0.9908217732 0.0112380007 0.8999736305 0.1175943338 -0.4197845127 0.4146101100 0.0666617313 0.9075542244
0.0201379859 -0.9997341748 0.0112268058 0.9075201970 0.0135663424 -0.4197892881 0.4195253908 0.0186422638 0.9075521541
-0.0946968184 -0.9954429781 0.0112156084 0.9030821030 -0.0906402976 -0.4197940587 0.4188976341 -0.0296245465 0.9075500859
-0.2082809804 -0.9780048540 0.0112044087 0.8867180161 -0.1936494431 -0.4197988246 0.4127350157 -0.0775009597 0.9075480197
-0.3191143808 -0.9476501064 0.0111932066 0.8586440971 -0.2941007717 -0.4198035858 0.4011188434 -0.1243543805 0.9075459556
-0.4257332299 -0.9047796305 0.0111820021 0.8192311444 -0.3906677461 -0.4198083422 0.3842024843 -0.1695657171 0.9075438935
-0.5267293996 -0.8499596184 0.0111707952 0.7689996969 -0.4820751315 -0.4198130938 0.3622093396 -0.2125375608 0.9075418335
-0.6207690208 -0.7839140810 0.0111595859 0.7086131586 -0.5671158366 -0.4198178407 0.3354298947 -0.2527020805 0.9075397756
-0.7066101000 -0.7075152863 0.0111483742 0.6388690373 -0.6446668536 -0.4198225828 0.3042178822 -0.2895285261 0.9075377197
-0.7831189222 -0.6217722391 0.0111371601 0.5606884121 -0.7137040883 -0.4198273202 0.2689856096 -0.3225302419 0.9075356659
-0.8492850246 -0.5278173551 0.0111259436 0.4751037695 -0.7733158835 -0.4198320528 0.2301985126 -0.3512710976 0.9075336142
-0.9042345415 -0.4268915048 0.0111147248 0.3832453670 -0.8227150578 -0.4198367807 0.1883690065 -0.3753712521 0.9075315645
-0.9472417456 -0.3203276254 0.0111035035 0.2863263078 -0.8612493003 -0.4198415037 0.1440497166 -0.3945121737 0.9075295168
-0.9777386329 -0.2095331166 0.0110922799 0.1856265193 -0.8884097845 -0.4198462221 0.0978261774 -0.4084408499 0.9075274713
-0.9953224246 -0.0959712529 0.0110810539 0.0824758506 -0.9038378870 -0.4198509356 0.0503090967 -0.4169731319 0.9075254278
-0.9997608861 0.0188581423 0.0110698255 -0.0217634895 -0.9073299226 -0.4198556444 0.0021262865 -0.4199961692 0.9075233864
-0.9909953950 0.1334385045 0.0110585948 -0.1257149219 -0.8988398335 -0.4198603485 -0.0460856315 -0.4174699023 0.9075213470
-0.9691417148 0.2462565581 0.0110473617 -0.2280056763 -0.8784797967 -0.4198650478 -0.0936896375 -0.4094275935 0.9075193097
-0.9344884662 0.3558223019 0.0110361262 -0.3272849200 -0.8465187421 -0.4198697423 -0.1400567305 -0.3959753891 0.9075172745
-0.8874933152 0.4606886881 0.0110248883 -0.4222415962 -0.8033787997 -0.4198744320 -0.1845742397 -0.3772909181 0.9075152413
-0.8287769291 0.5594707333 0.0110136481 -0.5116217379 -0.7496297249 -0.4198791170 -0.2266539194 -0.3536209469 0.9075132102
-0.7591147787 0.6508638105 0.0110024056 -0.5942450273 -0.6859813733 -0.4198837972 -0.2657397229 -0.3252781206 0.9075111812
-0.6794268972 0.7336608793 0.0109911606 -0.6690203825 -0.6132743256 -0.4198884726 -0.3013151494 -0.2926368326 0.9075091542
-0.5907657288 0.8067684272 0.0109799134 -0.7349603657 -0.5324687870 -0.4198931432 -0.3329100696 -0.2561282799 0.9075071293
-0.4943022294 0.8692209123 0.0109686637 -0.7911942231 -0.4446319054 -0.4198978091 -0.3601069389 -0.2162347665 0.9075051065
-0.3913104011 0.9201935150 0.0109574117 -0.8369793827 -0.3509236790 -0.4199024702 -0.3825463148 -0.1734833318 0.9075030857
-0.2831504670 0.9590130315 0.0109461574 -0.8717112606 -0.2525816366 -0.4199071266 -0.3999316081 -0.1284387877 0.9075010670
-0.1712509063 0.9851667651 0.0109349007 -0.8949312443 -0.1509044948 -0.4199117781 -0.4120330024 -0.0816962569 0.9074990504
-0.0570895879 0.9983092973 0.0109236417 -0.9063327481 -0.0472350069 -0.4199164249 -0.4186904928 -0.0338733099 0.9074970359
0.0578257472 0.9982670499 0.0109123803 -0.9057652612 0.0570577697 -0.4199210669 -0.4198160008 0.0143981944 0.9074950234
0.1719773996 0.9850405777 0.0109011166 -0.8932363350 0.1605965528 -0.4199257042 -0.4153945400 0.0624804571 0.9074930130
0.2838577553 0.9588045609 0.0108898506 -0.8689114820 0.2620140242 -0.4199303366 -0.4054844155 0.1097381665 0.9074910047
0.3919891974 0.9199054982 0.0108785822 -0.8331119895 0.3599708859 -0.4199349643 -0.3902164554 0.1555468923 0.9074889984
0.4949436208 0.8688571308 0.0108673115 -0.7863106764 0.4531735467 -0.4199395872 -0.3697922829 0.1993013367 0.9074869942
0.5913612936 0.8063336573 0.0108560385 -0.7291256477 0.5403912049 -0.4199442053 -0.3444816546 0.2404233323 0.9074849921
0.6799688151 0.7331608293 0.0108447631 -0.6623121319 0.6204721022 -0.4199488186 -0.3146188971 0.2783694824 0.9074829921
0.7595959339 0.6503050460 0.0108334855 -0.5867525067 0.6923587329 -0.4199534271 -0.2805984910 0.3126383409 0.9074809941
0.8291910035 0.5588605905 0.0108222054 -0.5034446453 0.7551018087 -0.4199580309 -0.2428698600 0.3427770396 0.9074789982
0.8878348714 0.4600351781 0.0108109231 -0.4134887389 0.8078727947 -0.4199626298 -0.2019314339 0.3683872725 0.9074770044
0.9347530188 0.3551340052 0.0107996385 -0.3180727665 0.8499748502 -0.4199672240 -0.1583240634 0.3891305595 0.9074750126
0.9693257896 0.2455425119 0.0107883515 -0.2184568067 0.8808520305 -0.4199718134 -0.1126238753 0.4047327208 0.9074730230
0.9910965742 0.1327080843 0.0107770623 -0.1159563965 0.9000966277 -0.4199763980 -0.0654346606 0.4149875000 0.9074710354
0.9997778402 0.0181209385 0.0107657707 -0.0119251585 0.9074545547 -0.4199809778 -0.0173798971 0.4197592914 0.9074690499
0.9952549300 -0.0967055606 0.0107544768 0.0922630751 0.9028286994 -0.4199855528 0.0309054880 0.4189849331 0.9074670664
0.9775875750 -0.2102548864 0.0107431806 0.1952324056 0.8862802065 -0.4199901230 0.0787835073 0.4126745429 0.9074650851
0.9470091066 -0.3210273800 0.0107318821 0.2956230371 0.8580276695 -0.4199946884 0.1256215426 0.4009113863 0.9074631058
0.9039233749 -0.4275600559 0.0107205813 0.3921092343 0.8184442431 -0.4199992491 0.1708007043 0.3838507776 0.9074611286
0.8488994151 -0.5284459239 0.0107092783 0.4834168298 0.7680527147 -0.4200038049 0.2137240085 0.3617180297 0.9074591535
0.7826639317 -0.6223525716 0.0106979729 0.5683400498 0.7075185996 -0.4200083560 0.2538242656 0.3348054777 0.9074571804
0.7060917016 -0.7080397617 0.0106866652 0.6457574378 0.6376413518 -0.4200129022 0.2905715755 0.3034686183 0.9074552095
0.6201940203 -0.7843758117 0.0106753552 0.7146466635 0.5593438061 -0.4200174436 0.3234803295 0.2681214140 0.9074532406
0.5261053459 -0.8503525405 0.0106640430 0.7740980234 0.4736599901 -0.4200219803 0.3521156275 0.2292308238 0.9074512738
0.4250683162 -0.9050985836 0.0106527284 0.8233264536 0.3817214690 -0.4200265121 0.3760990261 0.1873106354 0.9074493090
0.3184173368 -0.9478909009 0.0106414116 0.8616818966 0.2847424015 -0.4200310392 0.3951135390 0.1429146766 0.9074473464
0.2075609580 -0.9781643266 0.0106300925 0.8886578853 0.1840035056 -0.4200355614 0.4089078278 0.0966294991 0.9074453858
0.0939632714 -0.9955190331 0.0106187711 0.9038982307 0.0808351449 -0.4200400789 0.4172995233 0.0490666284 0.9074434273
-0.0208754261 -0.9997258117 0.0106074475 0.9072017250 -0.0234002396 -0.4200445915 0.4201776370 0.0008544848 0.9074414710
-0.1354384472 -0.9907290998 0.0105961215 0.8985247980 -0.1273261225 -0.4200490993 0.4175040291 -0.0473699198 0.9074395166
-0.2482127451 -0.9686477148 0.0105847933 0.8779820916 -0.2295700720 -0.4200536024 0.4093139138 -0.0949693987 0.9074375644
-0.3577088964 -0.9337732848 0.0105734629 0.8458449452 -0.3287818742 -0.4200581006 0.3957153953 -0.1413150095 0.9074356143
-0.4624807723 -0.8865663972 0.0105621301 0.8025378119 -0.4236513633 -0.4200625940 0.3768880414 -0.1857943641 0.9074336662
-0.5611446376 -0.8276505159 0.0105507951 0.7486326521 -0.5129257239 -0.4200670826 0.3530805118 -0.2278197211 0.9074317202
-0.6523974261 -0.7578037466 0.0105394579 0.6848413801 -0.5954260351 -0.4200715664 0.3246072744 -0.2668357518 0.9074297763
-0.7350339500 -0.6779485608 0.0105281184 0.6120064613 -0.6700628384 -0.4200760454 0.2918444513 -0.3023268784 0.9074278345
-0.8079628173 -0.5891396128 0.0105167766 0.5310897869 -0.7358505251 -0.4200805195 0.2552248502 -0.3338240874 0.9074258948
-0.8702208458 -0.4925498100 0.0105054326 0.4431599702 -0.7919203514 -0.4200849889 0.2152322473 -0.3609111272 0.9074239571
-0.9209857843 -0.3894548231 0.0104940863 0.3493782342 -0.8375319102 -0.4200894534 0.1723949959 -0.3832300094 0.9074220216
-0.9595871716 -0.2812162378 0.0104827378 0.2509830763 -0.8720829086 -0.4200939132 0.1272790462 -0.4004857402 0.9074200881
-0.9855151918 -0.1692635719 0.0104713870 0.1492739126 -0.8951171209 -0.4200983681 0.0804804681 -0.4124502189 0.9074181567
-0.9984274077 -0.0550753961 0.0104600340 0.0455939174 -0.9063304126 -0.4201028182 0.0326175760 -0.4189652538 0.9074162275
-0.9981532830 0.0598401938 0.0104486787 -0.0586877143 -0.9055747564 -0.4201072635 -0.0156772404 -0.4199446533 0.9074143003
-0.9846964349 0.1739654949 0.0104373212 -0.1621938491 -0.8928601859 -0.4201117039 -0.0637658720 -0.4153753664 0.9074123751
-0.9582345864 0.2857932413 0.0104259615 -0.2635576005 -0.8683546628 -0.4201161396 -0.1110129210 -0.4053176566 0.9074104521
-0.9191172190 0.3938465105 0.0104145995 -0.3614403808 -0.8323818580 -0.4201205704 -0.1567940970 -0.3899043071 0.9074085312
-0.8678609572 0.4966982300 0.0104032353 -0.4545495774 -0.7854168760 -0.4201249964 -0.2005044655 -0.3693388677 0.9074066123
-0.8051427453 0.5929900242 0.0103918688 -0.5416556230 -0.7280799809 -0.4201294175 -0.2415664418 -0.3438929668 0.9074046956
-0.7317909071 0.6814501548 0.0103805002 -0.6216082328 -0.6611284039 -0.4201338339 -0.2794374226 -0.3139027238 0.9074027809
-0.6487742061 0.7609103171 0.0103691293 -0.6933515947 -0.5854463432 -0.4201382454 -0.3136169567 -0.2797643090 0.9074008684
-0.5571890511 0.8303210694 0.0103577562 -0.7559383116 -0.5020332866 -0.4201426521 -0.3436533578 -0.2419287104 0.9073989579
-0.4582450155 0.8887656936 0.0103463809 -0.8085419123 -0.4119908119 -0.4201470540 -0.3691496740 -0.2008957758 0.9073970495
-0.3532488626 0.9354723025 0.0103350033 -0.8504677650 -0.3165080391 -0.4201514511 -0.3897689337 -0.1572076094 0.9073951432
-0.2435872872 0.9698240337 0.0103236235 -0.8811622503 -0.2168459268 -0.4201558433 -0.4052385990 -0.1114414094 0.9073932390
-0.1307086010 0.9913671970 0.0103122416 -0.9002200711 -0.1143206197 -0.4201602307 -0.4153541683 -0.0642018428 0.9073913369
-0.0161036049 0.9998172664 0.0103008574 -0.9073896046 -0.0102860675 -0.4201646132 -0.4199818797 -0.0161130558 0.9073894369
0.0987141004 0.9950626378 0.0102894710 -0.9025762243 0.0938838553 -0.4201689910 -0.4190604797 0.0321895721 0.9073875389
0.2122281044 0.9771661029 0.0102780824 -0.8858435490 0.1968134927 -0.4201733639 -0.4126020338 0.0800678235 0.9073856431
0.3229392144 0.9463640203 0.0102666916 -0.8574126020 0.2971435740 -0.4201777319 -0.4006917691 0.1268890759 0.9073837494
0.4293852555 0.9030631934 0.0102552986 -0.8176588912 0.3935491640 -0.4201820952 -0.3834869489 0.1720346602 0.9073818577
0.5301603818 0.8478354982 0.0102439034 -0.7671074502 0.4847571599 -0.4201864536 -0.3612147967 0.2149080360 0.9073799682
0.6239336434 0.7814103304 0.0102325060 -0.7064259034 0.5695631032 -0.4201908071 -0.3341694953 0.2549426739 0.9073780807
0.7094665645 0.7046649721 0.0102211064 -0.6364156492 0.6468470858 -0.4201951559 -0.3027083007 0.2916095416 0.9073761954
0.7856295001 0.6186130055 0.0102097046 -0.5580012761 0.7155885384 -0.4201994998 -0.2672468231 0.3244240947 0.9073743121
0.8514165554 0.5243909265 0.0101983007 -0.4722183522 0.7748797079 -0.4202038388 -0.2282535366 0.3529526803 0.9073724310
0.9059588710 0.4232431350 0.0101868945 -0.3801997490 0.8239376446 -0.4202081730 -0.1862435904 0.3768182673 0.9073705519
0.9485360974 0.3165054997 0.0101754862 -0.2831606807 0.8621145409 -0.4202125024 -0.1417720027 0.3957054295 0.9073686750
0.9785859098 0.2055877154 0.0101640757 -0.1823826555 0.8889062860 -0.4202168269 -0.0954263282 0.4093645148 0.9073668001
0.9957114338 0.0919546849 0.0101526630 -0.0791965522 0.9039591219 -0.4202211466 -0.0478188954 0.4176149445 0.9073649273
0.9996864876 -0.0228928280 0.0101412481 0.0250349557 0.9070743148 -0.4202254615 0.0004212835 0.4203476013 0.9073630567
0.9904585692 -0.1374380194 0.0101298311 0.1289353952 0.8982107787 -0.4202297715 0.0486568240 0.4175262720 0.9073611881
0.9681495497 -0.2501680779 0.0101184119 0.2311326714 0.8774856176 -0.4202340767 0.0962503903 0.4091881276 0.9073593216
0.9330540637 -0.3595941642 0.0101069905 0.3302771875 0.8451725776 -0.4202383770 0.1425731167 0.3954432337 0.9073574573
0.8856356184 -0.4642710749 0.0100955669 0.4250596667 0.8016984321 -0.4202426724 0.1870129171 0.3764730974 0.9073555950
0.8265204717 -0.5628163289 0.0100841412 0.5142284429 0.7476373443 -0.4202469631 0.2289825724 0.3525282703 0.9073537348
0.7564893613 -0.6539284263 0.0100727133 0.5966059890 0.6837032849 -0.4202512488 0.2679274906 0.3239250399 0.9073518768
0.6764671935 -0.7364040376 0.0100612833 0.6711044674 0.6107406026 -0.4202555298 0.3033330347 0.2910412510 0.9073500208
0.5875108281 -0.8091538960 0.0100498511 0.7367400952 0.5297128730 -0.4202598058 0.3347313237 0.2543113148 0.9073481670
0.4907951196 -0.8712171835 0.0100384168 0.7926461355 0.4416901735 -0.4202640770 0.3617074155 0.2142204702 0.9073463152
0.3875974018 -0.9217742206 0.0100269803 0.8380843430 0.3478349516 -0.4202683434 0.3839047905 0.1712983731 0.9073444656
0.2792806172 -0.9601572922 0.0100155416 0.8724547122 0.2493866731 -0.4202726049 0.4010300637 0.1261120990 0.9073426180
0.1672753167 -0.9858594658 0.0100041008 0.8953034009 0.1476454534 -0.4202768616 0.4128568623 0.0792586506 0.9073407726
0.0530607662 -0.9985412870 0.0099926579 0.9063287226 0.0439548887 -0.4202811134 0.4192288177 0.0313570708 0.9073389292
-0.0618545900 -0.9980352624 0.0099812128 0.9053851300 -0.0603156881 -0.4202853604 0.4200616336 -0.0169597370 0.9073370880
-0.1759530520 -0.9843480722 0.0099697656 0.8924851362 -0.1637892906 -0.4202896025 0.4153442008 -0.0650533707 0.9073352489
-0.2877277081 -0.9576604815 0.0099583162 0.8677991491 -0.2650994628 -0.4202938397 0.4051387452 -0.1122883649 0.9073334118
-0.3957023372 -0.9183249535 0.0099468648 0.8316532199 -0.3629083252 -0.4202980721 0.3895800075 -0.1580405873 0.9073315769
-0.4984509050 -0.8668609940 0.0099354111 0.7845247369 -0.4559242416 -0.4203022996 0.3688734640 -0.2017054858 0.9073297441
-0.5946163983 -0.8039482906 0.0099239554 0.7270361208 -0.5429188765 -0.4203065223 0.3432926128 -0.2427060764 0.9073279134
-0.6829287469 -0.7304177360 0.0099124975 0.6599466035 -0.6227434161 -0.4203107401 0.3131753617 -0.2805005679 0.9073260848
-0.7622215976 -0.6472404542 0.0099010375 0.5841422024 -0.6943437388 -0.4203149530 0.2789195645 -0.3145895211 0.9073242583
-0.8314477188 -0.5555149748 0.0098895754 0.5006240183 -0.7567743357 -0.4203191611 0.2409777650 -0.3445224487 0.9073224339
-0.8896928307 -0.4564527248 0.0098781111 0.4104950149 -0.8092107959 -0.4203233643 0.1998512191 -0.3699037684 0.9073206117
-0.9361876809 -0.3513620290 0.0098666448 0.3149454528 -0.8509606935 -0.4203275626 0.1560832721 -0.3903980312 0.9073187915
-0.9703182041 -0.2416308308 0.0098551763 0.2152371705 -0.8814727309 -0.4203317561 0.1102521806 -0.4057343544 0.9073169734
-0.9916336315 -0.1287083617 0.0098437057 0.1126869205 -0.9003440184 -0.4203359447 0.0629634723 -0.4157100024 0.9073151575
-0.9998524450 -0.0140860009 0.0098322330 0.0086489805 -0.9073253945 -0.4203401285 0.0148419461 -0.4201930664 0.9073133437
-0.9948660948 0.1007224212 0.0098207582 -0.0955027318 -0.9023247151 -0.4203443074 -0.0334765835 -0.4191242088 0.9073115319
-0.9767404332 0.2142006168 0.0098092813 -0.1983928019 -0.8854080700 -0.4203484814 -0.0813536872 -0.4125174486 0.9073097223
-0.9457148448 0.3248498660 0.0097978023 -0.2986624823 -0.8567989093 -0.4203526505 -0.1281567559 -0.4004599776 0.9073079148
-0.9021990852 0.4312088109 0.0097863212 -0.3949876359 -0.8168750919 -0.4203568148 -0.1732673603 -0.3831110096 0.9073061094
-0.8467678692 0.5318727556 0.0097748379 -0.4860962224 -0.7661638950 -0.4203609742 -0.2160894218 -0.3606996782 0.9073043061
-0.7801532806 0.6255122187 0.0097633526 -0.5707850959 -0.7053350501 -0.4203651287 -0.2560570895 -0.3335220104 0.9073025050
-0.7032351033 0.7108904913 0.0097518652 -0.6479358937 -0.6351918982 -0.4203692783 -0.2926422170 -0.3019370164 0.9073007059
-0.6170292021 0.7868799711 0.0097403757 -0.7165298047 -0.5566607801 -0.4203734231 -0.3253613419 -0.2663619474 0.9072989090
-0.5226741062 0.8524770540 0.0097288842 -0.7756610231 -0.4707788034 -0.4203775630 -0.3537820740 -0.2272667833 0.9072971141
-0.4214159723 0.9068153895 0.0097173905 -0.8245487103 -0.3786801452 -0.4203816980 -0.3775288104 -0.1851680238 0.9072953214
-0.3145921267 0.9491773224 0.0097058948 -0.8625473053 -0.2815810747 -0.4203858282 -0.3962876985 -0.1406218651 0.9072935308
-0.2036134028 0.9790033712 0.0096943969 -0.8891550500 -0.1807638906 -0.4203899535 -0.4098107848 -0.0942168509 0.9072917423
-0.0899455086 0.9958996169 0.0096828970 -0.9040206143 -0.0775599870 -0.4203940738 -0.4179192917 -0.0465660973 0.9072899560
0.0249103317 0.9996429060 0.0096713950 -0.9069477353 0.0266677288 -0.4203981894 -0.4205059818 0.0017008085 0.9072881717
0.1394372041 0.9901837974 0.0096598910 -0.8978978084 0.1305428353 -0.4204023000 -0.4175365754 0.0499461264 0.9072863896
0.2521225389 0.9676472157 0.0096483849 -0.8769903962 0.2326935730 -0.4204064057 -0.4090502051 0.0975323895 0.9072846095
0.3614780875 0.9323308012 0.0096368767 -0.8445016494 0.3317709603 -0.4204105066 -0.3951589003 0.1438308276 0.9072828316
0.4660595778 0.8847009790 0.0096253664 -0.8008606587 0.4264666074 -0.4204146026 -0.3760461078 0.1882296749 0.9072810558
0.5644857892 0.8253867988 0.0096138541 -0.7466437883 0.5155299947 -0.4204186937 -0.3519642699 0.2301422537 0.9072792821
0.6554567938 0.7551716272 0.0096023397 -0.6825670632 0.5977849867 -0.4204227799 -0.3232314893 0.2690147265 0.9072775106
0.7377711254 0.6749828017 0.0095908233 -0.6094767137 0.6721453636 -0.4204268612 -0.2902273281 0.3043334151 0.9072757411
0.8103416474 0.5858793830 0.0095793048 -0.5283379987 0.7376291655 -0.4204309377 -0.2533877929 0.3356315879 0.9072739738
