1986
46211
0.7879273040 0.6154528034 -0.0197081323 -0.5750372179 0.7239844654 -0.3810232170 -0.2202334254 0.3115515057 0.9243553957
0.8533365813 0.5209880971 -0.0196997875 -0.4881745649 0.7851835859 -0.3810148693 -0.1830362619 0.3347508612 0.9243590145
0.9074757923 0.4196426260 -0.0196914385 -0.3948634691 0.8360124811 -0.3810065250 -0.1434242904 0.3535296279 0.9243626318
0.9496299121 0.3127548660 -0.0196830853 -0.2963363331 0.8757997267 -0.3809981844 -0.1019205954 0.3676400857 0.9243662476
0.9792422036 0.2017364909 -0.0196747278 -0.1938944615 0.9040197310 -0.3809898473 -0.0590732127 0.3768961584 0.9243698618
0.9959215707 0.0880537282 -0.0196663662 -0.0888908749 0.9202996787 -0.3809815137 -0.0154478921 0.3811758680 0.9243734744
0.9994477232 -0.0267920050 -0.0196580004 0.0172875612 0.9244244553 -0.3809731837 0.0283793718 0.3804229421 0.9243770856
0.9897740867 -0.1412839319 -0.0196496304 0.1232384533 0.9163394902 -0.3809648572 0.0718299452 0.3746475535 0.9243806952
0.9670284171 -0.2539099479 -0.0196412562 0.2275624029 0.8961514782 -0.3809565343 0.1143301945 0.3639261829 0.9243843032
0.9315111141 -0.3631825909 -0.0196328778 0.3288814896 0.8641269718 -0.3809482149 0.1553190589 0.3484006060 0.9243879097
0.8836912536 -0.4676586870 -0.0196244951 0.4258574709 0.8206888617 -0.3809398991 0.1942554576 0.3282760191 0.9243915147
0.8242003923 -0.5659584099 -0.0196161084 0.5172094579 0.7664107924 -0.3809315868 0.2306254323 0.3038183265 0.9243951181
0.7538242271 -0.6567835047 -0.0196077174 0.6017308338 0.7020095867 -0.3809232781 0.2639489312 0.2753506276 0.9243987200
0.6734922184 -0.7389344343 -0.0195993222 0.6783051912 0.6283357788 -0.3809149730 0.2937861455 0.2432489482 0.9244023204
0.5842653146 -0.8113262216 -0.0195909228 0.7459210786 0.5463623818 -0.3809066714 0.3197433138 0.2079372739 0.9244059192
0.4873219398 -0.8730027789 -0.0195825193 0.8036853601 0.4571720367 -0.3808983734 0.3414779187 0.1698819501 0.9244095164
0.3839424309 -0.9231495350 -0.0195741116 0.8508350131 0.3619427140 -0.3808900790 0.3587032064 0.1295855234 0.9244131121
0.2754921277 -0.9611041936 -0.0195656997 0.8867472070 0.2619321559 -0.3808817881 0.3711919697 0.0875801047 0.9244167063
0.1634033407 -0.9863654804 -0.0195572836 0.9109475310 0.1584612641 -0.3808735008 0.3787795455 0.0444203432 0.9244202989
0.0491564349 -0.9985997631 -0.0195488634 0.9231162605 0.0528966543 -0.3808652171 0.3813659850 0.0006761026 0.9244238900
-0.0657397218 -0.9976454582 -0.0195404389 0.9230925820 -0.0533673936 -0.3808569369 0.3789173711 -0.0430750633 0.9244274795
-0.1797676865 -0.9835151648 -0.0195320103 0.9108767177 -0.1589273515 -0.3808486604 0.3714662623 -0.0862555361 0.9244310675
-0.2914214819 -0.9563954986 -0.0195235776 0.8866299242 -0.2623889802 -0.3808403874 0.3591112606 -0.1282952581 0.9244346539
-0.3992264859 -0.9166446270 -0.0195151406 0.8506723634 -0.3623857449 -0.3808321179 0.3420157059 -0.1686392590 0.9244382387
-0.5017589075 -0.8647875389 -0.0195066995 0.8034788754 -0.4575968646 -0.3808238521 0.3204055173 -0.2067549810 0.9244418220
-0.5976645906 -0.8015091111 -0.0194982542 0.7456727077 -0.5467647570 -0.3808155898 0.2945662067 -0.2421393096 0.9244454038
-0.6856768984 -0.7276450635 -0.0194898048 0.6780172846 -0.6287116496 -0.3808073312 0.2648391074 -0.2743252143 0.9244489840
-0.7646334423 -0.6441709214 -0.0194813512 0.6014061248 -0.7023551357 -0.3807990761 0.2316168646 -0.3028879123 0.9244525627
-0.8334914334 -0.5521891314 -0.0194728934 0.5168510411 -0.7667224721 -0.3807908246 0.1953382497 -0.3274504755 0.9244561398
-0.8913414551 -0.4529145023 -0.0194644315 0.4254687767 -0.8209634275 -0.3807825767 0.1564823647 -0.3476888038 0.9244597153
-0.9374194735 -0.3476581599 -0.0194559655 0.3284662568 -0.8643615135 -0.3807743323 0.1155623160 -0.3633359023 0.9244632893
-0.9711169284 -0.2378102317 -0.0194474952 0.2271246475 -0.8963434487 -0.3807660916 0.0731184375 -0.3741854028 0.9244668617
-0.9919887705 -0.1248214873 -0.0194390209 0.1227824351 -0.9164867320 -0.3807578545 0.0297111570 -0.3800942862 0.9244704326
-0.9997593393 -0.0101841774 -0.0194305423 0.0168177479 -0.9245252238 -0.3807496209 -0.0140864048 -0.3809847674 0.9244740019
-0.9943260039 0.1045876737 -0.0194220596 -0.0893698461 -0.9203526627 -0.3807413910 -0.0576960007 -0.3768453194 0.9244775696
-0.9757605185 0.2179782645 -0.0194135728 -0.1943778244 -0.9040240698 -0.3807331647 -0.1005418916 -0.3677308221 0.9244811358
-0.9443080745 0.3284900353 -0.0194050819 -0.2968192345 -0.8757550232 -0.3807249419 -0.1420584475 -0.3537618353 0.9244847005
-0.9003840628 0.4346634467 -0.0193965867 -0.3953410127 -0.8359188122 -0.3807167228 -0.1816976147 -0.3351230034 0.9244882635
-0.8445685874 0.5350962561 -0.0193880875 -0.4886418559 -0.7850415079 -0.3807085073 -0.2189361503 -0.3120606151 0.9244918250
-0.7775988040 0.6284620368 -0.0193795841 -0.5754894094 -0.7237950158 -0.3807002953 -0.2532825294 -0.2848793490 0.9244953850
-0.7003591847 0.7135276966 -0.0193710765 -0.6547365443 -0.6529882023 -0.3806920870 -0.2842834324 -0.2539382480 0.9244989434
-0.6138698362 0.7891697633 -0.0193625649 -0.7253365097 -0.5735562129 -0.3806838823 -0.3115297287 -0.2196459773 0.9245025002
-0.5192730276 0.8543892225 -0.0193540491 -0.7863567586 -0.4865481208 -0.3806756812 -0.3346618755 -0.1824554262 0.9245060554
-0.4178181045 0.9083247118 -0.0193455291 -0.8369912659 -0.3931130723 -0.3806674838 -0.3533746629 -0.1428577276 0.9245096091
-0.3108449882 0.9502638968 -0.0193370051 -0.8765711754 -0.2944851091 -0.3806592899 -0.3674212402 -0.1013757712 0.9245131612
-0.1997664802 0.9796528790 -0.0193284769 -0.9045736349 -0.1919668703 -0.3806510997 -0.3766163729 -0.0585572998 0.9245167117
-0.0860496024 0.9961035115 -0.0193199445 -0.9206287035 -0.0869123870 -0.3806429130 -0.3808388848 -0.0149676758 0.9245202607
0.0288037775 0.9993985251 -0.0193114081 -0.9245242383 0.0192908008 -0.3806347300 -0.3800332553 0.0288175829 0.9245238081
0.1432767816 0.9894943977 -0.0193028675 -0.9162086982 0.1252399710 -0.3806265507 -0.3742103490 0.0722204023 0.9245273540
0.2558575548 0.9665219298 -0.0192943228 -0.8957918251 0.2295357460 -0.3806183749 -0.3634472695 0.1146677834 0.9245308982
0.3650592326 0.9307845162 -0.0192857740 -0.8635431965 0.3308005762 -0.3806102028 -0.3478863383 0.1555993675 0.9245344409
0.4694395780 0.8827541398 -0.0192772211 -0.8198886654 0.4276969345 -0.3806020343 -0.3277332130 0.1944748334 0.9245379820
0.5676200292 0.8230651378 -0.0192686640 -0.7654047370 0.5189449828 -0.3805938694 -0.3032541691 0.2307810300 0.9245415216
0.6583039064 0.7525058241 -0.0192601029 -0.7008109554 0.6033394762 -0.3805857082 -0.2747725816 0.2640387495 0.9245450596
0.7402935374 0.6720080779 -0.0192515376 -0.6269604009 0.6797656829 -0.3805775506 -0.2426646537 0.2938090529 0.9245485960
0.8125060752 0.5826350366 -0.0192429682 -0.5448284234 0.7472141081 -0.3805693966 -0.2073544470 0.3196990628 0.9245521308
0.8739877994 0.4855670547 -0.0192343947 -0.4554997611 0.8047938279 -0.3805612463 -0.1693082813 0.3413671484 0.9245556640
0.9239267119 0.3820861147 -0.0192258171 -0.3601542138 0.8517442578 -0.3805530996 -0.1290285760 0.3585274330 0.9245591957
0.9616632613 0.2735588963 -0.0192172354 -0.2600510608 0.8874451993 -0.3805449565 -0.0870472150 0.3709535664 0.9245627258
0.9866990538 0.1614187260 -0.0192086496 -0.1565124294 0.9114250327 -0.3805368171 -0.0439185242 0.3784817098 0.9245662543
0.9987034351 0.0471466475 -0.0192000597 -0.0509058321 0.9233669471 -0.3805286814 -0.0002119512 0.3810126963 0.9245697812
0.9975178582 -0.0677481386 -0.0191914656 0.0553738948 0.9231131260 -0.3805205492 0.0434954528 0.3785133371 0.9245733066
0.9831579765 -0.1817482073 -0.0191828675 0.1609230143 0.9106668332 -0.3805124208 0.0866266516 0.3710168568 0.9245768304
0.9558134379 -0.2933479496 -0.0191742653 0.2643474286 0.8861923706 -0.3805042959 0.1286122427 0.3586224515 0.9245803525
0.9158453797 -0.4010734572 -0.0191656590 0.3642810933 0.8500129093 -0.3804961748 0.1688979738 0.3414939764 0.9245838732
0.8637816593 -0.5035019887 -0.0191570486 0.4594040596 0.8026062224 -0.3804880572 0.2069520599 0.3198577795 0.9245873922
0.8003098826 -0.5992807599 -0.0191484341 0.5484599088 0.7445983757 -0.3804799434 0.2422722026 0.2939997104 0.9245909096
0.7262683233 -0.6871448101 -0.0191398156 0.6302723476 0.6767554596 -0.3804718332 0.2743922202 0.2642613438 0.9245944255
0.6426348508 -0.7659337086 -0.0191311929 0.7037607448 0.5999734717 -0.3804637266 0.3028882013 0.2310354676 0.9245979397
0.5505140167 -0.8346068805 -0.0191225662 0.7679544058 0.5152664835 -0.3804556237 0.3273840987 0.1947608946 0.9246014524
0.4511224657 -0.8922573499 -0.0191139353 0.8220053933 0.4237532471 -0.3804475245 0.3475566921 0.1559166674 0.9246049635
0.3457728684 -0.9381237184 -0.0191053004 0.8651997286 0.3266424199 -0.3804394289 0.3631398532 0.1150157319 0.9246084730
0.2358565840 -0.9716002209 -0.0190966614 0.8969668224 0.2252166009 -0.3804313370 0.3739280563 0.0725981639 0.9246119810
0.1228252848 -0.9922447263 -0.0190880184 0.9168870122 0.1208153908 -0.3804232488 0.3797790888 0.0292240378 0.9246154873
0.0081717840 -0.9997845766 -0.0190793712 0.9246971064 0.0148176993 -0.3804151642 0.3806159262 -0.0145339688 0.9246189920
-0.1065896803 -0.9941201878 -0.0190707200 0.9202938618 -0.0913764680 -0.3804070833 0.3764277460 -0.0580981360 0.9246224952
-0.2199434435 -0.9753263656 -0.0190620647 0.9037353481 -0.1963644998 -0.3803990061 0.3672700673 -0.1008933290 0.9246259968
-0.3303924321 -0.9436513173 -0.0190534054 0.8752401823 -0.2987597057 -0.3803909325 0.3532640148 -0.1423545913 0.9246294967
-0.4364779358 -0.8995133736 -0.0190447419 0.8351846424 -0.3972096310 -0.3803828626 0.3345947171 -0.1819346027 0.9246329951
-0.5367988727 -0.8434954642 -0.0190360744 0.7840976984 -0.4904139207 -0.3803747964 0.3115088596 -0.2191109041 0.9246364919
-0.6300302936 -0.7763374183 -0.0190274029 0.7226540272 -0.5771414945 -0.3803667339 0.2843114245 -0.2533927944 0.9246399871
-0.7149408805 -0.6989261945 -0.0190187273 0.6516651022 -0.6562468079 -0.3803586751 0.2533616623 -0.2843278069 0.9246434807
-0.7904092093 -0.6122841660 -0.0190100476 0.5720684764 -0.7266849828 -0.3803506199 0.2190683460 -0.3115076817 0.9246469727
-0.8554385599 -0.5175556186 -0.0190013638 0.4849154000 -0.7875256094 -0.3803425684 0.1818843726 -0.3345737530 0.9246504631
-0.9091700807 -0.4159916377 -0.0189926760 0.3913569368 -0.8379650353 -0.3803345206 0.1423007817 -0.3532216823 0.9246539519
-0.9508941309 -0.3089335854 -0.0189839842 0.2926287609 -0.8773369818 -0.3803264765 0.1008402706 -0.3672054741 0.9246574391
-0.9800596534 -0.1977953849 -0.0189752883 0.1900348372 -0.9051213443 -0.3803184361 0.0580502930 -0.3763407205 0.9246609247
-0.9962814523 -0.0840448466 -0.0189665883 0.0849301987 -0.9209510636 -0.3803103994 0.0144958295 -0.3805070331 0.9246644087
-0.9993452808 0.0308157169 -0.0189578843 -0.0212969502 -0.9246169748 -0.3803023663 -0.0292480717 -0.3796496299 0.9246678911
-0.9892106700 0.1452693328 -0.0189491763 -0.1272435691 -0.9160705712 -0.3802943370 -0.0726038873 -0.3737800551 0.9246713719
-0.9660114643 0.2578044018 -0.0189404642 -0.2315103124 -0.8954246460 -0.3802863113 -0.1149992434 -0.3629760237 0.9246748511
-0.9300540533 0.3669346629 -0.0189317480 -0.3327200127 -0.8629518038 -0.3802782894 -0.1558744720 -0.3473803930 0.9246783287
-0.8818133254 0.4712188220 -0.0189230278 -0.4295358698 -0.8190808613 -0.3802702711 -0.1946899992 -0.3271992731 0.9246818047
-0.8219263958 0.5692795877 -0.0189143036 -0.5206791079 -0.7643911844 -0.3802622566 -0.2309334676 -0.3026993033 0.9246852791
-0.7511841928 0.6598218606 -0.0189055753 -0.6049458659 -0.6996050371 -0.3802542458 -0.2641264997 -0.2742041290 0.9246887519
-0.6705210110 0.7416498386 -0.0188968430 -0.6812230989 -0.6255780428 -0.3802462386 -0.2938310116 -0.2420901264 0.9246922230
-0.5810021729 0.8136828095 -0.0188881067 -0.7485032794 -0.5432878844 -0.3802382352 -0.3196549950 -0.2067814311 0.9246956926
-0.4838099587 0.8749694243 -0.0188793663 -0.8058977060 -0.4538213916 -0.3802302354 -0.3412576905 -0.1687443365 0.9246991606
-0.3802279917 0.9247002617 -0.0188706219 -0.8526482422 -0.3583601872 -0.3802222394 -0.3583540839 -0.1284811359 0.9247026269
-0.2716242861 0.9622185183 -0.0188618735 -0.8881373303 -0.2581650806 -0.3802142471 -0.3707186666 -0.0865234895 0.9247060917
-0.1594331788 0.9870286831 -0.0188531210 -0.9118961498 -0.1545594156 -0.3802062585 -0.3781884100 -0.0434254039 0.9247095548
-0.0451363863 0.9988030820 -0.0188443645 -0.9236108103 -0.0489115923 -0.3801982736 -0.3806649154 0.0002440826 0.9247130164
0.0697565643 0.9973862049 -0.0188356040 -0.9231264984 0.0573830066 -0.3801902925 -0.3781157094 0.0439084138 0.9247164763
0.1837282719 0.9827967604 -0.0188268395 -0.9104495240 0.1629204458 -0.3801823150 -0.3705746705 0.0869911268 0.9247199346
0.2952735019 0.9552274280 -0.0188180709 -0.8857472376 0.2663067805 -0.3801743413 -0.3581415784 0.1289234635 0.9247233913
0.4029190659 0.9150423141 -0.0188092984 -0.8493458216 0.3661764677 -0.3801663713 -0.3409807937 0.1691518782 0.9247268464
0.5052432781 0.8627721428 -0.0188005218 -0.8017259829 0.4612104026 -0.3801584050 -0.3193190855 0.2071453455 0.9247302999
0.6008947319 0.7991072466 -0.0187917412 -0.7435166048 0.5501533418 -0.3801504425 -0.2934426342 0.2424023698 0.9247337517
0.6886101479 0.7248884499 -0.0187829566 -0.6754864421 0.6318304825 -0.3801424836 -0.2636932512 0.2744576044 0.9247372020
0.7672310583 0.6410959630 -0.0187741679 -0.5985339680 0.7051629807 -0.3801345285 -0.2304638634 0.3028879939 0.9247406506
0.8357191067 0.5488364377 -0.0187653753 -0.5136755081 0.7691822006 -0.3801265772 -0.1941933238 0.3273183572 0.9247440976
0.8931697622 0.4493283507 -0.0187565787 -0.4220318177 0.8230425094 -0.3801186295 -0.1553606153 0.3474263389 0.9247475430
0.9388242650 0.3438859117 -0.0187477780 -0.3248132796 0.8660324475 -0.3801106856 -0.1144785256 0.3629466623 0.9247509868
0.9720796483 0.2339017062 -0.0187389734 -0.2233039176 0.8975841260 -0.3801027454 -0.0720868756 0.3736746293 0.9247544289
0.9924967012 0.1208283038 -0.0187301647 -0.1188444383 0.9172807289 -0.3800948090 -0.0287453919 0.3794688200 0.9247578694
0.9998057695 0.0061590739 -0.0187213521 -0.0128145228 0.9248620192 -0.3800868763 0.0149736843 0.3802529570 0.9247613084
0.9939103174 -0.1085915374 -0.0187125354 0.0933853957 0.9202277770 -0.3800789473 0.0584931521 0.3760169097 0.9247647457
0.9748882022 -0.2219080088 -0.0187037148 0.1983526284 0.9034391252 -0.3800710221 0.1012384714 0.3668168245 0.9247681813
0.9429906462 -0.3322937591 -0.0186948902 0.3007007580 0.8747177223 -0.3800631007 0.1426453481 0.3527743812 0.9247716154
0.8986389190 -0.4382909130 -0.0186860615 0.3990779505 0.8344428365 -0.3800551829 0.1821671833 0.3340751836 0.9247750478
0.8424187736 -0.5384995552 -0.0186772289 0.4921848105 0.7831463373 -0.3800472689 0.2192822887 0.3109663058 0.9247784786
0.7750727105 -0.6315962196 -0.0186683923 0.5787915440 0.7215056718 -0.3800393587 0.2535007732 0.2837530282 0.9247819078
0.6974901713 -0.7163513677 -0.0186595517 0.6577542021 0.6503349175 -0.3800314522 0.2843710086 0.2527948042 0.9247853353
0.6106957922 -0.7916456281 -0.0186507072 0.7280297907 0.5705740317 -0.3800235495 0.3114855907 0.2185005122 0.9247887613
0.5158358709 -0.8564845798 -0.0186418586 0.7886900476 0.4832764365 -0.3800156505 0.3344867157 0.1813230557 0.9247921856
0.4141632283 -0.9100118853 -0.0186330061 0.8389337033 0.3895951069 -0.3800077553 0.3530709018 0.1417533819 0.9247956082
0.3070206616 -0.9515206012 -0.0186241496 0.8780970654 0.2907673422 -0.3799998638 0.3669929933 0.1003139985 0.9247990293
0.1958232103 -0.9804625140 -0.0186152891 0.9056627853 0.1880984249 -0.3799919761 0.3760693948 0.0575520741 0.9248024487
0.0820394677 -0.9964553812 -0.0186064246 0.9212666929 0.0829443807 -0.3799840922 0.3801804918 0.0140322134 0.9248058665
-0.0328278151 -0.9992879792 -0.0185975562 0.9247026073 -0.0233059315 -0.3799762120 0.3792722277 -0.0296709975 0.9248092826
-0.1472615761 -0.9889228934 -0.0185886838 0.9159250612 -0.1292491636 -0.3799683356 0.3733568140 -0.0729805773 0.9248126971
-0.2597504783 -0.9654970118 -0.0185798074 0.8950499026 -0.2334860133 -0.3799604629 0.3625125664 -0.1153247668 0.9248161100
-0.3688088702 -0.9293197178 -0.0185709270 0.8623527661 -0.3346397064 -0.3799525940 0.3468828679 -0.1561445772 0.9248195213
-0.4729964068 -0.8808688039 -0.0185620427 0.8182654328 -0.4313741814 -0.3799447289 0.3266742729 -0.1949011695 0.9248229309
-0.5709370724 -0.8207841615 -0.0185531544 0.7633701291 -0.5224117367 -0.3799368676 0.3021537777 -0.2310829668 0.9248263389
-0.6613373539 -0.7498593300 -0.0185442622 0.6983918373 -0.6065499064 -0.3799290100 0.2736452924 -0.2642124075 0.9248297452
-0.7430033241 -0.6690310161 -0.0185353660 0.6241887210 -0.6826773437 -0.3799211562 0.2415253627 -0.2938522484 0.9248331500
-0.8148564105 -0.5793667235 -0.0185264659 0.5417407920 -0.7497884996 -0.3799133062 0.2062181964 -0.3196113353 0.9248365530
-0.8759476397 -0.4820506533 -0.0185175618 0.4521369661 -0.8069969054 -0.3799054599 0.1681900601 -0.3411497651 0.9248399545
-0.9254701708 -0.3783680651 -0.0185086537 0.3565606824 -0.8535468821 -0.3798976175 0.1279431228 -0.3581833711 0.9248433543
-0.9627699515 -0.2696883018 -0.0184997417 0.2562742726 -0.8888235220 -0.3798897788 0.0860088237 -0.3704874717 0.9248467525
-0.9873543560 -0.1574467051 -0.0184908257 0.1526022887 -0.9123608114 -0.3798819439 0.0429408556 -0.3778998344 0.9248501490
-0.9988986919 -0.0431256587 -0.0184819058 0.0469140087 -0.9238477874 -0.3798741127 -0.0006921465 -0.3803228146 0.9248535439
-0.9972504877 0.0717649901 -0.0184729820 -0.0593946485 -0.9231326454 -0.3798662854 -0.0443141129 -0.3777246421 0.9248569371
-0.9824315068 0.1857078703 -0.0184640542 -0.1649195600 -0.9102247457 -0.3798584618 -0.0873491450 -0.3701398374 0.9248603287
-0.9546374606 0.2971981279 -0.0184551224 -0.2682669451 -0.8852944910 -0.3798506421 -0.1292291179 -0.3576687531 0.9248637187
-0.9142354232 0.4047633002 -0.0184461867 -0.3680717740 -0.8486710768 -0.3798428261 -0.1694011810 -0.3404762462 0.9248671070
-0.8617589836 0.5069827631 -0.0184372471 -0.4630157976 -0.8008381443 -0.3798350139 -0.2073350556 -0.3187894989 0.9248704937
-0.7979011989 0.6025064933 -0.0184283035 -0.5518449591 -0.7424273938 -0.3798272056 -0.2425300350 -0.2928950163 0.9248738787
-0.7235054407 0.6900728981 -0.0184193561 -0.6333859583 -0.6742102421 -0.3798194010 -0.2745215933 -0.2631348416 0.9248772621
-0.6395542569 0.7685254775 -0.0184104046 -0.7065617489 -0.5970876346 -0.3798116002 -0.3028875163 -0.2299020380 0.9248806439
-0.5471563951 0.8368280982 -0.0184014493 -0.7704057651 -0.5120781466 -0.3798038032 -0.3272534744 -0.1936354972 0.9248840239
-0.4475321593 0.8940786782 -0.0183924900 -0.8240746886 -0.4203045305 -0.3797960100 -0.3472979614 -0.1548141430 0.9248874024
-0.3419972933 0.9395211000 -0.0183835268 -0.8668595882 -0.3229788876 -0.3797882206 -0.3627565378 -0.1139506070 0.9248907792
-0.2319456035 0.9725551977 -0.0183745596 -0.8981952842 -0.2213866586 -0.3797804350 -0.3734253184 -0.0715844594 0.9248941543
-0.1188305509 0.9927446828 -0.0183655886 -0.9176678144 -0.1168696466 -0.3797726532 -0.3791636620 -0.0282750841 0.9248975278
-0.0041460552 0.9998229068 -0.0183566136 -0.9250199026 -0.0108082947 -0.3797648753 -0.3798960252 0.0154057068 0.9249008997
0.1105932358 0.9936963825 -0.0183476347 -0.9201543583 0.0953965467 -0.3797571011 -0.3756129566 0.0588812226 0.9249042699
0.2238719500 0.9744460190 -0.0183386519 -0.9031353607 0.2003421223 -0.3797493307 -0.3663712191 0.1015775081 0.9249076384
0.3341940047 0.9423260532 -0.0183296651 -0.8741876131 0.3026422995 -0.3797415642 -0.3522930374 0.1429309203 0.9249110053
0.4401023659 0.8977606922 -0.0183206745 -0.8336933754 0.4009458764 -0.3797338015 -0.3335644816 0.1823955694 0.9249143706
0.5401982906 0.8413385105 -0.0183116799 -0.7821874165 0.4939544291 -0.3797260426 -0.3104330076 0.2194505247 0.9249177342
0.6331598012 0.7738046769 -0.0183026814 -0.7203499524 0.5804394613 -0.3797182875 -0.2832041882 0.2536066911 0.9249210961
0.7177591443 0.6960511131 -0.0182936791 -0.6489976624 0.6592586313 -0.3797105362 -0.2522376756 0.2844132645 0.9249244564
0.7928790059 0.6091047141 -0.0182846728 -0.5690729039 0.7293708401 -0.3797027887 -0.2179424514 0.3114636815 0.9249278150
0.8575272681 0.5141137857 -0.0182756626 -0.4816312659 0.7898499835 -0.3796950451 -0.1807714252 0.3344009852 0.9249311720
0.9108501120 0.4123328789 -0.0182666485 -0.3878276283 0.8398971847 -0.3796873053 -0.1412154530 0.3529225355 0.9249345273
0.9521432943 0.3051062210 -0.0182576305 -0.2889009083 0.8788513468 -0.3796795693 -0.0997968554 0.3667840019 0.9249378809
0.9808614481 0.1938499624 -0.0182486086 -0.1861576975 0.9061978855 -0.3796718371 -0.0570625208 0.3758025869 0.9249412329
0.9966252861 0.0800334731 -0.0182395828 -0.0809550050 0.9215755268 -0.3796641088 -0.0135766841 0.3798594366 0.9249445833
0.9992266094 -0.0348400632 -0.0182305532 0.0253176658 0.9247810799 -0.3796563843 0.0300865231 0.3789012066 0.9249479319
0.9886310578 -0.1492535016 -0.0182215196 0.1312566697 0.9157721217 -0.3796486636 0.0733506521 0.3729407640 0.9249512789
0.9649785633 -0.2616957734 -0.0182124821 0.2354627588 0.8946675588 -0.3796409468 0.1156445481 0.3620570142 0.9249546243
0.9285815022 -0.3706818427 -0.0182034408 0.3365595639 0.8617460575 -0.3796332338 0.1564098900 0.3463938565 0.9249579680
0.8799205695 -0.4747723196 -0.0181943955 0.4332117739 0.8174423649 -0.3796255247 0.1951085606 0.3261582815 0.9249613100
0.8196384303 -0.5725924700 -0.0181853464 0.5241427726 0.7623415672 -0.3796178193 0.2312297503 0.3016176357 0.9249646504
0.7485312326 -0.6628503724 -0.0181762934 0.6081515014 0.6971713633 -0.3796101179 0.2642966992 0.2730960893 0.9249679891
0.6675380918 -0.7443539800 -0.0181672365 0.6841283225 0.6227924541 -0.3796024202 0.2938729901 0.2409703542 0.9249713261
0.5777286884 -0.8160268643 -0.0181581758 0.7510696766 0.5401871755 -0.3795947264 0.3195683080 0.2056647082 0.9249746614
0.4802891404 -0.8769224318 -0.0181491111 0.8080913380 0.4504465242 -0.3795870365 0.3410435911 0.1676453920 0.9249779951
0.3765063381 -0.9262364256 -0.0181400426 0.8544400947 0.3547557489 -0.3795793504 0.3580155051 0.1274144515 0.9249813272
0.2677509483 -0.9633175476 -0.0181309702 0.8895036976 0.2543786956 -0.3795716681 0.3702601810 0.0855031090 0.9249846575
0.1554593116 -0.9876760600 -0.0181218940 0.9128189481 0.1506411157 -0.3795639897 0.3776161682 0.0424647484 0.9249879862
0.0411144726 -0.9989902533 -0.0181128138 0.9240778171 0.0449131558 -0.3795563152 0.3799865630 -0.0011323918 0.9249913133
-0.0737734068 -0.9971106957 -0.0181037298 0.9231315146 -0.0614087392 -0.3795486445 0.3773402857 -0.0447127201 0.9249946386
-0.1876869921 -0.9820622062 -0.0180946420 0.9099924559 -0.1669202701 -0.3795409776 0.3697124873 -0.0877008921 0.9249979623
-0.2991218159 -0.9540435274 -0.0180855502 0.8848340987 -0.2702278315 -0.3795333146 0.3572040832 -0.1295294058 0.9250012843
-0.4066061476 -0.9134247000 -0.0180764547 0.8479886534 -0.3699669182 -0.3795256555 0.3399804178 -0.1696460931 0.9250046046
-0.5087204306 -0.8607421764 -0.0180673552 0.7999426961 -0.4648201485 -0.3795180002 0.3182690788 -0.2075214093 0.9250079233
-0.6041160304 -0.7966917354 -0.0180582519 0.7413307431 -0.5535346642 -0.3795103488 0.2923568900 -0.2426554228 0.9250112403
-0.6915330466 -0.7221192933 -0.0180491448 0.6729268711 -0.6349386789 -0.3795027013 0.2625861224 -0.2745844137 0.9250145556
-0.7698169520 -0.6380097316 -0.0180400337 0.5956344941 -0.7079569554 -0.3794950576 0.2293499725 -0.3028869949 0.9250178692
-0.8379338409 -0.5454738897 -0.0180309189 0.5104744322 -0.7716250085 -0.3794874178 0.1930873699 -0.3271896726 0.9250211812
-0.8949840839 -0.4457338940 -0.0180218002 0.4185714290 -0.8251018446 -0.3794797819 0.1542771803 -0.3471717756 0.9250244915
-0.9402142097 -0.3401070174 -0.0180126776 0.3211392970 -0.8676810701 -0.3794721498 0.1134318817 -0.3625696860 0.9250278001
-0.9730268560 -0.2299882816 -0.0180035512 0.2194648857 -0.8988002230 -0.3794645216 0.0710907974 -0.3731803177 0.9250311070
-0.9929886589 -0.1168320334 -0.0179944209 0.1148910859 -0.9180482022 -0.3794568973 0.0278129751 -0.3788637941 0.9250344123
-0.9998359770 -0.0021327365 -0.0179852868 0.0087990926 -0.9251706990 -0.3794492768 -0.0158301951 -0.3795452926 0.9250377159
-0.9934783726 0.1125947655 -0.0179761489 -0.0974098373 -0.9200735569 -0.3794416602 -0.0592625240 -0.3752160294 0.9250410178
-0.9739998069 0.2258352561 -0.0179670071 -0.2023328929 -0.9028240161 -0.3794340475 -0.1019106308 -0.3659333725 0.9250443180
-0.9416575306 0.3360931572 -0.0179578615 -0.3045842377 -0.8736498267 -0.3794264387 -0.1432115123 -0.3518200817 0.9250476165
-0.8968786869 0.4419122818 -0.0179487121 -0.4028133136 -0.8329362418 -0.3794188338 -0.1826199754 -0.3330626852 0.9250509134
-0.8402546698 0.5418950655 -0.0179395588 -0.4957226800 -0.7812209297 -0.3794112327 -0.2196158336 -0.3099090139 0.9250542085
-0.7725333142 0.6347210247 -0.0179304017 -0.5820851499 -0.7191868739 -0.3794036355 -0.2537107739 -0.2826649274 0.9250575020
-0.6946090182 0.7191641961 -0.0179212408 -0.6607600001 -0.6476533528 -0.3793960423 -0.2844548014 -0.2516902734 0.9250607938
-0.6075109319 0.7941093282 -0.0179120760 -0.7307080380 -0.5675651197 -0.3793884529 -0.3114421790 -0.2173941346 0.9250640839
-0.5123893646 0.8585666107 -0.0179029074 -0.7910053278 -0.4799799255 -0.3793808674 -0.3343167816 -0.1802294264 0.9250673724
-0.4105005928 0.9116847468 -0.0178937350 -0.8408553952 -0.3860545485 -0.3793732857 -0.3527767958 -0.1406869150 0.9250706591
-0.3031902686 0.9527621968 -0.0178845588 -0.8795997479 -0.2870295159 -0.3793657080 -0.3665787016 -0.0992887375 0.9250739441
-0.1918756474 0.9812564429 -0.0178753788 -0.9067265738 -0.1842127204 -0.3793581342 -0.3755404855 -0.0565815067 0.9250772275
-0.0780268704 0.9967911549 -0.0178661949 -0.9218775022 -0.0789621448 -0.3793505643 -0.3795440401 -0.0131290942 0.9250805092
0.0368524522 0.9991611602 -0.0178570072 -0.9248523382 0.0273320732 -0.3793429982 -0.3785367212 0.0304948146 0.9250837892
0.1512450990 0.9883351534 -0.0178478158 -0.9156117079 0.1332660019 -0.3793354361 -0.3725320394 0.0737142946 0.9250870675
0.2636402756 0.9644561103 -0.0178386205 -0.8942775797 0.2374404590 -0.3793278778 -0.3616094794 0.1159587846 0.9250903441
0.3725535680 0.9278393992 -0.0178294213 -0.8611316541 0.3384794919 -0.3793203235 -0.3459134476 0.1566706190 0.9250936190
0.4765465472 0.8789686161 -0.0178202184 -0.8166116446 0.4350485514 -0.3793127731 -0.3256513630 0.1953123902 0.9250968922
0.5742457668 0.8184891980 -0.0178110117 -0.7613054968 0.5258721191 -0.3793052266 -0.3010909162 0.2313740418 0.9251001637
0.6643609021 0.7471998980 -0.0178018012 -0.6959436244 0.6097505545 -0.3792976839 -0.2725565326 0.2643796015 0.9251034336
0.7457017918 0.6660422371 -0.0177925869 -0.6213892621 0.6855759408 -0.3792901452 -0.2404250873 0.2938934633 0.9251067017
0.8171941563 0.5760880685 -0.0177833688 -0.5386270658 0.7523467188 -0.3792826104 -0.2051209273 0.3195261366 0.9251099682
0.8778937862 0.4785254224 -0.0177741468 -0.4487501072 0.8091809163 -0.3792750796 -0.1671102672 0.3409393859 0.9251132329
0.9269990123 0.3746428149 -0.0177649211 -0.3529454375 0.8553277978 -0.3792675526 -0.1268950326 0.3578506945 0.9251164960
0.9638612935 0.2658122312 -0.0177556916 -0.2524784095 0.8901777815 -0.3792600295 -0.0850062325 0.3700369914 0.9251197573
0.9879937823 0.1534710051 -0.0177464583 -0.1486759652 0.9132704916 -0.3792525104 -0.0419969472 0.3773375940 0.9251230170
0.9990777543 0.0391028364 -0.0177372213 -0.0429091097 0.9243008395 -0.3792449952 0.0015649735 0.3796563265 0.9251262750
0.9969668183 -0.0757818047 -0.0177279804 0.0634251966 0.9231230553 -0.3792374839 0.0451044084 0.3769627870 0.9251295312
0.9816888492 -0.1896656264 -0.0177187357 0.1689224887 0.9097526135 -0.3792299765 0.0880465572 0.3692927462 0.9251327858
0.9534456201 -0.3010445542 -0.0177094873 0.2721893479 0.8843660299 -0.3792224730 0.1298245293 0.3567476722 0.9251360387
0.9126101377 -0.4084475955 -0.0177002351 0.3718618056 0.8472985314 -0.3792149735 0.1698868273 0.3394933878 0.9251392898
0.8597217158 -0.5104562671 -0.0176909791 0.4666233592 0.7990396294 -0.3792074779 0.2077046270 0.3177578795 0.9251425393
0.7954788526 -0.6057233294 -0.0176817193 0.5552223605 0.7402266550 -0.3791999862 0.2427787581 0.2918282840 0.9251457870
0.7207300059 -0.6929905793 -0.0176724557 0.6364885486 0.6716363425 -0.3791924985 0.2746462927 0.2620470959 0.9251490331
0.6364623869 -0.7711054674 -0.0176631884 0.7093485068 0.5941745708 -0.3791850147 0.3028866553 0.2288076432 0.9251522774
0.5437889229 -0.8390363202 -0.0176539173 0.7728398409 0.5088643998 -0.3791775348 0.3271271735 0.1925488926 0.9251555201
0.4439335579 -0.8958859653 -0.0176446425 0.8261238920 0.4168325582 -0.3791700588 0.3470479956 0.1537496526 0.9251587610
0.3382150886 -0.9409035805 -0.0176353638 0.8684968136 0.3192945624 -0.3791625868 0.3623863113 0.1129222506 0.9251620002
0.2280297467 -0.9734946101 -0.0176260814 0.8993988694 0.2175386625 -0.3791551187 0.3729398187 0.0706057680 0.9251652378
0.1148327587 -0.9932286172 -0.0176167953 0.9184218272 0.1129088276 -0.3791476546 0.3785693924 0.0273589218 0.9251684736
0.0001191266 -0.9998449688 -0.0176075054 0.9253143518 0.0067869948 -0.3791401944 0.3792009179 -0.0162473117 0.9251717077
-0.1145961165 -0.9932562776 -0.0175982117 0.9199853259 -0.0994251832 -0.3791327382 0.3748262668 -0.0596372359 0.9251749401
-0.2277979158 -0.9735495569 -0.0175889142 0.9025050542 -0.2043248511 -0.3791252859 0.3655034018 -0.1022380339 0.9251781708
-0.3379912041 -0.9409850706 -0.0175796131 0.8731043366 -0.3065264797 -0.3791178375 0.3513556082 -0.1434873308 0.9251813998
-0.4437206476 -0.8959928968 -0.0175703081 0.8321714201 -0.4046801669 -0.3791103931 0.3325698641 -0.1828406174 0.9251846271
-0.5435898661 -0.8391672472 -0.0175609994 0.7802468724 -0.4974894666 -0.3791029526 0.3093943689 -0.2197784381 0.9251878526
-0.6362798758 -0.7712586194 -0.0175516870 0.7180164429 -0.5837285134 -0.3790955161 0.2821352642 -0.2538132477 0.9251910765
-0.7205665087 -0.6931638853 -0.0175423708 0.6463020062 -0.6622582137 -0.3790880835 0.2511525897 -0.2844958463 0.9251942986
-0.7953365806 -0.6059144459 -0.0175330508 0.5660507077 -0.7320412921 -0.3790806549 0.2168555278 -0.3114213077 0.9251975190
-0.8596025931 -0.5106626096 -0.0175237272 0.4783224542 -0.7921559921 -0.3790732303 0.1796969995 -0.3342343239 0.9252007377
-0.9125157757 -0.4086663737 -0.0175143997 0.3842759160 -0.8418082515 -0.3790658096 0.1401676836 -0.3526338933 0.9252039547
-0.9533772951 -0.3012728096 -0.0175050686 0.2851532231 -0.8803421915 -0.3790583928 0.0987895366 -0.3663772920 0.9252071700
-0.9816474856 -0.1899002723 -0.0174957337 0.1822635600 -0.9072487802 -0.3790509801 0.0561089013 -0.3752832762 0.9252103835
-0.9969529759 -0.0760196679 -0.0174863950 0.0769658741 -0.9221725572 -0.3790435712 0.0126892928 -0.3792344720 0.9252135954
-0.9990916207 0.0388649726 -0.0174770527 -0.0293490729 -0.9249163295 -0.3790361664 -0.0308960416 -0.3781789225 0.9252168055
-0.9880351704 0.1532363575 -0.0174677066 -0.1352770737 -0.9154437767 -0.3790287655 -0.0740716907 -0.3721307707 0.9252200139
-0.9639296442 0.2655839731 -0.0174583568 -0.2394190230 -0.8938799324 -0.3790213686 -0.1162676757 -0.3611700702 0.9252232206
-0.9270934017 0.3744240334 -0.0174490032 -0.3403993963 -0.8605095335 -0.3790139756 -0.1569269751 -0.3454417258 0.9252264256
-0.8780129384 0.4783190763 -0.0174396459 -0.4368844182 -0.8157732604 -0.3790065866 -0.1955128772 -0.3251535772 0.9252296288
-0.8173364605 0.5758969487 -0.0174302849 -0.5275996795 -0.7602619176 -0.3789992016 -0.2315160656 -0.3005736532 0.9252328303
-0.7458653240 0.6658689286 -0.0174209202 -0.6113469699 -0.6947086313 -0.3789918206 -0.2644613411 -0.2720266303 0.9252360301
-0.6645434513 0.7470467450 -0.0174115517 -0.6870201046 -0.6199791670 -0.3789844435 -0.2939138943 -0.2398895440 0.9252392282
-0.5744448647 0.8183582721 -0.0174021796 -0.7536195355 -0.5370604955 -0.3789770704 -0.3194850437 -0.2045868094 0.9252424246
-0.4767595018 0.8788616887 -0.0173928037 -0.8102655538 -0.4470477578 -0.3789697013 -0.3408373655 -0.1665846163 0.9252456192
-0.3727774997 0.9277579169 -0.0173834241 -0.8562099104 -0.3511298009 -0.3789623362 -0.3576891458 -0.1263847721 0.9252488121
-0.2638721564 0.9644011758 -0.0173740408 -0.8908456993 -0.2505734760 -0.3789549750 -0.3698180973 -0.0845180769 0.9252520033
-0.1514817932 0.9883075104 -0.0173646538 -0.9137153750 -0.1467069066 -0.3789476178 -0.3770642914 -0.0415373135 0.9252551928
-0.0370907590 0.9991611834 -0.0173552631 -0.9245167963 -0.0409019469 -0.3789402647 -0.3793322673 0.0019900502 0.9252583805
0.0777901737 0.9968188450 -0.0173458687 -0.9231072184 0.0654439376 -0.3789329154 -0.3765922892 0.0454893539 0.9252615665
0.1916437619 0.9813114263 -0.0173364705 -0.9095051793 0.1709261276 -0.3789255702 -0.3688807360 0.0883863315 0.9252647508
0.3029663304 0.9528437308 -0.0173270687 -0.8838902558 0.2741514024 -0.3789182290 -0.3562996188 0.1301146926 0.9252679333
0.4102876306 0.9117917299 -0.0173176632 -0.8466006929 0.3737563415 -0.3789108918 -0.3390152310 0.1701235977 0.9252711141
0.5121902589 0.8586975969 -0.0173082540 -0.7981289373 0.4684253333 -0.3789035585 -0.3172559505 0.2078849301 0.9252742932
0.6073283759 0.7942625472 -0.0172988411 -0.7391151337 0.5569079516 -0.3788962293 -0.2913092220 0.2429002668 0.9252774706
0.6944454814 0.7193375766 -0.0172894244 -0.6703386716 0.6380354722 -0.3788889040 -0.2615177599 0.2747074572 0.9252806462
0.7723910089 0.6349122229 -0.0172800041 -0.5927078908 0.7107363100 -0.3788815827 -0.2282750215 0.3028867228 0.9252838201
0.8401355216 0.5421014964 -0.0172705801 -0.5072480861 0.7740501729 -0.3788742655 -0.1920200107 0.3270661974 0.9252869922
0.8967843080 0.4421311543 -0.0172611525 -0.4150879647 0.8271407462 -0.3788669522 -0.1532314804 0.3469268342 0.9252901627
0.9415891985 0.3363215120 -0.0172517211 -0.3174447398 0.8693067400 -0.3788596429 -0.1124216105 0.3622066157 0.9252933314
0.9739584469 0.2260700054 -0.0172422861 -0.2156080535 0.8999911519 -0.3788523377 -0.0701292451 0.3727040101 0.9252964983
0.9934645454 0.1128327350 -0.0172328473 -0.1109229441 0.9187886258 -0.3788450364 -0.0269127775 0.3782806300 0.9252996635
0.9998498708 -0.0018947649 -0.0172234049 -0.0047720805 0.9254508062 -0.3788377392 0.0166572224 0.3788630561 0.9253028270
0.9930300874 -0.1165972780 -0.0172139588 0.1014424994 0.9198896198 -0.3788304459 0.0600055409 0.3744438038 0.9253059888
0.9730952601 -0.2297599173 -0.0172045091 0.2063179069 0.9021784398 -0.3788231567 0.1025599143 0.3650814199 0.9253091488
0.9403086659 -0.3398881328 -0.0171950556 0.3084689323 0.8725511179 -0.3788158715 0.1437585843 0.3508997063 0.9253123071
0.8951033162 -0.4455274498 -0.0171855985 0.4065463406 0.8313988964 -0.3788085903 0.1830577128 0.3320860831 0.9253154636
0.8380762381 -0.5452826784 -0.0171761378 0.4992546927 0.7792652418 -0.3788013131 0.2199385617 0.3088891121 0.9253186184
0.7699805898 -0.6378363400 -0.0171666733 0.5853694557 0.7168386679 -0.3787940399 0.2539143392 0.2816152120 0.9253217714
0.6917157133 -0.7219660673 -0.0171572052 0.6637531775 0.6449436422 -0.3787867707 0.2845366256 0.2506246118 0.9253249227
0.6043152567 -0.7965607483 -0.0171477335 0.7333705110 0.5645296979 -0.3787795055 0.3114012912 0.2163265921 0.9253280723
0.5089335232 -0.8606352009 -0.0171382580 0.7933018890 0.4766588925 -0.3787722444 0.3341538298 0.1791740804 0.9253312201
0.4068302256 -0.9133431844 -0.0171287790 0.8427556713 0.3824917814 -0.3787649873 0.3524940368 0.1396576696 0.9253343662
0.2993538496 -0.9539885756 -0.0171192962 0.8810786016 0.2832720894 -0.3787577342 0.3661799702 0.0982991402 0.9253375106
0.1879238441 -0.9820345632 -0.0171098098 0.9077644361 0.1803102842 -0.3787504852 0.3750311419 0.0556445703 0.9253406532
0.0740118743 -0.9971107368 -0.0171003198 0.9224606315 0.0749662681 -0.3787432401 0.3789308984 0.0122571253 0.9253437940
-0.0408776143 -0.9990179800 -0.0170908261 0.9249730023 -0.0313685832 -0.3787359991 0.3778279578 -0.0312903768 0.9253469331
-0.1552272660 -0.9877310991 -0.0170813287 0.9152682864 -0.1372897982 -0.3787287621 0.3717370843 -0.0744230287 0.9253500705
-0.2675268537 -0.9633991568 -0.0170718277 0.8934745857 -0.2413983596 -0.3787215292 0.3607388906 -0.1165714233 0.9253532061
-0.3762932257 -0.9263435029 -0.0170623231 0.8598796752 -0.3423191828 -0.3787143003 0.3449787710 -0.1571791705 0.9253563400
-0.4800898929 -0.8770535310 -0.0170528148 0.8149272029 -0.4387192781 -0.3787070754 0.3246649791 -0.1957102419 0.9253594721
-0.5775460015 -0.8161802142 -0.0170433029 0.7592108312 -0.5293253573 -0.3786998545 0.3000658760 -0.2316560469 0.9253626025
-0.6673744371 -0.7445275084 -0.0170337873 0.6934663967 -0.6129406519 -0.3786926377 0.2715063853 -0.2645421450 0.9253657311
-0.7483888248 -0.6630417341 -0.0170242681 0.6185621921 -0.6884607203 -0.3786854249 0.2393637009 -0.2939345087 0.9253688579
-0.8195191969 -0.5727990785 -0.0170147453 0.5354874987 -0.7548880363 -0.3786782162 0.2040623056 -0.3194452510 0.9253719831
-0.8798261247 -0.4749913819 -0.0170052188 0.4453395204 -0.8113451649 -0.3786710115 0.1660683650 -0.3407377446 0.9253751064
-0.9285131252 -0.3709103973 -0.0169956887 0.3493088929 -0.8570863525 -0.3786638109 0.1258835717 -0.3575310636 0.9253782280
-0.9649371809 -0.2619307302 -0.0169861550 0.2486639577 -0.8915073778 -0.3786566142 0.0840385210 -0.3696036904 0.9253813479
-0.9886172318 -0.1494916837 -0.0169766176 0.1447340109 -0.9141535328 -0.3786494217 0.0410857046 -0.3767964370 0.9253844660
-0.9992405290 -0.0350782498 -0.0169670767 0.0388917456 -0.9247256303 -0.3786422332 -0.0024077838 -0.3790145446 0.9253875824
-0.9966667653 0.0797985031 -0.0169575321 -0.0674648783 -0.9230839561 -0.3786350487 -0.0458677359 -0.3762289314 0.9253906969
-0.9809299284 0.1936213870 -0.0169479838 -0.1729310979 -0.9092501156 -0.3786278683 -0.0887204093 -0.3684765743 0.9253938098
-0.9522378518 0.3048871318 -0.0169384320 -0.2761139023 -0.8834067492 -0.3786206919 -0.1304001020 -0.3558600178 0.9253969209
-0.9109694703 0.4121262396 -0.0169288766 -0.3756504308 -0.8458951215 -0.3786135196 -0.1703566202 -0.3385460176 0.9254000302
-0.8576698152 0.5139223918 -0.0169193175 -0.4702259745 -0.7972106143 -0.3786063514 -0.2080625412 -0.3167633368 0.9254031378
-0.7930428161 0.6089311554 -0.0169097548 -0.5585913411 -0.7379961850 -0.3785991872 -0.2430201750 -0.2907997230 0.9254062436
-0.7179420043 0.6958977382 -0.0169001885 -0.6395793547 -0.6690338751 -0.3785920270 -0.2747681339 -0.2609981070 0.9254093476
-0.6333592399 0.7736735618 -0.0168906186 -0.7121202728 -0.5912344818 -0.3785848710 -0.3028874217 -0.2277520742 0.9254124499
-0.5404116124 0.8412314304 -0.0168810451 -0.7752559159 -0.5056255290 -0.3785777189 -0.3270069634 -0.1915006654 0.9254155505
-0.4403266872 0.8976790975 -0.0168714680 -0.8281523238 -0.4133376966 -0.3785705710 -0.3468085022 -0.1527225799 0.9254186492
-0.3344262930 0.9422710498 -0.0168618873 -0.8701107718 -0.3155898866 -0.3785634271 -0.3620307990 -0.1119298538 0.9254217462
-0.2241090647 0.9744183532 -0.0168523030 -0.9005770001 -0.2136731248 -0.3785562873 -0.3724730783 -0.0696610990 0.9254248415
-0.1108319708 0.9936964311 -0.0168427151 -0.9191485356 -0.1089335091 -0.3785491515 -0.3779976769 -0.0264743916 0.9254279350
0.0039089282 0.9998506720 -0.0168331236 -0.9255800086 -0.0027544301 -0.3785420198 -0.3785318586 0.0170600963 0.9254310267
0.1185982388 0.9927997918 -0.0168235285 -0.9197863948 0.1034616997 -0.3785348922 -0.3740687713 0.0603676242 0.9254341167
0.2317212484 0.9726369080 -0.0168139298 -0.9018441392 0.2083119701 -0.3785277687 -0.3646675357 0.1028764712 0.9254372048
0.3417839301 0.9396283093 -0.0168043276 -0.8719901477 0.3104115019 -0.3785206492 -0.3504524611 0.1440254832 0.9254402913
0.4473326745 0.8942099394 -0.0167947217 -0.8306186586 0.4084117392 -0.3785135338 -0.3316114026 0.1832714806 0.9254433759
