1963
37810
-0.8396360885 -0.5427900640 -0.0197531105 0.5010170211 -0.7599488104 -0.4140769856 0.2097455207 -0.3575706251 0.9100275076
-0.8963668615 -0.4428723695 -0.0197614255 0.4105225596 -0.8124151722 -0.4140686127 0.1673250657 -0.3792698938 0.9100311368
-0.9412592275 -0.3371056574 -0.0197697363 0.3146058478 -0.8541529613 -0.4140602363 0.1226956693 -0.3959576928 0.9100347676
-0.9737202932 -0.2268867990 -0.0197780429 0.2145335461 -0.8846108850 -0.4140518563 0.0764470283 -0.4074137486 0.9100383999
-0.9933213471 -0.1136714650 -0.0197863453 0.1116272061 -0.9033866113 -0.4140434728 0.0291902088 -0.4134869146 0.9100420337
-0.9998035206 0.0010450996 -0.0197946434 0.0072458173 -0.9102320835 -0.4140350858 -0.0184504274 -0.4140971648 0.9100456691
-0.9930812076 0.1157478238 -0.0198029373 -0.0972321390 -0.9050567975 -0.4140266953 -0.0658454720 -0.4092366486 0.9100493060
-0.9732431946 0.2289218194 -0.0198112269 -0.2004268947 -0.8879289984 -0.4140183012 -0.1123687857 -0.3989697914 0.9100529444
-0.9405514882 0.3390723890 -0.0198195124 -0.3009756162 -0.8590747803 -0.4140099037 -0.1574057704 -0.3834324411 0.9100565843
-0.8954378545 0.4447447665 -0.0198277936 -0.3975504028 -0.8188751022 -0.4140015026 -0.2003614881 -0.3628300699 0.9100602257
-0.8384981171 0.5445433297 -0.0198360705 -0.4888758237 -0.7678607581 -0.4139930980 -0.2406685202 -0.3374350578 0.9100638687
-0.7704842874 0.6371500332 -0.0198443433 -0.5737457618 -0.7067053681 -0.4139846899 -0.2777944628 -0.3075830910 0.9100675132
-0.6922946333 0.7213418153 -0.0198526118 -0.6510393431 -0.6362164842 -0.4139762783 -0.3112489589 -0.2736687244 0.9100711592
-0.6049618150 0.7960067513 -0.0198608760 -0.7197357397 -0.5573249261 -0.4139678632 -0.3405901751 -0.2361401675 0.9100748067
-0.5096392469 0.8601587385 -0.0198691360 -0.7789276523 -0.4710724899 -0.4139594445 -0.3654306370 -0.1954933601 0.9100784558
-0.4075858645 0.9129505202 -0.0198773918 -0.8278332931 -0.3785981906 -0.4139510224 -0.3854423458 -0.1522654186 0.9100821064
-0.3001494970 0.9536848749 -0.0198856433 -0.8658067113 -0.2811232209 -0.4139425968 -0.4003611097 -0.1070275388 0.9100857585
-0.1887490668 0.9818238248 -0.0198938906 -0.8923463251 -0.1799348241 -0.4139341677 -0.4099900314 -0.0603774477 0.9100894121
-0.0748558495 0.9969957406 -0.0199021336 -0.9071015470 -0.0763692954 -0.4139257350 -0.4142021067 -0.0129315064 0.9100930672
0.0400259573 0.9990002502 -0.0199103724 -0.9098774149 0.0282056656 -0.4139172989 -0.4129418998 0.0346834343 0.9100967238
0.1543791004 0.9878108840 -0.0199186069 -0.9006371681 0.1324090168 -0.4139088593 -0.4062262730 0.0818383150 0.9101003820
0.2666933088 0.9635754253 -0.0199268371 -0.8795027343 0.2348646117 -0.4139004162 -0.3941441607 0.1279101793 0.9101040417
0.3754852407 0.9266139580 -0.0199350631 -0.8467531208 0.3342193739 -0.4138919696 -0.3768553918 0.1722904028 0.9101077029
0.4793180737 0.8774146395 -0.0199432849 -0.8028207311 0.4291611656 -0.4138835195 -0.3545885756 0.2143927338 0.9101113655
0.5768204810 0.8166272530 -0.0199515024 -0.7482856554 0.5184361173 -0.4138750659 -0.3276380787 0.2536610376 0.9101150298
0.6667047426 0.7450546261 -0.0199597156 -0.6838680118 0.6008651867 -0.4138666088 -0.2963601332 0.2895766420 0.9101186955
0.7477837528 0.6636420278 -0.0199679246 -0.6104184365 0.6753597304 -0.4138581483 -0.2611681286 0.3216651885 0.9101223627
0.8189866975 0.5734646839 -0.0199761293 -0.5289068520 0.7409358817 -0.4138496842 -0.2225271474 0.3495028978 0.9101260314
0.8793731971 0.4757135765 -0.0199843297 -0.4404096581 0.7967275446 -0.4138412167 -0.1809478194 0.3727221656 0.9101297017
0.9281457259 0.3716797147 -0.0199925259 -0.3460955185 0.8419978329 -0.4138327457 -0.1369795734 0.3910164178 0.9101333735
0.9646601453 0.2627370841 -0.0200007178 -0.2472099270 0.8761488027 -0.4138242713 -0.0912033774 0.4041441576 0.9101370467
0.9884342105 0.1503245000 -0.0200089054 -0.1450587603 0.8987293504 -0.4138157933 -0.0442240617 0.4119321540 0.9101407215
0.9991539397 0.0359266054 -0.0200170887 -0.0409910326 0.9094411712 -0.4138073119 0.0033376726 0.4142777271 0.9101443978
0.9966777610 -0.0789457371 -0.0200252678 0.0636189198 0.9081427001 -0.4137988270 0.0508534542 0.4111501025 0.9101480755
0.9810383818 -0.1927753992 -0.0200334426 0.1673895879 0.8948509828 -0.4137903387 0.0976955435 0.4025908146 0.9101517548
0.9524423571 -0.3040590241 -0.0200416131 0.2689505349 0.8697414518 -0.4137818468 0.1432451262 0.3887131550 0.9101554356
0.9112673610 -0.4113268810 -0.0200497793 0.3669604943 0.8331456110 -0.4137733515 0.1869004878 0.3697006732 0.9101591179
0.8580571992 -0.5131622764 -0.0200579413 0.4601250839 0.7855466592 -0.4137648528 0.2280849625 0.3458047488 0.9101628017
0.7935146263 -0.6082202640 -0.0200660989 0.5472138998 0.7275731099 -0.4137563506 0.2662545508 0.3173412676 0.9101664870
0.7184920649 -0.6952454078 -0.0200742523 0.6270767661 0.6599904925 -0.4137478449 0.3009051048 0.2846864462 0.9101701738
0.6339803473 -0.7730883626 -0.0200824014 0.6986589256 0.5836912435 -0.4137393358 0.3315789875 0.2482718588 0.9101738621
0.5410956296 -0.8407210534 -0.0200905462 0.7610149695 0.4996829217 -0.4137308232 0.3578711163 0.2085787338 0.9101775519
0.4410646501 -0.8972502534 -0.0200986867 0.8133213242 0.4090749030 -0.4137223071 0.3794343132 0.1661315941 0.9101812431
0.3352085283 -0.9419293807 -0.0201068230 0.8548871284 0.3130637308 -0.4137137876 0.3959838888 0.1214913258 0.9101849359
0.2249253161 -0.9741683585 -0.0201149549 0.8851633584 0.2129173147 -0.4137052647 0.4073014008 0.0752477664 0.9101886302
0.1116715340 -0.9935414083 -0.0201230825 0.9037500794 0.1099581863 -0.4136967383 0.4132375376 0.0280119119 0.9101923260
-0.0030570657 -0.9997926730 -0.0201312058 0.9104017288 0.0055460344 -0.4136882084 0.4137140880 -0.0195921566 0.9101960233
-0.1177452527 -0.9928395958 -0.0201393249 0.9050303603 -0.0989402513 -0.4136796751 0.4087249716 -0.0669355183 0.9101997220
-0.2308783314 -0.9727740112 -0.0201474396 0.8877068071 -0.2021207905 -0.4136711384 0.3983363162 -0.1133927214 0.9102034223
-0.3409621448 -0.9398609310 -0.0201555500 0.8586597473 -0.3026329348 -0.4136625982 0.3826855814 -0.1583500462 0.9102071240
-0.4465428085 -0.8945350452 -0.0201636561 0.8182726856 -0.3991492641 -0.4136540546 0.3619797399 -0.2012136123 0.9102108273
-0.5462259120 -0.8373949805 -0.0201717579 0.7670788900 -0.4903951168 -0.4136455075 0.3364925401 -0.2414172243 0.9102145320
-0.6386949346 -0.7691953938 -0.0201798554 0.7057543504 -0.5751654238 -0.4136369570 0.3065608870 -0.2784298500 0.9102182382
-0.7227286334 -0.6908370063 -0.0201879486 0.6351088523 -0.6523406242 -0.4136284031 0.2725803887 -0.3117626354 0.9102219459
-0.7972171713 -0.6033547065 -0.0201960375 0.5560752841 -0.7209014507 -0.4136198457 0.2350001279 -0.3409753607 0.9102256551
-0.8611767758 -0.5079038829 -0.0202041221 0.4696973182 -0.7799423916 -0.4136112850 0.1943167264 -0.3656822548 0.9102293658
-0.9137627308 -0.4057451647 -0.0202122023 0.3771156280 -0.8286836504 -0.4136027207 0.1510677824 -0.3855570889 0.9102330780
-0.9542805333 -0.2982277721 -0.0202202783 0.2795528258 -0.8664814448 -0.4135941531 0.1058247669 -0.4003374849 0.9102367917
-0.9821950656 -0.1867716975 -0.0202283499 0.1782973164 -0.8928365098 -0.4135855820 0.0591854719 -0.4098283783 0.9102405068
-0.9971376624 -0.0728489512 -0.0202364172 0.0746862830 -0.9074006932 -0.4135770075 0.0117661123 -0.4139045933 0.9102442234
-0.9989109799 0.0420358796 -0.0202444801 -0.0299119719 -0.9099815537 -0.4135684296 -0.0358068162 -0.4125124929 0.9102479415
-0.9874916023 0.1563655015 -0.0202525388 -0.1341160962 -0.9005449043 -0.4135598482 -0.0829048137 -0.4056706857 0.9102516611
-0.9630303504 0.2686299547 -0.0202605931 -0.2365499311 -0.8792152652 -0.4135512635 -0.1289056799 -0.3934697763 0.9102553822
-0.9258502902 0.3773465546 -0.0202686431 -0.3358606847 -0.8462742204 -0.4135426753 -0.1732017338 -0.3760711656 0.9102591048
-0.8764424658 0.4810794737 -0.0202766887 -0.4307367981 -0.8021567006 -0.4135340837 -0.2152078411 -0.3537049160 0.9102628288
-0.8154594143 0.5784587050 -0.0202847301 -0.5199252662 -0.7474452406 -0.4135254887 -0.2543691436 -0.3266667091 0.9102665543
-0.7437065473 0.6681981556 -0.0202927671 -0.6022481862 -0.6828622875 -0.4135168903 -0.2901683888 -0.2953139365 0.9102702813
-0.6621315139 0.7491126322 -0.0203007997 -0.6766183137 -0.6092606609 -0.4135082885 -0.3221327611 -0.2600609762 0.9102740098
-0.5718116854 0.8201334940 -0.0203088281 -0.7420534225 -0.5276122915 -0.4134996832 -0.3498401273 -0.2213737154 0.9102777397
-0.4739399253 0.8803227662 -0.0203168521 -0.7976892765 -0.4389953866 -0.4134910746 -0.3729246109 -0.1797633940 0.9102814712
-0.3698088362 0.9288855281 -0.0203248717 -0.8427910445 -0.3445801917 -0.4134824626 -0.3910814238 -0.1357798484 0.9102852041
-0.2607936873 0.9651804113 -0.0203328870 -0.8767630058 -0.2456135365 -0.4134738471 -0.4040708901 -0.0900042461 0.9102889384
-0.1483342518 0.9887280706 -0.0203408980 -0.8991564187 -0.1434023701 -0.4134652283 -0.4117216104 -0.0430414063 0.9102926743
-0.0339157913 0.9992175145 -0.0203489046 -0.9096754476 -0.0392965006 -0.4134566060 -0.4139327230 0.0044881910 0.9102964116
0.0809505603 0.9965102123 -0.0203569069 -0.9081810718 0.0653292298 -0.4134479804 -0.4106752337 0.0519566032 0.9103001504
0.1947477541 0.9806419239 -0.0203649048 -0.8946929226 0.1690931014 -0.4134393514 -0.4019923960 0.0987367213 0.9103038907
0.3059728620 0.9518222275 -0.0203728984 -0.8693890254 0.2706247646 -0.4134307189 -0.3879991370 0.1442105546 0.9103076324
0.4131569265 0.9104317512 -0.0203808876 -0.8326034498 0.3685833374 -0.4134220831 -0.3688805355 0.1877773945 0.9103113756
0.5148843606 0.8570171463 -0.0203888725 -0.7848218997 0.4616751132 -0.4134134439 -0.3448893750 0.2288617504 0.9103151203
0.6098116442 0.7922838676 -0.0203968530 -0.7266752997 0.5486706471 -0.4134048013 -0.3163428004 0.2669209509 0.9103188665
0.6966850676 0.7170868563 -0.0204048291 -0.6589314645 0.6284209925 -0.4133961554 -0.2836181265 0.3014523124 0.9103226141
0.7743572895 0.6324192484 -0.0204128009 -0.5824849598 0.6998728752 -0.4133875060 -0.2471478502 0.3319997782 0.9103263631
0.8418024899 0.5393992587 -0.0204207684 -0.4983452897 0.7620826044 -0.4133788533 -0.2074139347 0.3581599417 0.9103301137
0.8981299182 0.4392554120 -0.0204287315 -0.4076235658 0.8142285359 -0.4133701971 -0.1649414402 0.3795873737 0.9103338657
0.9425956575 0.3333103182 -0.0204366902 -0.3115178341 0.8556219248 -0.4133615377 -0.1202915855 0.3959991838 0.9103376192
0.9746124492 0.2229632040 -0.0204446445 -0.2112972544 0.8857160217 -0.4133528748 -0.0740543322 0.4071787549 0.9103413741
0.9937574493 0.1096714338 -0.0204525945 -0.1082853396 0.9041132952 -0.4133442085 -0.0268405894 0.4129786025 0.9103451305
0.9997778124 -0.0050687384 -0.0204605401 -0.0038424775 0.9105706824 -0.4133355389 0.0207258577 0.4133223201 0.9103488884
0.9925940316 -0.1197419299 -0.0204684813 0.1006520345 0.9050028010 -0.4133268659 0.0680165896 0.4082055859 0.9103526477
0.9723009878 -0.2328336432 -0.0204764182 0.2038182052 0.8874830778 -0.4133181896 0.1144068546 0.3976962172 0.9103564085
0.9391666972 -0.3428502679 -0.0204843507 0.3042935733 0.8582427805 -0.4133095098 0.1592838223 0.3819332710 0.9103601707
0.8936287712 -0.4483388070 -0.0204922788 0.4007512019 0.8176679649 -0.4133008268 0.2020546795 0.3611252046 0.9103639344
0.8362886366 -0.5479060668 -0.0205002026 0.4919172017 0.7662943778 -0.4132921403 0.2421544610 0.3355471182 0.9103676996
0.7679035928 -0.6402370569 -0.0205081219 0.5765875557 0.7048003832 -0.4132834505 0.2790535122 0.3055371186 0.9103714662
0.6893768101 -0.7241123572 -0.0205160369 0.6536440201 0.6339980047 -0.4132747573 0.3122644852 0.2714918490 0.9103752343
0.6017454009 -0.7984242231 -0.0205239475 0.7220688929 0.5548222030 -0.4132660608 0.3413487753 0.2338612474 0.9103790038
0.5061667229 -0.8621912152 -0.0205318537 0.7809584553 0.4683185291 -0.4132573609 0.3659223137 0.1931425993 0.9103827748
0.4039030936 -0.9145711615 -0.0205397556 0.8295349073 0.3756293180 -0.4132486577 0.3856606392 0.1498739670 0.9103865472
0.2963051187 -0.9548722797 -0.0205476530 0.8671566405 0.2779786030 -0.4132399511 0.4003031820 0.1046270790 0.9103903211
0.1847938546 -0.9825623140 -0.0205555461 0.8933267130 0.1766559515 -0.4132312411 0.4096567040 0.0579997755 0.9103940965
0.0708420404 -0.9972755640 -0.0205634347 0.9076994133 0.0729994353 -0.4132225278 0.4135978486 0.0106081094 0.9103978733
-0.0440453530 -0.9988177150 -0.0205713190 0.9100848272 -0.0316220406 -0.4132138112 0.4120747676 -0.0369217935 0.9104016515
-0.1583509985 -0.9871684040 -0.0205791989 0.9004513473 -0.1358268150 -0.4132050912 0.4051078034 -0.0839620062 0.9104054312
-0.2705652532 -0.9624814887 -0.0205870744 0.8789260917 -0.2382387182 -0.4131963679 0.3927892171 -0.1298910967 0.9104092123
-0.3792060955 -0.9250830154 -0.0205949454 0.8457932267 -0.3375052455 -0.4131876413 0.3752819670 -0.1741023375 0.9104129949
-0.4828386988 -0.8754669126 -0.0206028121 0.8014902156 -0.4323154192 -0.4131789113 0.3528175524 -0.2160117202 0.9104167790
-0.5800943810 -0.8142884681 -0.0206106744 0.7466020422 -0.5214171023 -0.4131701779 0.3256929531 -0.2550656702 0.9104205645
-0.6696886810 -0.7423556739 -0.0206185323 0.6818534874 -0.6036335356 -0.4131614412 0.2942667026 -0.2907483588 0.9104243514
-0.7504383228 -0.6606185555 -0.0206263858 0.6080995578 -0.6778788780 -0.4131527012 0.2589541495 -0.3225885162 0.9104281398
-0.8212768425 -0.5701566244 -0.0206342348 0.5263141961 -0.7431725486 -0.4131439579 0.2202219675 -0.3501656560 0.9104319296
-0.8812686737 -0.4721646210 -0.0206420795 0.4375774195 -0.7986521766 -0.4131352112 0.1785819887 -0.3731156276 0.9104357208
-0.9296215033 -0.3679367355 -0.0206499198 0.3430610577 -0.8435849914 -0.4131264612 0.1345844391 -0.3911354253 0.9104395136
-0.9656967357 -0.2588495157 -0.0206577556 0.2440132779 -0.8773775012 -0.4131177079 0.0888106686 -0.4039871887 0.9104433077
-0.9890179265 -0.1463436862 -0.0206655870 0.1417421019 -0.8995833318 -0.4131089513 0.0418654691 -0.4115013422 0.9104471033
-0.9992770753 -0.0319051211 -0.0206734140 0.0375981327 -0.9099091231 -0.4131001913 -0.0056309164 -0.4135788327 0.9104509003
-0.9963386929 0.0829547801 -0.0206812366 -0.0670432825 -0.9082184045 -0.4130914280 -0.0530509883 -0.4101924354 0.9104546988
-0.9802415910 0.1967190540 -0.0206890548 -0.1708002147 -0.8945333988 -0.4130826614 -0.0997682809 -0.4013871103 0.9104584987
-0.9511983697 0.3078852075 -0.0206968686 -0.2723024032 -0.8690347297 -0.4130738915 -0.1451656384 -0.3872794051 0.9104623000
-0.9095926093 0.4149850618 -0.0207046779 -0.3702093528 -0.8320590383 -0.4130651183 -0.1886433680 -0.3680559133 0.9104661028
-0.8559738041 0.5166041422 -0.0207124829 -0.4632280359 -0.7840945385 -0.4130563417 -0.2296271618 -0.3439708054 0.9104699070
-0.7910501058 0.6114003599 -0.0207202833 -0.5501299703 -0.7257745707 -0.4130475619 -0.2675756827 -0.3153424686 0.9104737127
-0.7156789702 0.6981217361 -0.0207280794 -0.6297674425 -0.6578692390 -0.4130387787 -0.3019877151 -0.2825492982 0.9104775198
-0.6308558330 0.7756229378 -0.0207358711 -0.7010886663 -0.5812752425 -0.4130299922 -0.3324087845 -0.2460246956 0.9104813283
-0.5377009628 0.8428804039 -0.0207436583 -0.7631516737 -0.4970040334 -0.4130212025 -0.3584371598 -0.2062513407 0.9104851382
-0.4374446658 0.8990058632 -0.0207514410 -0.8151367557 -0.4061684615 -0.4130124094 -0.3797291585 -0.1637548131 0.9104889496
-0.3314110367 0.9432580663 -0.0207592194 -0.8563572890 -0.3099680777 -0.4130036130 -0.3960036847 -0.1190966467 0.9104927624
-0.2210004715 0.9750525748 -0.0207669933 -0.8862688048 -0.2096732931 -0.4129948133 -0.4070459400 -0.0728669101 0.9104965767
-0.1076711723 0.9939694804 -0.0207747628 -0.9044761805 -0.1066086024 -0.4129860103 -0.4127102585 -0.0256764098 0.9105003924
0.0070801114 0.9997589502 -0.0207825278 -0.9107388596 -0.0021350923 -0.4129772041 -0.4129220286 0.0218513803 0.9105042095
0.1217378504 0.9923445267 -0.0207902884 -0.9049740291 0.1023675329 -0.4129683945 -0.4076786755 0.0690885557 0.9105080280
0.2347877513 0.9718241370 -0.0207980446 -0.8872577156 0.2055191722 -0.4129595816 -0.3970496921 0.1154110771 0.9105118480
0.3447367562 0.9384687996 -0.0208057963 -0.8578237817 0.3059575539 -0.4129507655 -0.3811757186 0.1602070142 0.9105156693
0.4501327612 0.8927190452 -0.0208135436 -0.8170608398 0.4023562269 -0.4129419461 -0.3602666810 0.2028846298 0.9105194922
0.5495837950 0.8351790983 -0.0208212864 -0.7655071205 0.4934420778 -0.4129331233 -0.3345990148 0.2428801960 0.9105233164
0.6417764023 0.7666088971 -0.0208290248 -0.7038433666 0.5780121452 -0.4129242973 -0.3045120109 0.2796654409 0.9105271420
0.7254929907 0.6879140571 -0.0208367587 -0.6328838436 0.6549495070 -0.4129154680 -0.2704033300 0.3127545258 0.9105309691
0.7996279118 0.6001339100 -0.0208444882 -0.5535655880 0.7232380315 -0.4129066355 -0.2327237470 0.3417104621 0.9105347976
0.8632020633 0.5044277779 -0.0208522132 -0.4669360329 0.7819757977 -0.4128977996 -0.1919711935 0.3661508823 0.9105386276
0.9153758200 0.4020596614 -0.0208599338 -0.3741391766 0.8303870078 -0.4128889605 -0.1486841777 0.3857530892 0.9105424589
0.9554601229 0.2943815460 -0.0208676499 -0.2764004755 0.8678322333 -0.4128801181 -0.1034346683 0.4002583168 0.9105462917
0.9829255797 0.1828155464 -0.0208753616 -0.1750106605 0.8938168611 -0.4128712724 -0.0568205371 0.4094751456 0.9105501258
0.9974094561 0.0688351243 -0.0208830688 -0.0713086921 0.9079976265 -0.4128624235 -0.0094576594 0.4132820296 0.9105539615
0.9987204667 -0.0460543717 -0.0208907715 0.0333359220 0.9101871483 -0.4128535713 0.0380282236 0.4116288982 0.9105577985
0.9868413011 -0.1603355869 -0.0208984698 0.1375412132 0.9003564046 -0.4128447158 0.0850097709 0.4045378156 0.9105616369
0.9619288527 -0.2724992012 -0.0209061636 0.2399310022 0.8786351173 -0.4128358570 0.1308663308 0.3921026855 0.9105654768
0.9243121463 -0.3810638620 -0.0209138529 0.3391530739 0.8453100406 -0.4128269950 0.1749921390 0.3744880083 0.9105693180
0.8744879927 -0.4845957490 -0.0209215378 0.4338970349 0.8008211753 -0.4128181298 0.2168043213 0.3519267044 0.9105731607
0.8131144271 -0.5817275103 -0.0209292182 0.5229116203 0.7457559596 -0.4128092612 0.2557505930 0.3247170345 0.9105770048
0.7410020186 -0.6711763218 -0.0209368942 0.6050212178 0.6808415120 -0.4128003894 0.2913165537 0.2932186566 0.9105808503
0.6591031645 -0.7517608288 -0.0209445656 0.6791413950 0.6069350305 -0.4127915144 0.3230324816 0.2578478719 0.9105846972
0.5684995124 -0.8224167486 -0.0209522326 0.7442932208 0.5250124729 -0.4127826361 0.3504795369 0.2190721227 0.9105885455
0.4703876742 -0.8822109265 -0.0209598951 0.7996161953 0.4361556692 -0.4127737546 0.3732952935 0.1774038148 0.9105923953
0.3660634227 -0.9303536598 -0.0209675532 0.8443796142 0.3415380352 -0.4127648698 0.3911785241 0.1333935465 0.9105962464
0.2569045780 -0.9662091277 -0.0209752067 0.8779922203 0.2424090770 -0.4127559817 0.4038931776 0.0876228330 0.9106000990
0.1443528106 -0.9893037884 -0.0209828558 0.9000100133 0.1400778905 -0.4127470904 0.4112714944 0.0406964222 0.9106039529
0.0298946013 -0.9993326332 -0.0209905004 0.9101421142 0.0358958726 -0.4127381959 0.4132162204 -0.0067656946 0.9106078083
-0.0849583914 -0.9961632145 -0.0209981405 0.9082546087 -0.0687611244 -0.4127292981 0.4097018885 -0.0541364751 0.9106116651
-0.1986892952 -0.9798373953 -0.0210057762 0.8943723170 -0.1725109634 -0.4127203971 0.4007751522 -0.1007901095 0.9106155233
-0.3097960583 -0.9505707964 -0.0210134073 0.8686784670 -0.2739834752 -0.4127114928 0.3865541660 -0.1461102881 0.9106193828
-0.4168112860 -0.9087499480 -0.0210210340 0.8315122766 -0.3718385536 -0.4127025853 0.3672270221 -0.1894983431 0.9106232438
-0.5183216218 -0.8549271852 -0.0210286561 0.7833644748 -0.4647838536 -0.4126936746 0.3430492617 -0.2303811569 0.9106271062
-0.6129864129 -0.7898133532 -0.0210362738 0.7248708226 -0.5515918590 -0.4126847606 0.3143404972 -0.2682187321 0.9106309700
-0.6995554166 -0.7142684187 -0.0210438870 0.6568037179 -0.6311160943 -0.4126758434 0.2814801864 -0.3025113247 0.9106348352
-0.7768853124 -0.6292901127 -0.0210514956 0.5800619963 -0.7023062659 -0.4126669230 0.2449026172 -0.3328060440 0.9106387018
-0.8439548015 -0.5360007531 -0.0210590998 0.4956590619 -0.7642221339 -0.4126579993 0.2050911682 -0.3587028336 0.9106425698
-0.8998780957 -0.4356324219 -0.0210666995 0.4047095051 -0.8160459298 -0.4126490724 0.1625719204 -0.3798597551 0.9106464392
-0.9439166155 -0.3295106934 -0.0210742947 0.3084143831 -0.8570931578 -0.4126401423 0.1179067056 -0.3959975022 0.9106503100
-0.9754887447 -0.2190371270 -0.0210818854 0.2080453600 -0.8868216357 -0.4126312090 0.0716856824 -0.4069030886 0.9106541821
-0.9941775120 -0.1056707566 -0.0210894716 0.1049279126 -0.9048386560 -0.4126222725 0.0245195386 -0.4124326585 0.9106580557
-0.9997360976 0.0090911789 -0.0210970532 0.0004238263 -0.9109061741 -0.4126133327 -0.0229685777 -0.4125133845 0.9106619307
-0.9920910931 0.1237330096 -0.0211046304 -0.1040867884 -0.9049439530 -0.4126043897 -0.0701512906 -0.4071444268 0.9106658071
-0.9713434708 0.2367406525 -0.0211122031 -0.2072237227 -0.8870306245 -0.4125954435 -0.1164052852 -0.3963969409 0.9106696848
-0.9377672505 0.3466216079 -0.0211197712 -0.3076248966 -0.8574026521 -0.4125864941 -0.1611195419 -0.3804131348 0.9106735640
-0.8918058799 0.4519246710 -0.0211273349 -0.4039643476 -0.8164512099 -0.4125775415 -0.2037034078 -0.3594043874 0.9106774445
-0.8340663782 0.5512590978 -0.0211348940 -0.4949697418 -0.7647170175 -0.4125685857 -0.2435943995 -0.3336484530 0.9106813265
-0.7653113191 0.6433129734 -0.0211424486 -0.5794391775 -0.7028832009 -0.4125596267 -0.2802656321 -0.3034857891 0.9106852098
-0.6864487591 0.7268705378 -0.0211499987 -0.6562570588 -0.6317662717 -0.4125506644 -0.3132327791 -0.2693150557 0.9106890945
-0.5985202453 0.8008282427 -0.0211575443 -0.7244088292 -0.5523053456 -0.4125416990 -0.3420604687 -0.2315878470 0.9106929806
-0.5026870588 0.8642093265 -0.0211650853 -0.7829943711 -0.4655497408 -0.4125327304 -0.3663680331 -0.1908027222 0.9106968681
-0.4002148782 0.9161767141 -0.0211726219 -0.8312398945 -0.3726451212 -0.4125237585 -0.3858345358 -0.1474986178 0.9107007570
-0.2924570631 0.9560440718 -0.0211801539 -0.8685081566 -0.2748183678 -0.4125147835 -0.4002030086 -0.1022477257 0.9107046472
-0.1808367807 0.9832848727 -0.0211876814 -0.8943068791 -0.1733613760 -0.4125058053 -0.4092838438 -0.0556479326 0.9107085389
-0.0668282094 0.9975393495 -0.0211952043 -0.9082952504 -0.0696139954 -0.4124968239 -0.4129572962 -0.0083149207 0.9107124319
0.0480629304 0.9986192464 -0.0212027228 -0.9102884285 0.0350536645 -0.4124878392 -0.4111750620 0.0391259675 0.9107163263
0.1623192628 0.9865103055 -0.0212102367 -0.9002599828 0.1392593284 -0.4124788515 -0.4039609144 0.0860479904 0.9107202221
0.2744317962 0.9613724546 -0.0212177461 -0.8783422448 0.2416268097 -0.4124698605 -0.3914103859 0.1318312874 0.9107241193
0.3829198530 0.9235376955 -0.0212252509 -0.8448245623 0.3408041852 -0.4124608663 -0.3736895036 0.1758710676 0.9107280179
0.4863506245 0.8735057185 -0.0212327512 -0.8001494791 0.4354816493 -0.4124518689 -0.3510325926 0.2175855989 0.9107319178
0.5833580948 0.8119373037 -0.0212402470 -0.7449068922 0.5244088122 -0.4124428684 -0.3237391778 0.2564238923 0.9107358191
0.6726610810 0.7396455933 -0.0212477382 -0.6798262626 0.6064112136 -0.4124338647 -0.2921700238 0.2918729797 0.9107397218
0.7530801547 0.6575853527 -0.0212552249 -0.6057669832 0.6804058339 -0.4124248578 -0.2567423665 0.3234646892 0.9107436259
0.8235532181 0.5668403605 -0.0212627071 -0.5237070302 0.7454153976 -0.4124158477 -0.2179243985 0.3507818278 0.9107475313
0.8831495315 0.4686090953 -0.0212701847 -0.4347300492 0.8005812808 -0.4124068345 -0.1762290819 0.3734636911 0.9107514382
0.9310820057 0.3641889070 -0.0212776578 -0.3400110442 0.8451748514 -0.4123978181 -0.1322073694 0.3912108262 0.9107553464
0.9667175966 0.2549588826 -0.0212851263 -0.2408008618 0.8786070930 -0.4123887985 -0.0864409243 0.4037889849 0.9107592559
0.9895856664 0.1423616326 -0.0212925903 -0.1384096719 0.9004363849 -0.4123797757 -0.0395344351 0.4110322156 0.9107631669
0.9993841990 0.0278842380 -0.0213000497 -0.0341896662 0.9103743359 -0.4123707498 0.0078923745 0.4128450531 0.9107670792
0.9959837885 -0.0869613892 -0.0213075046 0.0704827994 0.9082895938 -0.4123617207 0.0552129328 0.4092037763 0.9107709929
0.9794293488 -0.2006584744 -0.0213149549 0.1742253811 0.8942095822 -0.4123526885 0.1018020983 0.4001567190 0.9107749080
0.9499395198 -0.3117054122 -0.0213224007 0.2756680029 0.8683201391 -0.4123436531 0.1470444183 0.3858236282 0.9107788244
0.9079037798 -0.4186355986 -0.0213298419 0.3734709507 0.8309630646 -0.4123346145 0.1903422590 0.3663940787 0.9107827422
0.8538773021 -0.5200368001 -0.0213372786 0.4663425653 0.7826316080 -0.4123255728 0.2311237002 0.3421249665 0.9107866614
0.7885736220 -0.6145698056 -0.0213447107 0.5530563009 0.7239639555 -0.4123165279 0.2688500896 0.3133371111 0.9107905819
0.7128552137 -0.7009861129 -0.0213521383 0.6324669241 0.6557348030 -0.4123074799 0.3030231578 0.2804110155 0.9107945038
0.6277220990 -0.7781444182 -0.0213595612 0.7035256391 0.5788451268 -0.4122984287 0.3331915989 0.2437818361 0.9107984271
0.5342986401 -0.8450256892 -0.0213669797 0.7652939392 0.4943102855 -0.4122893744 0.3589570306 0.2039336320 0.9108023517
0.4338186900 -0.9007466234 -0.0213743935 0.8169560024 0.4032466124 -0.4122803169 0.3799792551 0.1613929679 0.9108062777
0.3276092971 -0.9445713139 -0.0213818028 0.8578294663 0.3068566734 -0.4122712563 0.3959807511 0.1167219560 0.9108102051
0.2170731782 -0.9759209687 -0.0213892075 0.8873744410 0.2064133862 -0.4122621926 0.4067503371 0.0705108283 0.9108141338
0.1036701933 -0.9943815546 -0.0213966077 0.9052006407 0.1032432102 -0.4122531257 0.4121459585 0.0233701382 0.9108180639
-0.0111019352 -0.9997092656 -0.0214040033 0.9110725388 -0.0012913706 -0.4122440556 0.4120965616 -0.0240773064 0.9108219954
-0.1257274032 -0.9918337423 -0.0214113943 0.9049124802 -0.1058098410 -0.4122349825 0.4066030291 -0.0712046718 0.9108259282
-0.2386923439 -0.9708590015 -0.0214187807 0.8868017081 -0.2089318858 -0.4122259062 0.3957381654 -0.1173893791 0.9108298623
-0.3485048217 -0.9370620624 -0.0214261626 0.8569792925 -0.3092956191 -0.4122168267 0.3796457316 -0.1620213294 0.9108337979
-0.4537145362 -0.8908892877 -0.0214335399 0.8158389746 -0.4055755702 -0.4122077441 0.3585385434 -0.2045109627 0.9108377347
-0.5529319767 -0.8329504886 -0.0214409126 0.7639239682 -0.4965001882 -0.4121986584 0.3326956568 -0.2442970460 0.9108416730
-0.6448467731 -0.7640108706 -0.0214482807 0.7019197868 -0.5808686355 -0.4121895696 0.3024586784 -0.2808540865 0.9108456126
-0.7282450026 -0.6849809278 -0.0214556443 0.6306451923 -0.6575666470 -0.4121804777 0.2682272499 -0.3136992719 0.9108495535
-0.8020252213 -0.5969044177 -0.0214630033 0.5510413831 -0.7255812467 -0.4121713826 0.2304537664 -0.3423988473 0.9108534958
-0.8652130118 -0.5009445758 -0.0214703576 0.4641595651 -0.7840141258 -0.4121622844 0.1896373970 -0.3665738433 0.9108574395
-0.9169738516 -0.3983687532 -0.0214777074 0.3711470705 -0.8320935078 -0.4121531831 0.1463174887 -0.3859050799 0.9108613845
-0.9566241354 -0.2905316783 -0.0214850526 0.2732322060 -0.8691843418 -0.4121440786 0.1010664395 -0.4001373812 0.9108653309
-0.9836402028 -0.1788575649 -0.0214923933 0.1717080326 -0.8947966904 -0.4121349711 0.0544821350 -0.4090829431 0.9108692786
-0.9976652547 -0.0648213021 -0.0214997293 0.0679152889 -0.9085922016 -0.4121258604 0.0071800485 -0.4126238118 0.9108732276
-0.9985140654 0.0500710242 -0.0215070607 -0.0367753143 -0.9103885782 -0.4121167466 -0.0402148900 -0.4107134392 0.9108771780
-0.9861754289 0.1643020225 -0.0215143875 -0.1409811964 -0.9001619875 -0.4121076297 -0.0870765509 -0.4033772944 0.9108811298
-0.9608123065 0.2763630360 -0.0215217098 -0.2433261654 -0.8780473766 -0.4120985097 -0.1327858761 -0.3907125245 0.9108850829
-0.9227596751 0.3847740675 -0.0215290274 -0.3424585927 -0.8443366922 -0.4120893866 -0.1767390573 -0.3728866681 0.9108890374
-0.8725201024 0.4881033261 -0.0215363405 -0.4370692637 -0.7994750263 -0.4120802604 -0.2183555121 -0.3501354386 0.9108929932
-0.8107571100 0.5849861363 -0.0215436489 -0.5259086679 -0.7440547399 -0.4120711311 -0.2570855530 -0.3227596077 0.9108969503
-0.7382864099 0.6741429621 -0.0215509528 -0.6078035013 -0.6788076407 -0.4120619987 -0.2924176478 -0.2911210292 0.9109009088
-0.6560651312 0.7543963052 -0.0215582520 -0.6816721620 -0.6045953204 -0.4120528632 -0.3238851759 -0.2556378555 0.9109048686
-0.5651791793 0.8246862570 -0.0215655466 -0.7465390354 -0.5223977772 -0.4120437246 -0.3510725906 -0.2167790117 0.9109088298
-0.4668288942 0.8840844961 -0.0215728367 -0.8015473794 -0.4333004744 -0.4120345829 -0.3736209070 -0.1750579980 0.9109127923
-0.3623131976 0.9318065492 -0.0215801221 -0.8459706399 -0.3384800065 -0.4120254381 -0.3912324416 -0.1310261043 0.9109167562
-0.2530124376 0.9672221516 -0.0215874029 -0.8792220474 -0.2391885615 -0.4120162903 -0.4036747426 -0.0852651254 0.9109207214
-0.1403701588 0.9898635706 -0.0215946791 -0.9008623673 -0.1367373844 -0.4120071393 -0.4107836580 -0.0383796738 0.9109246879
-0.0258740368 0.9994317835 -0.0216019507 -0.9106057021 -0.0324794610 -0.4119979853 -0.4124655009 0.0090108084 0.9109286558
0.0889637693 0.9958004265 -0.0216092177 -0.9083232683 0.0722083497 -0.4119888281 -0.4086982848 0.0562802343 0.9109326250
0.2026265884 0.9790174633 -0.0216164800 -0.8940450987 0.1759434988 -0.4119796679 -0.3995320103 0.1028041426 0.9109365955
0.3136132678 0.9493045519 -0.0216237377 -0.8679596472 0.2773560061 -0.4119705046 -0.3850880017 0.1479679480 0.9109405674
0.4204579994 0.9070541169 -0.0216309909 -0.8304113018 0.3751065524 -0.4119613382 -0.3655573014 0.1911750594 0.9109445406
0.5217496786 0.8528241668 -0.0216382394 -0.7818958373 0.4679041679 -0.4119521688 -0.3411981427 0.2318547609 0.9109485151
0.6161505406 0.7873309243 -0.0216454832 -0.7230538697 0.5545232812 -0.4119429963 -0.3123325356 0.2694697503 0.9109524910
0.7024138289 0.7114393667 -0.0216527225 -0.6546623973 0.6338199058 -0.4119338207 -0.2793420100 0.3035232354 0.9109564682
0.7794002606 0.6261518027 -0.0216599571 -0.5776245403 0.7047467487 -0.4119246420 -0.2426625728 0.3335654961 0.9109604468
0.8460930733 0.5325946341 -0.0216671871 -0.4929576153 0.7663670421 -0.4119154602 -0.2027789458 0.3591998226 0.9109644266
0.9016114536 0.4320034798 -0.0216744125 -0.4017797009 0.8178669159 -0.4119062754 -0.1602181594 0.3800877547 0.9109684078
0.9452221699 0.3257068563 -0.0216816332 -0.3052948731 0.8585661475 -0.4118970876 -0.1155425892 0.3959535504 0.9109723904
0.9763492561 0.2151086327 -0.0216888493 -0.2047773044 0.8879271458 -0.4118878966 -0.0693425242 0.4065878256 0.9109763742
0.9945816186 0.1016694889 -0.0216960608 -0.1015544371 0.9055620523 -0.4118787026 -0.0222283678 0.4118503180 0.9109803594
0.9996784652 -0.0131123754 -0.0217032676 0.0030105469 0.9112378652 -0.4118695056 0.0251774269 0.4116717365 0.9109843459
0.9915724858 -0.1277210277 -0.0217104698 0.1075367284 0.9048795173 -0.4118603055 0.0722485809 0.4060546740 0.9109883338
0.9703707408 -0.2406428232 -0.0217176674 0.2106436881 0.8865708692 -0.4118511023 0.1183632633 0.3950735697 0.9109923229
0.9363532472 -0.3503863965 -0.0217248603 0.3109697368 0.8565536034 -0.4118418961 0.1629123053 0.3788737227 0.9109963134
0.8899692807 -0.4555023573 -0.0217320486 0.4071898985 0.8152240334 -0.4118326868 0.2053072480 0.3576693694 0.9110003052
0.8318314413 -0.5546024333 -0.0217392323 0.4980334092 0.7631278721 -0.4118234745 0.2449881151 0.3317408504 0.9110042984
0.7627075634 -0.6463778046 -0.0217464113 0.5823004999 0.7009530254 -0.4118142592 0.2814308095 0.3014309040 0.9110082928
0.6835105744 -0.7296163897 -0.0217535856 0.6588782412 0.6295205094 -0.4118050407 0.3141540354 0.2671401357 0.9110122886
0.5952864378 -0.8032188534 -0.0217607553 0.7267552425 0.5497736086 -0.4117958193 0.3427256548 0.2293217234 0.9110162857
0.4992003387 -0.8662131259 -0.0217679204 0.7850350099 0.4627654195 -0.4117865948 0.3667683943 0.1884754280 0.9110202841
0.3965212955 -0.9177672407 -0.0217750808 0.8329477864 0.3696449445 -0.4117773673 0.3859648267 0.1451409898 0.9110242838
0.2886053997 -0.9572003225 -0.0217822365 0.8698607188 0.2716419179 -0.4117681367 0.4000615618 0.0998909958 0.9110282848
0.1768779058 -0.9839915797 -0.0217893876 0.8952862171 0.1700505665 -0.4117589031 0.4088725912 0.0533233141 0.9110322872
0.0628144079 -0.9977871823 -0.0217965341 0.9088883950 0.0662125183 -0.4117496665 0.4122817429 0.0060531946 0.9110362909
-0.0520786486 -0.9984049349 -0.0218036759 0.9104875070 -0.0385009156 -0.4117404268 0.4102442125 -0.0412948595 0.9110402958
-0.1662838629 -0.9858366829 -0.0218108130 0.9000623239 -0.1427068505 -0.4117311841 0.4027871524 -0.0880953428 0.9110443021
-0.2782929187 -0.9602484203 -0.0218179455 0.8777504143 -0.2450290913 -0.4117219384 0.3900093096 -0.1337300106 0.9110483098
-0.3866265053 -0.9219780971 -0.0218250733 0.8438463299 -0.3441163070 -0.4117126896 0.3720797185 -0.1775960464 0.9110523187
-0.4898538546 -0.8715311562 -0.0218321965 0.7987977162 -0.4386598772 -0.4117034379 0.3492354646 -0.2191140247 0.9110563289
-0.5866116374 -0.8095738578 -0.0218393149 0.7431994027 -0.5274111750 -0.4116941831 0.3217785493 -0.2577355646 0.9110603405
-0.6756219687 -0.7369244798 -0.0218464288 0.6777855485 -0.6091980570 -0.4116849252 0.2900718974 -0.2929505734 0.9110643533
-0.7557092855 -0.6545425110 -0.0218535379 0.6034199478 -0.6829403443 -0.4116756644 0.2545345604 -0.3242939829 0.9110683675
-0.8258158715 -0.5635159790 -0.0218606424 0.5210846239 -0.7476640886 -0.4116664006 0.2156361775 -0.3513518920 0.9110723829
-0.8850158275 -0.4650470803 -0.0218677422 0.4318668607 -0.8025144353 -0.4116571337 0.1738907693 -0.3737670320 0.9110763997
-0.9325272989 -0.3604363028 -0.0218748374 0.3369448449 -0.8467669146 -0.4116478638 0.1298499455 -0.3912434842 0.9110804178
-0.9677228019 -0.2510652504 -0.0218819279 0.2375721072 -0.8798370101 -0.4116385910 0.0840956159 -0.4035505863 0.9110844372
-0.9901375110 -0.1383783957 -0.0218890137 0.1350609678 -0.9012878796 -0.4116293151 0.0372323015 -0.4105259768 0.9110884579
-0.9994753976 -0.0238640029 -0.0218960948 0.0307652067 -0.9108361257 -0.4116200362 -0.0101208524 -0.4120777372 0.9110924799
-0.9956131396 0.0909655279 -0.0219031712 -0.0739378152 -0.9083555397 -0.4116107543 -0.0573382565 -0.4081856028 0.9110965031
-0.9786017504 0.2045936347 -0.0219102430 -0.1776653457 -0.8938787699 -0.4116014694 -0.1037961417 -0.3989012275 0.9111005277
-0.9486659046 0.3155196237 -0.0219173101 -0.2790475027 -0.8675968922 -0.4115921815 -0.1488808003 -0.3843474985 0.9111045536
-0.9062009711 0.4222784885 -0.0219243725 -0.3767453650 -0.8298568877 -0.4115828906 -0.1919966925 -0.3647169094 0.9111085808
-0.8517677912 0.5234602586 -0.0219314302 -0.4694686559 -0.7811570621 -0.4115735967 -0.2325743129 -0.3402690143 0.9111126093
-0.7860852714 0.6177286209 -0.0219384832 -0.5559927829 -0.7221404659 -0.4115642998 -0.2700777138 -0.3113269960 0.9111166391
-0.7100208889 0.7038385689 -0.0219455316 -0.6351750110 -0.6535864039 -0.4115549999 -0.3040115832 -0.2782733936 0.9111206702
-0.6245792345 0.7806528449 -0.0219525752 -0.7059695553 -0.5764001441 -0.4115456971 -0.3339277868 -0.2415450467 0.9111247026
-0.5308887451 0.8471569605 -0.0219596142 -0.7674413926 -0.4916009638 -0.4115363912 -0.3594312858 -0.2016273214 0.9111287363
-0.4301868001 0.9024725943 -0.0219666485 -0.8187786109 -0.4003086893 -0.4115270824 -0.3801853539 -0.1590476968 0.9111327712
-0.3238033792 0.9458691924 -0.0219736781 -0.8593031332 -0.3037289084 -0.4115177706 -0.3959160226 -0.1143687943 0.9111368075
-0.2131434975 0.9767736166 -0.0219807030 -0.8884796734 -0.2031370492 -0.4115084558 -0.4064156978 -0.0681809437 0.9111408451
-0.0996686491 0.9947777141 -0.0219877232 -0.9059228073 -0.0998615370 -0.4114991380 -0.4115458997 -0.0210943833 0.9111448839
0.0151224949 0.9996437073 -0.0219947387 -0.9114020638 0.0047337487 -0.4114898172 -0.4112390888 0.0262688029 0.9111489240
0.1297138795 0.9913073350 -0.0220017495 -0.9048449701 0.1092674864 -0.4114804935 -0.4054995555 0.0732829035 0.9111529655
0.2425920884 0.9698787003 -0.0220087556 -0.8863380103 0.2123591543 -0.4114711668 -0.3944033597 0.1193268463 0.9111570082
0.3522663317 0.9356408168 -0.0220157570 -0.8561254848 0.3126472627 -0.4114618371 -0.3780973232 0.1637924026 0.9111610522
0.4572881351 0.8890458705 -0.0220227537 -0.8146062855 0.4088073339 -0.4114525044 -0.3567970867 0.2060922220 0.9111650975
0.5562704699 0.8307092480 -0.0220297457 -0.7623286290 0.4995693948 -0.4114431688 -0.3307842586 0.2456675907 0.9111691441
0.6479060712 0.7614014088 -0.0220367330 -0.6999828184 0.5837347491 -0.4114338302 -0.3004026912 0.2819958110 0.9111731920
0.7309847038 0.6820377097 -0.0220437155 -0.6283921278 0.6601918084 -0.4114244887 -0.2660539355 0.3145971053 0.9111772411
0.8044091449 0.5936663158 -0.0220506934 -0.5485019312 0.7279307732 -0.4114151442 -0.2281919346 0.3430409523 0.9111812915
0.8672096760 0.4974543570 -0.0220576666 -0.4613672188 0.7860569698 -0.4114057967 -0.1873170235 0.3669517719 0.9111853433
0.9185568893 0.3946725137 -0.0220646350 -0.3681386649 0.8338026669 -0.4113964463 -0.1439693180 0.3860138852 0.9111893963
0.9577726422 0.2866782348 -0.0220715988 -0.2700474328 0.8705372157 -0.4113870929 -0.0987215775 0.3999756815 0.9111934505
0.9843390134 0.1748978100 -0.0220785578 -0.1683889159 0.8957753797 -0.4113777366 -0.0521716367 0.4086529398 0.9111975061
0.9979051429 0.0608075323 -0.0220855121 -0.0645056312 0.9091837447 -0.4113683773 -0.0049345073 0.4119312592 0.9112015630
0.9982918658 -0.0540857996 -0.0220924617 0.0402305104 0.9105851233 -0.4113590150 0.0423657482 0.4097675676 0.9112056211
0.9854940789 -0.1682647812 -0.0220994065 0.1444363220 0.8999608961 -0.4113496499 0.0891042605 0.4021906873 0.9112096805
0.9596808075 -0.2802214430 -0.0221063467 0.2467356076 0.8774512594 -0.4113402817 0.1346636090 0.3893009509 0.9112137412
0.9211929733 -0.3884771663 -0.0221132821 0.3457773367 0.8433533752 -0.4113309107 0.1784419777 0.3712688728 0.9112178031
0.8705388917 -0.4916022114 -0.0221202128 0.4402534869 0.7981174480 -0.4113215366 0.2198611048 0.3483328938 0.9112218663
0.8083875583 -0.5882346005 -0.0221271388 0.5289163187 0.7423407809 -0.4113121597 0.2583739214 0.3207962277 0.9112259308
0.7355598139 -0.6770981049 -0.0221340600 0.6105948546 0.6767598886 -0.4113027798 0.2934717767 0.2890228530 0.9112299966
0.6530175026 -0.7570191005 -0.0221409765 0.6842103437 0.6022407718 -0.4112933970 0.3246911562 0.2534327017 0.9112340637
0.5618507695 -0.8269420680 -0.0221478883 0.7487905094 0.5197674818 -0.4112840112 0.3516198029 0.2144961096 0.9112381320
0.4632636626 -0.8859435332 -0.0221547954 0.8034823910 0.4304291257 -0.4112746225 0.3739021614 0.1727276000 0.9112422016
0.3585582308 -0.9332442629 -0.0221616977 0.8475636089 0.3354054842 -0.4112652309 0.3912440722 0.1286790851 0.9112462724
0.2491173280 -0.9682195568 -0.0221685953 0.8804519061 0.2359514316 -0.4112558363 0.4034166554 0.0829325731 0.9112503446
0.1363863491 -0.9904074977 -0.0221754882 0.9017128395 0.1333803641 -0.4112464389 0.4102593311 0.0360924780 0.9112544180
0.0218541409 -0.9995150518 -0.0221823763 0.9110655182 0.0290468551 -0.4112370385 0.4116819380 -0.0112223660 0.9112584926
-0.0929666613 -0.9954219390 -0.0221892596 0.9083863146 -0.0756712336 -0.4112276351 0.4076659213 -0.0583868801 0.9112625686
-0.2065596112 -0.9781822215 -0.0221961383 0.8937104989 -0.1793909485 -0.4112182289 0.3982645744 -0.1047779993 0.9112666458
-0.3174244793 -0.9480235895 -0.0222030122 0.8672317746 -0.2807425079 -0.4112088197 0.3836023320 -0.1497829031 0.9112707242
-0.4240970665 -0.9053443540 -0.0222098813 0.8292997218 -0.3783873923 -0.4111994077 0.3638731230 -0.1928071109 0.9112748040
-0.5251685420 -0.8507081866 -0.0222167457 0.7804151820 -0.4710360216 -0.4111899927 0.3393378055 -0.2332823346 0.9112788849
