1998
50594
-0.4093601115 -0.9123702961 -0.0021775767 0.8275326265 -0.3702881735 -0.4219910196 0.3842057406 -0.1745483066 0.9065973955
-0.5113352648 -0.8593785263 -0.0021898823 0.7795869414 -0.4627834816 -0.4219901065 0.3616357945 -0.2174856264 0.9065977909
-0.6065571451 -0.7950368420 -0.0022021873 0.7213461321 -0.5491674451 -0.4219891882 0.3342875819 -0.2575490966 0.9065981885
-0.6937681459 -0.7201950123 -0.0022144920 0.6535793059 -0.6282992881 -0.4219882646 0.3025224797 -0.2942093620 0.9065985884
-0.7718164611 -0.6358414832 -0.0022267961 0.5771813692 -0.6991340039 -0.4219873358 0.2667602246 -0.3269820374 0.9065989906
-0.8396712976 -0.5430903225 -0.0022390998 0.4931612102 -0.7607361549 -0.4219864019 0.2274733669 -0.3554341068 0.9065993950
-0.8964364889 -0.4431665066 -0.0022514030 0.4026283757 -0.8122922260 -0.4219854627 0.1851810261 -0.3791896453 0.9065998017
-0.9413623307 -0.3373897420 -0.0022637058 0.3067784184 -0.8531213679 -0.4219845182 0.1404420320 -0.3979347857 0.9066002107
-0.9738554826 -0.2271570357 -0.0022760080 0.2068771093 -0.8826843884 -0.4219835686 0.0938475398 -0.4114218658 0.9066006219
-0.9934868042 -0.1139242449 -0.0022883098 0.1042437219 -0.9005908728 -0.4219826137 0.0460132197 -0.4194727003 0.9066010354
-0.9999970230 0.0008131509 -0.0023006111 0.0002336102 -0.9066043401 -0.4219816536 -0.0024288788 -0.4219809348 0.9066014511
-0.9933001585 0.1155398008 -0.0023129119 -0.1037796895 -0.9006453657 -0.4219806883 -0.0508386781 -0.4189134513 0.9066018691
-0.9734846578 0.2287404959 -0.0023252122 -0.2064225976 -0.8827926308 -0.4219797178 -0.0985765302 -0.4103108048 0.9066022894
-0.9408122273 0.3389201809 -0.0023375121 -0.3063396302 -0.8532818832 -0.4219787421 -0.1450116683 -0.3962866876 0.9066027119
-0.8957143767 0.4446236992 -0.0023498114 -0.4022112993 -0.8125028245 -0.4219777611 -0.1895305415 -0.3770264266 0.9066031367
-0.8387867194 0.5444550118 -0.0023621103 -0.4927715380 -0.7609939637 -0.4219767749 -0.2315449216 -0.3527845340 0.9066035638
-0.7707811067 0.6370956347 -0.0023744086 -0.5768244197 -0.6994355059 -0.4219757836 -0.2704996753 -0.3238813446 0.9066039931
-0.6925956977 0.7213220523 -0.0023867065 -0.6532599515 -0.6286403701 -0.4219747869 -0.3058800994 -0.2906987822 0.9066044247
-0.6052630974 0.7960218764 -0.0023990038 -0.7210687326 -0.5495434537 -0.4219737851 -0.3372187211 -0.2536753135 0.9066048585
-0.5099367185 0.8602085379 -0.0024113007 -0.7793552842 -0.4631892870 -0.4219727781 -0.3641014751 -0.2133001538 0.9066052946
-0.4078755488 0.9130343164 -0.0024235970 -0.8273498753 -0.3707182390 -0.4219717658 -0.3861731743 -0.1701068029 0.9066057330
-0.3004275229 0.9538015359 -0.0024358928 -0.8644186878 -0.2733514582 -0.4219707483 -0.4031422027 -0.1246659954 0.9066061736
-0.1890117206 0.9819717796 -0.0024481881 -0.8900721866 -0.1723747466 -0.4219697256 -0.4147843682 -0.0775781597 0.9066066165
-0.0750996240 0.9971730003 -0.0024604829 -0.9039715844 -0.0691215796 -0.4219686977 -0.4209458648 -0.0294654839 0.9066070616
0.0398043155 0.9992044345 -0.0024727772 -0.9059333159 0.0350445037 -0.4219676646 -0.4215453044 0.0190363053 0.9066075090
0.1541825475 0.9880392535 -0.0024850709 -0.8959314621 0.1387479068 -0.4219666262 -0.4165747920 0.0672863426 0.9066079587
0.2665244648 0.9638249181 -0.0024973641 -0.8740980927 0.2406191418 -0.4219655826 -0.4061000295 0.1146470923 0.9066084106
0.3753463540 0.9268812309 -0.0025096568 -0.8407215223 0.3393129146 -0.4219645339 -0.3902594476 0.1604927718 0.9066088648
0.4792109913 0.8776961123 -0.0025219490 -0.7962425031 0.4335258907 -0.4219634799 -0.3692623756 0.2042176205 0.9066093213
0.5767466241 0.8169191571 -0.0025342406 -0.7412484043 0.5220139066 -0.4219624206 -0.3433862761 0.2452439034 0.9066097800
0.6666650877 0.7453530546 -0.0025465317 -0.6764654561 0.6036084000 -0.4219613562 -0.3129730778 0.2830295453 0.9066102410
0.7477788185 0.6639429878 -0.0025588223 -0.6027491590 0.6772318420 -0.4219602866 -0.2784246575 0.3170752925 0.9066107042
0.8190165380 0.5737641501 -0.0025711123 -0.5210729866 0.7419119667 -0.4219592117 -0.2401975295 0.3469313099 0.9066111697
0.8794374015 0.4760075449 -0.0025834018 -0.4325155299 0.7967946106 -0.4219581316 -0.1987968137 0.3722031242 0.9066116375
0.9282434242 0.3719642562 -0.0025956907 -0.3382462543 0.8411549931 -0.4219570464 -0.1547695607 0.3925568362 0.9066121075
0.9647900195 0.2630083968 -0.0026079791 -0.2395100556 0.8744072876 -0.4219559559 -0.1086975236 0.4077235321 0.9066125797
0.9885945129 0.1505789605 -0.0026202669 -0.1376108202 0.8961123580 -0.4219548601 -0.0611894707 0.4175028365 0.9066130543
0.9993425164 0.0361608167 -0.0026325542 -0.0338942064 0.9059835583 -0.4219537592 -0.0128731417 0.4217655599 0.9066135311
0.9968920806 -0.0787349000 -0.0026448409 0.0702701257 0.9038905177 -0.4219526531 0.0356130466 0.4204554049 0.9066140101
0.9812755696 -0.1925907477 -0.0026571271 0.1735066024 0.8898608629 -0.4219515417 0.0836284363 0.4135897104 0.9066144915
0.9526992335 -0.3039030185 -0.0026694127 0.2744519011 0.8640798532 -0.4219504252 0.1305385936 0.4012592213 0.9066149750
0.9115404843 -0.4112015977 -0.0026816977 0.3717729546 0.8268879341 -0.4219493034 0.1757236912 0.3836268897 0.9066154609
0.8583429114 -0.5130693801 -0.0026939822 0.4641845555 0.7787762419 -0.4219481764 0.2185866986 0.3609257213 0.9066159490
0.7938091026 -0.6081609859 -0.0027062661 0.5504663277 0.7203801177 -0.4219470442 0.2585612707 0.3334556961 0.9066164393
0.7187913644 -0.6952205290 -0.0027185494 0.6294788434 0.6524707177 -0.4219459068 0.2951192304 0.3015798047 0.9066169319
0.6342804660 -0.7730982040 -0.0027308322 0.7001786697 0.5759448294 -0.4219447641 0.3277775480 0.2657192512 0.9066174268
0.5413925538 -0.8407654715 -0.0027431144 0.7616321481 0.4918130291 -0.4219436163 0.3561047229 0.2263478879 0.9066179239
0.4413544105 -0.8973286422 -0.0027553960 0.8130277247 0.4011863366 -0.4219424632 0.3797264849 0.1839859538 0.9066184233
0.3354872524 -0.9420406804 -0.0027676770 0.8536866671 0.3052615429 -0.4219413050 0.3983307394 0.1391932001 0.9066189250
0.2251892805 -0.9743110693 -0.0027799574 0.8830720282 0.2053054066 -0.4219401415 0.4116716908 0.0925614943 0.9066194289
0.1119172139 -0.9937136110 -0.0027922372 0.9007957369 0.1026379248 -0.4219389728 0.4195730897 0.0447069989 0.9066199350
-0.0028329493 -0.9999920545 -0.0028045165 0.9066237231 -0.0013850985 -0.4219377989 0.4219305619 -0.0037379696 0.9066204435
-0.1175456893 -0.9930634806 -0.0028167952 0.9004790092 -0.1053899563 -0.4219366198 0.4187129864 -0.0521332957 0.9066209541
-0.2307059812 -0.9730193968 -0.0028290732 0.8824427264 -0.2080031800 -0.4219354355 0.4099629068 -0.0998395237 0.9066214671
-0.3408193031 -0.9401245286 -0.0028413507 0.8527530440 -0.3078696771 -0.4219342460 0.3957959684 -0.1462263061 0.9066219823
-0.4464313753 -0.8948133235 -0.0028536276 0.8118020240 -0.4036706258 -0.4219330513 0.3763993903 -0.1906807330 0.9066224997
-0.5461473665 -0.8376842130 -0.0028659038 0.7601304440 -0.4941408918 -0.4219318513 0.3520294906 -0.2326154302 0.9066230195
-0.6386503158 -0.7694917090 -0.0028781795 0.6984206559 -0.5780857351 -0.4219306462 0.3230082995 -0.2714763204 0.9066235414
-0.7227185260 -0.6911364391 -0.0028904545 0.6274875752 -0.6543965879 -0.4219294358 0.2897193043 -0.3067499442 0.9066240657
-0.7972416985 -0.6036532517 -0.0029027290 0.5482679191 -0.7220656935 -0.4219282203 0.2526023812 -0.3379702442 0.9066245922
-0.8612355976 -0.5081975485 -0.0029150028 0.4618078374 -0.7801994158 -0.4219269995 0.2121479833 -0.3647247227 0.9066251209
-0.9138550485 -0.4060300251 -0.0029272760 0.3692490965 -0.8280300396 -0.4219257735 0.1688906600 -0.3866598923 0.9066256519
-0.9544051008 -0.2985000212 -0.0029395486 0.2718140020 -0.8649259095 -0.4219245423 0.1234019931 -0.4034859458 0.9066261852
-0.9823502057 -0.1870276989 -0.0029518205 0.1707892576 -0.8903997717 -0.4219233059 0.0762830447 -0.4149805856 0.9066267207
-0.9973212897 -0.0730852872 -0.0029640919 0.0675089724 -0.9041152085 -0.4219220643 0.0281564147 -0.4209919602 0.9066272585
-0.9991206290 0.0418223626 -0.0029763626 -0.0366629563 -0.9058910814 -0.4219208175 -0.0203419857 -0.4214406703 0.9066277985
-0.9877244603 0.1561776508 -0.0029886327 -0.1403508545 -0.8957039231 -0.4219195655 -0.0685713366 -0.4163208180 0.9066283408
-0.9632832952 0.2684702734 -0.0030009021 -0.2421854385 -0.8736882479 -0.4219183083 -0.1158943765 -0.4057000835 0.9066288853
-0.9261199322 0.3772171682 -0.0030131709 -0.3408218975 -0.8401347752 -0.4219170459 -0.1616858229 -0.3897188313 0.9066294321
-0.8767251933 0.4809821017 -0.0030254391 -0.4349576525 -0.7954865911 -0.4219157782 -0.2053406340 -0.3685882543 0.9066299812
-0.8157514417 0.5783946384 -0.0030377067 -0.5233495584 -0.7403332964 -0.4219145054 -0.2462820032 -0.3425875836 0.9066305325
-0.7440039660 0.6681682394 -0.0030499736 -0.6048303206 -0.6754032217 -0.4219132274 -0.2839689803 -0.3120603980 0.9066310861
-0.6624303449 0.7491172544 -0.0030622398 -0.6783239102 -0.6015538083 -0.4219119441 -0.3179036192 -0.2774100842 0.9066316419
-0.5721079317 0.8201725806 -0.0030745054 -0.7428597737 -0.5197602863 -0.4219106557 -0.3476375570 -0.2390945062 0.9066322000
-0.4742296262 0.8803957823 -0.0030867704 -0.7975856508 -0.4311027950 -0.4219093620 -0.3727779382 -0.1976199553 0.9066327603
-0.3700881199 0.9289914852 -0.0030990347 -0.8417788285 -0.3367521196 -0.4219080632 -0.3929926047 -0.1535344601 0.9066333229
-0.2610588226 0.9653178808 -0.0031112983 -0.8748556858 -0.2379542301 -0.4219067591 -0.4080144852 -0.1074205448 0.9066338878
-0.1485816981 0.9888952029 -0.0031235613 -0.8963794008 -0.1360138270 -0.4219054498 -0.4176451230 -0.0598875322 0.9066344549
-0.0341422457 0.9994120640 -0.0031358236 -0.9060657198 -0.0322771122 -0.4219041354 -0.4217572981 -0.0115634924 0.9066350242
0.0807481187 0.9967295676 -0.0031480853 -0.9037867109 0.0718859888 -0.4219028157 -0.4202967078 0.0369130563 0.9066355959
0.1945720240 0.9808831427 -0.0031603463 -0.8895724539 0.1750999182 -0.4219014908 -0.4132826839 0.0849015840 0.9066361697
0.3058261840 0.9520820762 -0.0031726066 -0.8636106434 0.2760016503 -0.4219001607 -0.4008079363 0.1317680130 0.9066367459
0.4130412517 0.9107067481 -0.0031848662 -0.8262441101 0.3732586926 -0.4218988255 -0.3830373284 0.1768930959 0.9066373242
0.5148012250 0.8573036085 -0.0031971252 -0.7779662938 0.4655866813 -0.4218974850 -0.3602056974 0.2196805978 0.9066379049
0.6097621479 0.7925779601 -0.0032093835 -0.7194147274 0.5517663434 -0.4218961393 -0.3326147517 0.2595651739 0.9066384878
0.6966698605 0.7173846434 -0.0032216411 -0.6513626177 0.6306595974 -0.4218947884 -0.3006290834 0.2960198400 0.9066390729
0.7743765626 0.6327167464 -0.0032338981 -0.5747086351 0.7012245835 -0.4218934324 -0.2646713510 0.3285629351 0.9066396603
0.8418559732 0.5396924892 -0.0032461543 -0.4904650458 0.7625294218 -0.4218920711 -0.2252166938 0.3567644853 0.9066402500
0.8982168842 0.4395404551 -0.0032584099 -0.3997443447 0.8137645189 -0.4218907046 -0.1827864539 0.3802518851 0.9066408419
0.9427149312 0.3335833648 -0.0032706648 -0.3037445634 0.8542532593 -0.4218893329 -0.1379412872 0.3987148201 0.9066414360
0.9747624239 0.2232206070 -0.0032829190 -0.2037334499 0.8834609408 -0.4218879560 -0.0912737549 0.4119093670 0.9066420324
0.9939361082 0.1099097565 -0.0032951725 -0.1010317269 0.9010018362 -0.4218865739 -0.0434004942 0.4196612164 0.9066426311
0.9999827561 -0.0048526764 -0.0033074253 0.0030043494 0.9066442870 -0.4218851867 0.0050459305 0.4218679751 0.9066432320
0.9928225097 -0.1195510101 -0.0033196773 0.1070008996 0.9003137629 -0.4218837942 0.0534253849 0.4185005189 0.9066438352
0.9725499364 -0.2326704096 -0.0033319287 0.2095845641 0.8820938465 -0.4218823965 0.1010986238 0.4096033771 0.9066444406
0.9394327796 -0.3427168935 -0.0033441794 0.3094006400 0.8522251294 -0.4218809936 0.1474357373 0.3952941433 0.9066450483
0.8939084227 -0.4482370648 -0.0033564294 0.4051309703 0.8111020356 -0.4218795856 0.1918244738 0.3757619214 0.9066456583
0.8365781124 -0.5478373060 -0.0033686787 0.4955113519 0.7592676128 -0.4218781723 0.2336783300 0.3512648265 0.9066462705
0.7681990182 -0.6402021850 -0.0033809272 0.5793482303 0.6974063612 -0.4218767538 0.2724442998 0.3221265739 0.9066468849
0.6896742320 -0.7241118285 -0.0033931750 0.6555344613 0.6263351945 -0.4218753302 0.3076101817 0.2887322012 0.9066475016
0.6020408410 -0.7984580320 -0.0034054222 0.7230639321 0.5469926521 -0.4218739013 0.3387113459 0.2515229804 0.9066481205
0.5064562308 -0.8622588972 -0.0034176686 0.7810448483 0.4604265048 -0.4218724673 0.3653368736 0.2109905872 0.9066487417
0.4041827998 -0.9146717991 -0.0034299142 0.8287115102 0.3677799186 -0.4218710280 0.3871349857 0.1676706038 0.9066493652
0.2965712860 -0.9550045151 -0.0034421592 0.8654344253 0.2702763586 -0.4218695836 0.4038176913 0.1221354419 0.9066499909
0.1850429285 -0.9827243671 -0.0034544034 0.8907286210 0.1692034316 -0.4218681339 0.4151645918 0.0749867790 0.9066506189
0.0710706959 -0.9974652568 -0.0034666469 0.9042600498 0.0658958830 -0.4218666791 0.4210257931 0.0268476082 0.9066512491
-0.0438401662 -0.9990325006 -0.0034788896 0.9058500004 -0.0382820299 -0.4218652190 0.4213238857 -0.0216459935 0.9066518815
-0.1581720161 -0.9874054007 -0.0034911316 0.8954774581 -0.1419545537 -0.4218637538 0.4160549668 -0.0698532701 0.9066525162
-0.2704148591 -0.9627375189 -0.0035033729 0.8732793827 -0.2437526073 -0.4218622834 0.4052886918 -0.1171372533 0.9066531532
-0.3790862907 -0.9253546481 -0.0035156134 0.8395489001 -0.3423318611 -0.4218608078 0.3891673528 -0.1628731782 0.9066537924
-0.4827510742 -0.8757505093 -0.0035278532 0.7947314313 -0.4363904906 -0.4218593270 0.3679039989 -0.2064567391 0.9066544339
-0.5800400968 -0.8145802317 -0.0035400922 0.7394188107 -0.5246863676 -0.4218578410 0.3417796197 -0.2473120737 0.9066550776
-0.6696684510 -0.7426516995 -0.0035523305 0.6743414707 -0.6060534639 -0.4218563498 0.3111394329 -0.2848993721 0.9066557236
-0.7504524049 -0.6609148825 -0.0035645681 0.6003587957 -0.6794172496 -0.4218548534 0.2763883218 -0.3187220090 0.9066563718
-0.8213250358 -0.5704492896 -0.0035768048 0.5184477738 -0.7438088836 -0.4218533518 0.2379854856 -0.3483331058 0.9066570223
-0.8813503212 -0.4724497118 -0.0035890409 0.4296900949 -0.7983780077 -0.4218518450 0.1964383713 -0.3733414344 0.9066576750
-0.9297355007 -0.3682104420 -0.0036012761 0.3352578661 -0.8424039765 -0.4218503331 0.1522959683 -0.3934165868 0.9066583300
-0.9658415465 -0.2591081814 -0.0036135106 0.2363981337 -0.8753053747 -0.4218488159 0.1061415543 -0.4082933399 0.9066589872
-0.9891916026 -0.1465838574 -0.0036257443 0.1344164143 -0.8966476947 -0.4218472936 0.0585849882 -0.4177751600 0.9066596467
-0.9994772833 -0.0321235926 -0.0036379773 0.0306594553 -0.9061490757 -0.4218457660 0.0102546518 -0.4217367986 0.9066603084
-0.9965627455 0.0827609221 -0.0036502095 -0.0735025504 -0.9036840255 -0.4218442333 -0.0382108537 -0.4201259476 0.9066609724
-0.9804864830 0.1965523930 -0.0036624409 -0.1766940587 -0.8892850780 -0.4218426954 -0.0861711453 -0.4129639293 0.9066616386
-0.9514608181 0.3077479623 -0.0036746715 -0.2775523396 -0.8631423643 -0.4218411523 -0.1329925197 -0.4003454142 0.9066623070
-0.9098690976 0.4148790571 -0.0036869014 -0.3747454732 -0.8256011015 -0.4218396040 -0.1780563270 -0.3824371702 0.9066629778
-0.8562606294 0.5165307841 -0.0036991305 -0.4669899383 -0.7771570347 -0.4218380505 -0.2207671443 -0.3594758579 0.9066636507
-0.7913434282 0.6113606173 -0.0037113588 -0.5530675634 -0.7184498900 -0.4218364919 -0.2605606434 -0.3317649035 0.9066643260
-0.7159748645 0.6981161281 -0.0037235863 -0.6318416128 -0.6502549269 -0.4218349280 -0.2969110470 -0.2996704886 0.9066650034
-0.6311503408 0.7756515268 -0.0037358130 -0.7022717986 -0.5734727004 -0.4218333589 -0.3293380757 -0.2636167122 0.9066656831
-0.5379901460 0.8429427946 -0.0037480389 -0.7634280191 -0.4891171691 -0.4218317847 -0.3574132937 -0.2240799855 0.9066663651
-0.4377246587 0.8991012087 -0.0037602641 -0.8145026409 -0.3983023046 -0.4218302053 -0.3807657693 -0.1815827376 0.9066670493
-0.3316780982 0.9433850791 -0.0037724884 -0.8548211654 -0.3022273813 -0.4218286207 -0.3990869760 -0.1366865117 0.9066677358
-0.2212510346 0.9752095445 -0.0037847119 -0.8838511357 -0.2021611387 -0.4218270309 -0.4121348683 -0.0899845451 0.9066684245
-0.1079018921 0.9941542964 -0.0037969347 -0.9012091686 -0.0994250273 -0.4218254359 -0.4197370798 -0.0420939303 0.9066691154
0.0068723132 0.9999691303 -0.0038091566 -0.9066660179 0.0046242425 -0.4218238357 -0.4217931997 0.0063525384 0.9066698087
0.1215557443 0.9925772504 -0.0038213777 -0.9001496017 0.1086126170 -0.4218222304 -0.4182760998 0.0547147268 0.9066705041
0.2346337632 0.9720762834 -0.0038335980 -0.8817459547 0.2111668439 -0.4218206198 -0.4092322916 0.1023536190 0.9066712018
0.3446129350 0.9387369891 -0.0038458175 -0.8516980926 0.3109326082 -0.4218190041 -0.3947813118 0.1486397605 0.9066719018
0.4500407516 0.8929996850 -0.0038580362 -0.8104028025 0.4065924162 -0.4218173832 -0.3751141421 0.1929615755 0.9066726040
0.5495248156 0.8354684304 -0.0038702541 -0.7584054039 0.4968829946 -0.4218157571 -0.3504906851 0.2347334478 0.9066733084
0.6417512295 0.7669030485 -0.0038824711 -0.6963925472 0.5806119732 -0.4218141259 -0.3212363298 0.2734034578 0.9066740151
0.7255019485 0.6882090919 -0.0038946873 -0.6251831464 0.6566736307 -0.4218124894 -0.2877376518 0.3084606758 0.9066747240
0.7996708674 0.6004258821 -0.0039069027 -0.5457175645 0.7240634976 -0.4218108477 -0.2504373047 0.3394419119 0.9066754352
0.8632784294 0.5047127834 -0.0039191173 -0.4590451960 0.7818916204 -0.4218092009 -0.2098281709 0.3659378365 0.9066761487
0.9154845627 0.4023338912 -0.0039313310 -0.3663106085 0.8293943150 -0.4218075489 -0.1664468489 0.3875983877 0.9066768643
0.9555997757 0.2946413365 -0.0039435439 -0.2687384282 0.8659442516 -0.4218058917 -0.1208665625 0.4041373973 0.9066775823
0.9830942630 0.1830574285 -0.0039557560 -0.1676171679 0.8910587394 -0.4218042294 -0.0736895866 0.4153363706 0.9066783024
0.9976049028 0.0690558697 -0.0039679672 -0.0642822108 0.9044061014 -0.4218025618 -0.0255392890 0.4210473734 0.9066790248
0.9989400527 -0.0458577072 -0.0039801776 0.0399018236 0.9058100543 -0.4218008891 0.0229481065 0.4211949860 0.9066797495
0.9870820804 -0.1601656246 -0.0039923871 0.1435591009 0.8952520371 -0.4217992112 0.0711319268 0.4157772994 0.9066804764
0.9621875970 -0.2723582041 -0.0040045958 0.2453207404 0.8728714565 -0.4217975281 0.1183755146 0.4048659396 0.9066812056
0.9245853882 -0.3809537049 -0.0040168036 0.3438428926 0.8389638459 -0.4217958398 0.1640546409 0.3886051209 0.9066819370
0.8747720721 -0.4845178933 -0.0040290106 0.4378244855 0.7939769631 -0.4217941463 0.2075657528 0.3672097399 0.9066826706
0.8134055405 -0.5816829852 -0.0040412168 0.5260244070 0.7385048776 -0.4217924477 0.2483339484 0.3409625353 0.9066834065
0.7412962697 -0.6711657100 -0.0040534220 0.6072778942 0.6732801257 -0.4217907439 0.2858205726 0.3102103515 0.9066841446
0.6593966168 -0.7517842593 -0.0040656265 0.6805119156 0.5991640366 -0.4217890349 0.3195303343 0.2753595554 0.9066848850
0.5687882412 -0.8224738950 -0.0040778300 0.7447593414 0.5171353589 -0.4217873207 0.3490178506 0.2368706663 0.9066856276
0.4706678197 -0.8823010116 -0.0040900327 0.7991717155 0.4282773349 -0.4217856014 0.3738935311 0.1952522709 0.9066863725
0.3663312413 -0.9304754663 -0.0041022345 0.8430304602 0.3337633958 -0.4217838769 0.3938287252 0.1510543025 0.9066871196
0.2571564924 -0.9663610142 -0.0041144355 0.8757563658 0.2348416661 -0.4217821472 0.4085600644 0.1048607745 0.9066878690
0.1445854577 -0.9894837120 -0.0041266355 0.8969172397 0.1328184811 -0.4217804123 0.4178929415 0.0572820634 0.9066886206
0.0301048768 -0.9995381766 -0.0041388347 0.9062336145 0.0290411354 -0.4217786722 0.4217040814 0.0089468438 0.9066893744
-0.0847732912 -0.9963916188 -0.0041510331 0.9035824385 -0.0751199085 -0.4217769270 0.4199431699 -0.0395062188 0.9066901305
-0.1985318365 -0.9800855970 -0.0041632305 0.8889987011 -0.1782891189 -0.4217751766 0.4126335171 -0.0874369069 0.9066908888
-0.3096683362 -0.9508354681 -0.0041754271 0.8626749709 -0.2791040592 -0.4217734210 0.3998717496 -0.1342119100 0.9066916494
-0.4167149976 -0.9090275434 -0.0041876227 0.8249588533 -0.3762333809 -0.4217716603 0.3818265327 -0.1792131928 0.9066924122
-0.5182580426 -0.8552139865 -0.0041998175 0.7763484001 -0.4683944042 -0.4217698943 0.3587363417 -0.2218461615 0.9066931773
-0.6129563808 -0.7901055209 -0.0042120114 0.7174855326 -0.5543700576 -0.4217681232 0.3309063097 -0.2615475196 0.9066939446
-0.6995593203 -0.7145620431 -0.0042242044 0.6491475647 -0.6330249504 -0.4217663470 0.2987041958 -0.2977927110 0.9066947141
-0.7769230865 -0.6295812661 -0.0042363965 0.5722369385 -0.7033203662 -0.4217645655 0.2625555252 -0.3301028506 0.9066954859
-0.8440259278 -0.5362855421 -0.0042485877 0.4877693066 -0.7643279806 -0.4217627789 0.2229379660 -0.3580510515 0.9066962600
-0.8999816100 -0.4359070400 -0.0042607780 0.3968601198 -0.8152421205 -0.4217609871 0.1803750178 -0.3812680651 0.9066970362
-0.9440511206 -0.3297714715 -0.0042729674 0.3007098973 -0.8553904040 -0.4217591901 0.1354290934 -0.3994471597 0.9066978148
-0.9756524297 -0.2192805826 -0.0042851559 0.2005883724 -0.8842426197 -0.4217573880 0.0886940883 -0.4123481728 0.9066985955
-0.9943681762 -0.1058936401 -0.0042973435 0.0978177254 -0.9014177293 -0.4217555807 0.0407875321 -0.4198006839 0.9066993785
-0.9999511804 0.0088918405 -0.0043095302 -0.0062448774 -0.9066888995 -0.4217537682 -0.0076575704 -0.4217062659 0.9067001638
-0.9923277082 0.1235598734 -0.0043217159 -0.1102252055 -0.8999864978 -0.4217519506 -0.0560011036 -0.4180397845 0.9067009512
-0.9715984452 0.2365960240 -0.0043339007 -0.2127501127 -0.8813990125 -0.4217501277 -0.1036042992 -0.4088497305 0.9067017410
-0.9380371667 0.3465074104 -0.0043460847 -0.3124656699 -0.8511718844 -0.4217482997 -0.1498381763 -0.3942575779 0.9067025329
-0.8920871218 0.4518424201 -0.0043582677 -0.4080550454 -0.8097042657 -0.4217464666 -0.1940918520 -0.3744561784 0.9067033271
-0.8343551798 0.5512098812 -0.0043704497 -0.4982558944 -0.7575437494 -0.4217446283 -0.2357806133 -0.3497072128 0.9067041236
-0.7656038146 0.6432974364 -0.0043826309 -0.5818770300 -0.6953791379 -0.4217427848 -0.2743536423 -0.3203377325 0.9067049223
-0.6867410349 0.7268888750 -0.0043948111 -0.6578141533 -0.6240313475 -0.4217409361 -0.3093012945 -0.2867358380 0.9067057232
-0.5988083922 0.8008801957 -0.0044069904 -0.7250644369 -0.5444425671 -0.4217390823 -0.3401618319 -0.2493455498 0.9067065264
-0.5029672244 0.8642941873 -0.0044191687 -0.7827397685 -0.4576638169 -0.4217372233 -0.3665275242 -0.2086609415 0.9067073318
-0.4004833183 0.9162933346 -0.0044313461 -0.8300784793 -0.3648410684 -0.4217353591 -0.3880500355 -0.1652196110 0.9067081394
-0.2927101918 0.9561908798 -0.0044435226 -0.8664554024 -0.2672001111 -0.4217334897 -0.4044450263 -0.1195955766 0.9067089493
-0.1810712184 0.9834598927 -0.0044556981 -0.8913901292 -0.1660303655 -0.4217316152 -0.4154959103 -0.0723916921 0.9067097614
-0.0670408277 0.9977402295 -0.0044678727 -0.9045533539 -0.0626678553 -0.4217297356 -0.4210567152 -0.0242316813 0.9067105758
0.0478749668 0.9988432894 -0.0044800463 -0.9057712223 0.0415224363 -0.4217278507 -0.4210540112 0.0242481038 0.9067113924
0.1621584583 0.9867545056 -0.0044922190 -0.8950276283 0.1451645917 -0.4217259608 -0.4154878808 0.0724070917 0.9067122112
0.2743002909 0.9616335377 -0.0045043907 -0.8724644264 0.2468899292 -0.4217240656 -0.4044319164 0.1196089545 0.9067130323
0.3828193943 0.9238121628 -0.0045165614 -0.8383795595 0.3453550775 -0.4217221653 -0.3880322481 0.1652300166 0.9067138556
0.4862825439 0.8737898936 -0.0045287312 -0.7932231238 0.4392597163 -0.4217202598 -0.3665056117 0.2086674951 0.9067146812
0.5833232899 0.8122273817 -0.0045409001 -0.7375914258 0.5273637480 -0.4217183491 -0.3401364845 0.2493474638 0.9067155090
0.6726600044 0.7399376920 -0.0045530680 -0.6722191075 0.6085036741 -0.4217164333 -0.3092733258 0.2867324372 0.9067163390
0.7531128074 0.6578755642 -0.0045652349 -0.5979694454 0.6816079610 -0.4217145123 -0.2743239723 0.3203284713 0.9067171713
0.8236191500 0.5671248039 -0.0045774008 -0.5158229503 0.7457111898 -0.4217125862 -0.2357502487 0.3496916902 0.9067180058
0.8832478475 0.4688839683 -0.0045895658 -0.4268644192 0.7999668063 -0.4217106549 -0.1940618650 0.3744341505 0.9067188426
0.9312113779 0.3644505367 -0.0046017298 -0.3322686098 0.8436583004 -0.4217087184 -0.1498096812 0.3942289671 0.9067196815
0.9668762823 0.2552037749 -0.0046138928 -0.2332847270 0.8762086684 -0.4217067768 -0.1035784285 0.4088146313 0.9067205228
0.9897715314 0.1425865184 -0.0046260548 -0.1312199266 0.8971880334 -0.4217048300 -0.0559789825 0.4179984660 0.9067213662
0.9995947464 0.0280861173 -0.0046382159 -0.0274220527 0.9063193221 -0.4217028781 -0.0076402918 0.4216591708 0.9067222119
0.9962161923 -0.0867852075 -0.0046503760 0.0767381609 0.9034819245 -0.4217009210 0.0407989325 0.4197484245 0.9067230599
0.9796804916 -0.2005103366 -0.0046625350 0.1798851927 0.8887132865 -0.4216989587 0.0886986570 0.4122915222 0.9067239100
0.9502060349 -0.3115872886 -0.0046746931 0.2806568984 0.8622084162 -0.4216969913 0.1354259819 0.3993870411 0.9067247624
0.9081820964 -0.4185490572 -0.0046868502 0.3777224989 0.8243173085 -0.4216950187 0.1803635043 0.3812055373 0.9067256171
0.8541636926 -0.5199829859 -0.0046990063 0.4698001548 0.7755403238 -0.4216930409 0.2229174755 0.3579872911 0.9067264739
0.7888642525 -0.6145494253 -0.0047111614 0.5556738938 0.7165215805 -0.4216910581 0.2625256462 0.3300391319 0.9067273331
0.7131461950 -0.7009994257 -0.0047233156 0.6342096690 0.6480404494 -0.4216890700 0.2986646954 0.2977303834 0.9067281944
0.6280095389 -0.7781912326 -0.0047354687 0.7043703351 0.5710012612 -0.4216870768 0.3308571446 0.2614879830 0.9067290580
0.5345786952 -0.8451053655 -0.0047476208 0.7652293449 0.4864213651 -0.4216850784 0.3586776665 0.2217908403 0.9067299238
0.4340876173 -0.9008580826 -0.0047597718 0.8159829852 0.3954176933 -0.4216830749 0.3817587043 0.1791635084 0.9067307919
0.3278635039 -0.9447130525 -0.0047719219 0.8559609912 0.2991920119 -0.4216810662 0.3997953282 0.1341692529 0.9067316622
0.2173092701 -0.9760910786 -0.0047840710 0.8846353975 0.1990150503 -0.4216790524 0.4125492632 0.0874026086 0.9067325347
0.1038850197 -0.9945777491 -0.0047962190 0.9016275113 0.0962097204 -0.4216770334 0.4198520376 0.0394815239 0.9067334094
-0.0109112394 -0.9999289097 -0.0048083661 0.9067129133 -0.0078663531 -0.4216750093 0.4216072079 -0.0089608046 0.9067342864
-0.1255633790 -0.9920738886 -0.0048205121 0.8998244214 -0.1118387616 -0.4216729800 0.4177916329 -0.0572842987 0.9067351657
-0.2385571744 -0.9711164297 -0.0048326571 0.8810529790 -0.2143344627 -0.4216709455 0.4084557781 -0.1048504562 0.9067360471
-0.3484003034 -0.9373333220 -0.0048448010 0.8506464536 -0.3139999120 -0.4216689059 0.3937230493 -0.1510307875 0.9067369308
-0.4536420548 -0.8911707447 -0.0048569439 0.8090063643 -0.4095189382 -0.4216668612 0.3737881602 -0.1952151199 0.9067378167
-0.5528924887 -0.8332383740 -0.0048690858 0.7566825794 -0.4996301242 -0.4216648112 0.3489145597 -0.2368196593 0.9067387049
-0.6448407934 -0.7643013311 -0.0048812267 0.6943660555 -0.5831434652 -0.4216627562 0.3194309504 -0.2752947044 0.9067395953
-0.7282725976 -0.6852700771 -0.0048933665 0.6228797132 -0.6589560838 -0.4216606960 0.2857269440 -0.3101319091 0.9067404879
-0.8020860083 -0.5971883885 -0.0049055053 0.5431675696 -0.7260667948 -0.4216586306 0.2482479136 -0.3408709993 0.9067413828
-0.8653061641 -0.5012195717 -0.0049176430 0.4562822728 -0.7835893267 -0.4216565601 0.2074891079 -0.3671058540 0.9067422799
-0.9170981102 -0.3986310996 -0.0049297797 0.3633712001 -0.8307640259 -0.4216544845 0.1639891071 -0.3884898708 0.9067431792
-0.9567778254 -0.2907778711 -0.0049419154 0.2656613069 -0.8669678890 -0.4216524036 0.1183227063 -0.4047405455 0.9067440807
-0.9838212565 -0.1790843173 -0.0049540500 0.1644429238 -0.8917227901 -0.4216503177 0.0710933200 -0.4156432038 0.9067449845
-0.9978712391 -0.0650255891 -0.0049661835 0.0610527163 -0.9047017955 -0.4216482266 0.0229250091 -0.4210538373 0.9067458906
-0.9987422150 0.0498919262 -0.0049783160 -0.0431439661 -0.9057334812 -0.4216461303 -0.0255457651 -0.4209010059 0.9067467988
-0.9864226828 0.1641504988 -0.0049904475 -0.1467711210 -0.8948041970 -0.4216440289 -0.0736785510 -0.4151867806 0.9067477093
-0.9610753496 0.2762411023 -0.0050025778 -0.2484602638 -0.8720582473 -0.4216419224 -0.1208373687 -0.4039867161 0.9067486220
-0.9230349823 0.3846833427 -0.0050147072 -0.3468685004 -0.8377959856 -0.4216398107 -0.1663991133 -0.3874488512 0.9067495370
-0.8728039861 0.4880450110 -0.0050268354 -0.4406962604 -0.7924698487 -0.4216376938 -0.2097617884 -0.3657917523 0.9067504541
-0.8110457693 0.5849609978 -0.0050389626 -0.5287044600 -0.7366783820 -0.4216355719 -0.2503524596 -0.3393016248 0.9067513735
-0.7385759816 0.6741513227 -0.0050510887 -0.6097308644 -0.6711583355 -0.4216334447 -0.2876348247 -0.3083285306 0.9067522952
-0.6563517414 0.7544380395 -0.0050632137 -0.6827054369 -0.5967749348 -0.4216313124 -0.3211162998 -0.2732817626 0.9067532190
-0.5654589954 0.8247607929 -0.0050753377 -0.7466644695 -0.5145104555 -0.4216291750 -0.3503545270 -0.2346244354 0.9067541451
-0.4670981759 0.8841908232 -0.0050874606 -0.8007633097 -0.4254512514 -0.4216270325 -0.3749632194 -0.1928673660 0.9067550735
-0.3625683472 0.9319432321 -0.0050995824 -0.8442875153 -0.3307734089 -0.4216248847 -0.3946172641 -0.1485623239 0.9067560040
-0.2532500479 0.9673873494 -0.0051117031 -0.8766622893 -0.2317272157 -0.4216227319 -0.4090570178 -0.1022947398 0.9067569368
-0.1405870586 0.9900550618 -0.0051238227 -0.8974600708 -0.1296206500 -0.4216205739 -0.4180917366 -0.0546759700 0.9067578718
-0.0260673332 0.9996469958 -0.0051359412 -0.9064061821 -0.0258021076 -0.4216184108 -0.4216020958 -0.0063352187 0.9067588091
0.0887966523 0.9960364712 -0.0051480587 -0.9033824557 0.0783574045 -0.4216162425 -0.4195417659 0.0420887768 0.9067597485
0.2024878754 0.9792711744 -0.0051601750 -0.8884287956 0.1814823733 -0.4216140691 -0.4119380237 0.0899561852 0.9067606902
0.3135048026 0.9495725281 -0.0051722903 -0.8617426508 0.2822109451 -0.4216118905 -0.3988913918 0.1366345357 0.9067616342
0.4203812205 0.9073327677 -0.0051844044 -0.8236764078 0.3792129090 -0.4216097068 -0.3805743091 0.1815070747 0.9067625803
0.5217055998 0.8531097604 -0.0051965175 -0.7747327375 0.4712072647 -0.4216075180 -0.3572288518 0.2239809153 0.9067635287
0.6161397382 0.7876196374 -0.0052086295 -0.7155579575 0.5569791380 -0.4216053240 -0.3291635345 0.2634948702 0.9067644793
0.7024364335 0.7117273360 -0.0052207403 -0.6469334974 0.6353958255 -0.4216031249 -0.2967492323 0.2995268672 0.9067654322
0.7794559559 0.6264351763 -0.0052328500 -0.5697655791 0.7054217523 -0.4216009206 -0.2604142808 0.3316008464 0.9067663872
0.8461811006 0.5328696232 -0.0052449587 -0.4850732504 0.7661321481 -0.4215987112 -0.2206388150 0.3592930506 0.9067673445
0.9017306220 0.4322664094 -0.0052570662 -0.3939749274 0.8167252601 -0.4215964967 -0.1779484251 0.3822376234 0.9067683041
0.9453708722 0.3259542143 -0.0052691726 -0.2976736252 0.8565329407 -0.4215942770 -0.1329072114 0.4001314431 0.9067692658
0.9765254909 0.2153371166 -0.0052812778 -0.1974410714 0.8850294712 -0.4215920522 -0.0861103304 0.4127381269 0.9067702298
0.9947830168 0.1018760500 -0.0052933820 -0.0946009120 0.9018385051 -0.4215898223 -0.0381761301 0.4198911540 0.9067711960
0.9999023223 -0.0129304910 -0.0053054850 0.0094887683 0.9067380380 -0.4215875872 0.0102620196 0.4214960650 0.9067721644
0.9918157979 -0.1275662428 -0.0053175869 0.1134533807 0.8996633401 -0.4215853470 0.0585640967 0.4175317091 0.9067731351
0.9706302449 -0.2405171971 -0.0053296877 0.2159199850 0.8807078111 -0.4215831016 0.1060918835 0.4080505231 0.9067741079
0.9366254652 -0.3502915975 -0.0053417873 0.3155354200 0.8501217470 -0.4215808512 0.1522173994 0.3931778377 0.9067750831
0.8902505656 -0.4554396407 -0.0053538858 0.4109841736 0.8083090355 -0.4215785955 0.1963311983 0.3731102208 0.9067760604
0.8321180267 -0.5545726245 -0.0053659831 0.5010057551 0.7558218225 -0.4215763348 0.2378504216 0.3481128794 0.9067770399
0.7629956133 -0.6463812887 -0.0053780794 0.5844113411 0.6933532208 -0.4215740689 0.2762264986 0.3185161547 0.9067780217
0.6837962348 -0.7296531061 -0.0053901744 0.6600994753 0.6217281576 -0.4215717979 0.3109523950 0.2847111568 0.9067790057
0.5955658884 -0.8032882970 -0.0054022684 0.7270706141 0.5418924806 -0.4215695218 0.3415693118 0.2471445962 0.9067799920
0.4994698438 -0.8663143539 -0.0054143611 0.7844403268 0.4549004677 -0.4215672405 0.3676727470 0.2063128805 0.9067809804
0.3967772540 -0.9178988857 -0.0054264528 0.8314509755 0.3619009048 -0.4215649541 0.3889178398 0.1627555554 0.9067819711
0.2888443933 -0.9573606106 -0.0054385432 0.8674817205 0.2641219153 -0.4215626626 0.4050239265 0.1170481747 0.9067829640
0.1770967446 -0.9841783546 -0.0054506326 0.8920567196 0.1628547417 -0.4215603659 0.4157782486 0.0697946950 0.9067839591
0.0630101728 -0.9979979343 -0.0054627207 0.9048514121 0.0594366940 -0.4215580641 0.4210387632 0.0216194959 0.9067849565
-0.0519085667 -0.9986368345 -0.0054748077 0.9056968053 -0.0447665105 -0.4215557572 0.4207360189 -0.0268408710 0.9067859560
-0.1661417284 -0.9860866190 -0.0054868936 0.8945817066 -0.1483787826 -0.4215534451 0.4148740728 -0.0749460926 0.9067869578
-0.2781806212 -0.9605130417 -0.0054989782 0.8716528717 -0.2500318334 -0.4215511280 0.4035304365 -0.1220605548 0.9067879619
-0.3865455345 -0.9222538577 -0.0055110617 0.8372130670 -0.3483832443 -0.4215488056 0.3868550506 -0.1675617413 0.9067889681
-0.4898052803 -0.8718143622 -0.0055231440 0.7917170715 -0.4421341939 -0.4215464782 0.3650683032 -0.2108484584 0.9067899766
-0.5865960957 -0.8098607175 -0.0055352252 0.7357656716 -0.5300466109 -0.4215441457 0.3384581169 -0.2513487787 0.9067909872
-0.6756396537 -0.7372111542 -0.0055473052 0.6700977276 -0.6109595236 -0.4215418080 0.3073761439 -0.2885275977 0.9067920002
-0.7557599463 -0.6548251651 -0.0055593840 0.5955804167 -0.6838043921 -0.4215394652 0.2722331187 -0.3218937038 0.9067930153
-0.8258988165 -0.5637908333 -0.0055714616 0.5131977812 -0.7476192187 -0.4215371172 0.2334934308 -0.3510062680 0.9067940326
-0.8851299333 -0.4653104612 -0.0055835380 0.4240377345 -0.8015612530 -0.4215347642 0.1916689878 -0.3754806685 0.9067950522
-0.9326710258 -0.3606846917 -0.0055956133 0.3292776937 -0.8449181210 -0.4215324060 0.1473124509 -0.3949935721 0.9067960740
-0.9678942145 -0.2512953308 -0.0056076873 0.2301690314 -0.8771172328 -0.4215300427 0.1010099323 -0.4092872055 0.9067970980
-0.9903343045 -0.1385870975 -0.0056197602 0.1280205507 -0.8977333448 -0.4215276743 0.0533732508 -0.4181727609 0.9067981242
-0.9996949285 -0.0240485432 -0.0056318318 0.0241812010 -0.9064941756 -0.4215253007 0.0050318467 -0.4215328898 0.9067991527
-0.9958524614 0.0908076074 -0.0056439023 -0.0799777355 -0.9032840019 -0.4215229220 -0.0433755347 -0.4193232529 0.9068001834
-0.9788576529 0.2044644354 -0.0056559716 -0.1830807529 -0.8881451873 -0.4215205382 -0.0912092828 -0.4115731052 0.9068012163
-0.9489349574 0.3154208617 -0.0056680396 -0.2837662861 -0.8612776235 -0.4215181493 -0.1378373736 -0.3983849085 0.9068022514
-0.9064795692 0.4222114720 -0.0056801065 -0.3807046916 -0.8230360903 -0.4215157553 -0.1826437202 -0.3799329771 0.9068032887
-0.8520522034 0.5234258705 -0.0056921722 -0.4726158065 -0.7739255714 -0.4215133561 -0.2250363129 -0.3564611733 0.9068043283
-0.7863716904 0.6177273073 -0.0057042366 -0.5582858545 -0.7145945858 -0.4215109519 -0.2644550419 -0.3282796851 0.9068053700
-0.7103054821 0.7038703332 -0.0057162998 -0.6365834747 -0.6458266241 -0.4215085425 -0.3003790969 -0.2957609265 0.9068064140
-0.6248581955 0.7807172480 -0.0057283618 -0.7064746623 -0.5685298018 -0.4215061280 -0.3323338487 -0.2593346160 0.9068074602
-0.5311583443 0.8472531268 -0.0057404226 -0.7670364243 -0.4837248677 -0.4215037083 -0.3598971200 -0.2194820986 0.9068085087
-0.4304434348 0.9025992236 -0.0057524822 -0.8174689681 -0.3925317238 -0.4215012836 -0.3827047631 -0.1767299846 0.9068095593
-0.3240436218 0.9460245775 -0.0057645406 -0.8571062638 -0.2961546369 -0.4214988537 -0.4004554704 -0.1316431913 0.9068106122
-0.2133641410 0.9769556665 -0.0057765977 -0.8854248403 -0.1958663349 -0.4214964188 -0.4129147557 -0.0848174782 0.9068116673
-0.0998667502 0.9949839816 -0.0057886536 -0.9020506985 -0.0929912000 -0.4214939787 -0.4199180510 -0.0368715749 0.9068127246
0.0149495768 0.9998714227 -0.0058007083 -0.9067642504 0.0111122211 -0.4214915335 -0.4213728805 0.0115609949 0.9068137841
0.1295684468 0.9915534425 -0.0058127617 -0.8995032194 0.1150691577 -0.4214890831 -0.4172600818 0.0598402837 0.9068148458
0.2424760748 0.9701398995 -0.0058248139 -0.8803634634 0.2175067698 -0.4214866277 -0.4076340582 0.1073283764 0.9068159098
0.3521812766 0.9359136068 -0.0058368648 -0.8495977090 0.3170722784 -0.4214841672 -0.3926220591 0.1533978191 0.9068169759
0.4572351630 0.8893265969 -0.0058489146 -0.8076122145 0.4124508290 -0.4214817015 -0.3724224976 0.1974399093 0.9068180443
0.5562502756 0.8309941516 -0.0058609630 -0.7549614054 0.5023828564 -0.4214792307 -0.3473023284 0.2388727391 0.9068191149
0.6479189107 0.7616866764 -0.0058730102 -0.6923405531 0.5856807182 -0.4214767548 -0.3175935197 0.2771488830 0.9068201877
0.7310303909 0.6823195247 -0.0058850562 -0.6205765936 0.6612443784 -0.4214742738 -0.2836886659 0.3117626313 0.9068212628
0.8044870542 0.5939409094 -0.0058971009 -0.5406172074 0.7280759350 -0.4214717877 -0.2460357996 0.3422566712 0.9068223400
0.8673187511 0.4977180588 -0.0059091444 -0.4535183052 0.7852927982 -0.4214692965 -0.2051324715 0.3682281290 0.9068234195
0.9186956575 0.3949218004 -0.0059211866 -0.3604300833 0.8321393461 -0.4214668002 -0.1615191752 0.3893338929 0.9068245011
0.9579392341 0.2869097778 -0.0059332276 -0.2625818355 0.8679969035 -0.4214642988 -0.1157722051 0.4052951453 0.9068255850
0.9845311881 0.1751085193 -0.0059452673 -0.1612657185 0.8923919126 -0.4214617922 -0.0684960419 0.4159010468 0.9068266711
0.9981203182 0.0609945978 -0.0059573057 -0.0578196888 0.9050021870 -0.4214592806 -0.0203153646 0.4210115208 0.9068277595
0.9985271530 -0.0539248701 -0.0059693429 0.0463901665 0.9056611666 -0.4214567638 0.0281332033 0.4205591037 0.9068288500
0.9857463214 -0.1681321293 -0.0059813788 0.1499876696 0.8943601181 -0.4214542419 0.0762095057 0.4145498356 0.9068299428
0.9599466233 -0.2801188310 -0.0059934134 0.2516047260 0.8712482504 -0.4214517150 0.1232783126 0.4030631795 0.9068310377
0.9214688001 -0.3884059539 -0.0060054467 0.3498993908 0.8366307445 -0.4214491829 0.1687177133 0.3862509707 0.9068321349
0.8708210350 -0.4915633377 -0.0060174788 0.4435735908 0.7909647238 -0.4214466457 0.2119273333 0.3643354095 0.9068332343
0.8086722407 -0.5882285713 -0.0060295096 0.5313902665 0.7348532183 -0.4214441034 0.2523362674 0.3376061247 0.9068343359
0.7358432255 -0.6771249865 -0.0060415391 0.6121897085 0.6690372005 -0.4214415560 0.2894106223 0.3064163459 0.9068354397
0.6532958523 -0.7570785188 -0.0060535673 0.6849048732 0.5943858015 -0.4214390035 0.3226605710 0.2711782353 0.9068365457
0.5621203356 -0.8270332139 -0.0060655942 0.7485754735 0.5118848333 -0.4214364459 0.3516468240 0.2323574413 0.9068376540
0.4635208424 -0.8860651732 -0.0060776199 0.8023606612 0.4226237706 -0.4214338832 0.3759864333 0.1904669455 0.9068387644
0.3587995892 -0.9333947563 -0.0060896442 0.8455501309 0.3277813640 -0.4214313154 0.3953578518 0.1460602834 0.9068398771
0.2493396427 -0.9683968775 -0.0061016673 0.8775735009 0.2286100732 -0.4214287425 0.4095051809 0.0997242306 0.9068409919
0.1365866541 -0.9906092614 -0.0061136890 0.8980078456 0.1264195283 -0.4214261645 0.4182415512 0.0520710491 0.9068421090
0.0220297662 -0.9997385484 -0.0061257095 0.9065832813 0.0225592343 -0.4214235814 0.4214515908 0.0037303972 0.9068432283
