1981
44385
0.9275519879 -0.3733662109 -0.0156519096 0.3332509897 0.8453933410 -0.4174372729 0.1690889930 0.3819787580 0.9085709333
0.8785895685 -0.4773207249 -0.0156619186 0.4280420934 0.8015807044 -0.4174306416 0.2118025882 0.3600462469 0.9085738075
0.8180235486 -0.5749711860 -0.0156719244 0.5171810607 0.7471820057 -0.4174240061 0.2517165557 0.3333574442 0.9085766836
0.7466538330 -0.6650279173 -0.0156819267 0.5994906742 0.6829155686 -0.4174173663 0.2883036336 0.3022651077 0.9085795615
0.6654230119 -0.7463015334 -0.0156919257 0.6738838978 0.6096300364 -0.4174107222 0.3210805313 0.2671801639 0.9085824412
0.5754039115 -0.8177186486 -0.0157019214 0.7393782326 0.5282931651 -0.4174040739 0.3496143130 0.2285662779 0.9085853228
0.4777854254 -0.8783360536 -0.0157119137 0.7951086928 0.4399790441 -0.4173974214 0.3735281167 0.1869337253 0.9085882062
0.3738568126 -0.9273531719 -0.0157219027 0.8403392296 0.3458539126 -0.4173907646 0.3925061311 0.1428326493 0.9085910914
0.2649906703 -0.9641226335 -0.0157318883 0.8744724521 0.2471607584 -0.4173841036 0.4062977666 0.0968457904 0.9085939785
0.1526248053 -0.9881588244 -0.0157418705 0.8970575180 0.1452029037 -0.4173774384 0.4147209642 0.0495807870 0.9085968674
0.0382432456 -0.9991443006 -0.0157518494 0.9077960880 0.0413267936 -0.4173707689 0.4176645984 0.0016621455 0.9085997581
-0.0766433602 -0.9969339799 -0.0157618250 0.9065462668 -0.0630957852 -0.4173640952 0.4150899438 -0.0462770102 0.9086026507
-0.1905176936 -0.9815570584 -0.0157717971 0.8933244785 -0.1666858196 -0.4173574172 0.4070311838 -0.0936033050 0.9086055452
-0.3018758058 -0.9532166248 -0.0157817659 0.8683052500 -0.2680752819 -0.4173507351 0.3935949577 -0.1396914796 0.9086084414
-0.4092469805 -0.9122869780 -0.0157917313 0.8318189081 -0.3659251961 -0.4173440487 0.3749589486 -0.1839326525 0.9086113395
-0.5112131577 -0.8593086837 -0.0158016934 0.7843472177 -0.4589433208 -0.4173373580 0.3513695342 -0.2257423629 0.9086142394
-0.6064276621 -0.7949814352 -0.0158116521 0.7265170207 -0.5459012147 -0.4173306632 0.3231385295 -0.2645682928 0.9086171412
-0.6936329890 -0.7201548120 -0.0158216074 0.6590919590 -0.6256504604 -0.4173239641 0.2906390650 -0.2998975628 0.9086200448
-0.7716774119 -0.6358170599 -0.0158315593 0.5829623906 -0.6971378307 -0.4173172608 0.2543006549 -0.3312635074 0.9086229502
-0.8395301937 -0.5430820385 -0.0158415079 0.4991336322 -0.7594191987 -0.4173105533 0.2146035208 -0.3582518390 0.9086258574
-0.8962951994 -0.4431745107 -0.0158514530 0.4087126839 -0.8116720063 -0.4173038415 0.1720722451 -0.3805061198 0.9086287665
-0.9412227319 -0.3374139669 -0.0158613948 0.3128936105 -0.8532061284 -0.4172971256 0.1272688393 -0.3977324696 0.9086316774
-0.9737194328 -0.2271971986 -0.0158713332 0.2129417733 -0.8834729870 -0.4172904054 0.0807853169 -0.4097034467 0.9086345901
-0.9933561189 -0.1139798503 -0.0158812682 0.1101771201 -0.9020727974 -0.4172836810 0.0332358714 -0.4162610502 0.9086375047
-0.9998734510 0.0007428047 -0.0158911998 0.0059567541 -0.9087598484 -0.4172769524 -0.0147512396 -0.4173188064 0.9086404211
-0.9931853581 0.1154556131 -0.0159011281 -0.0983429879 -0.9034457486 -0.4172702195 -0.0625419956 -0.4128629080 0.9086433393
-0.9733801747 0.2286435520 -0.0159110529 -0.2013447114 -0.8862005943 -0.4172634825 -0.1095049893 -0.4029523952 0.9086462593
-0.9407194740 0.3388117380 -0.0159209743 -0.3016881541 -0.8572520455 -0.4172567413 -0.1550197695 -0.3877183728 0.9086491812
-0.8956346130 0.4445051706 -0.0159308924 -0.3980481500 -0.8169823201 -0.4172499958 -0.1984850380 -0.3673622763 0.9086521049
-0.8387210357 0.5443279480 -0.0159408070 -0.4891521299 -0.7659231472 -0.4172432461 -0.2393265931 -0.3421532078 0.9086550304
-0.7707304088 0.6369617033 -0.0159507182 -0.5737969273 -0.7047487466 -0.4172364923 -0.2770049155 -0.3124243792 0.9086579577
-0.6925606945 0.7211830162 -0.0159606260 -0.6508646681 -0.6342669255 -0.4172297342 -0.3110222953 -0.2785687069 0.9086608869
-0.6052442909 0.7958795703 -0.0159705305 -0.7193375342 -0.5554084116 -0.4172229719 -0.3409294066 -0.2410336198 0.9086638178
-0.5099343968 0.8600648445 -0.0159804315 -0.7783112052 -0.4692145627 -0.4172162054 -0.3663312420 -0.2003151452 0.9086667506
-0.4078897815 0.9128911411 -0.0159903291 -0.8270068021 -0.3768236151 -0.4172094348 -0.3868923306 -0.1569513543 0.9086696853
-0.3004581600 0.9536607819 -0.0160002233 -0.8647811740 -0.2794556524 -0.4172026599 -0.4023411677 -0.1115152517 0.9086726217
-0.1890583935 0.9818353223 -0.0160101140 -0.8911353926 -0.1783964941 -0.4171958808 -0.4124738003 -0.0646072037 0.9086755600
-0.0751617505 0.9970426625 -0.0160200014 -0.9057213420 -0.0749807147 -0.4171890975 -0.4171565197 -0.0168470057 0.9086785001
0.0397275246 0.9990819619 -0.0160298853 -0.9083463171 0.0294259802 -0.4171823101 -0.4163276257 0.0311343078 0.9086814420
0.1540920779 0.9879262915 -0.0160397658 -0.8989755698 0.1334447894 -0.4171755184 -0.4099982396 0.0787028001 0.9086843857
0.2664214864 0.9637229895 -0.0160496429 -0.8777327683 0.2357020246 -0.4171687226 -0.3982521551 0.1252300086 0.9086873312
0.3752322056 0.9267917155 -0.0160595166 -0.8448983659 0.3348472513 -0.4171619225 -0.3812447288 0.1701012476 0.9086902786
0.4790871632 0.8776202282 -0.0160693868 -0.8009058977 0.4295711237 -0.4171551183 -0.3592008255 0.2127237289 0.9086932277
0.5766147387 0.8168579440 -0.0160792536 -0.7463362568 0.5186226753 -0.4171483099 -0.3324118452 0.2525343936 0.9086961787
0.6665268784 0.7453073599 -0.0160891170 -0.6819100237 0.6008258407 -0.4171414973 -0.3012318708 0.2890073501 0.9086991315
0.7476361065 0.6639134546 -0.0160989769 -0.6084779513 0.6750949868 -0.4171346805 -0.2660729881 0.3216608209 0.9087020861
0.8188712088 0.5737512081 -0.0161088334 -0.5270097307 0.7404492505 -0.4171278595 -0.2273998397 0.3500635065 0.9087050425
0.8792913799 0.4760114045 -0.0161186865 -0.4385811861 0.7960254933 -0.4171210344 -0.1857234841 0.3738402825 0.9087080008
0.9280986482 0.3719849051 -0.0161285361 -0.3443600681 0.8410897000 -0.4171142050 -0.1415946424 0.3926771536 0.9087109608
0.9646484154 0.2630455994 -0.0161383822 -0.2455906331 0.8750466739 -0.4171073715 -0.0955964208 0.4063254005 0.9087139227
0.9884579692 0.1506322606 -0.0161482250 -0.1435772115 0.8974478977 -0.4171005338 -0.0483366058 0.4146048637 0.9087168863
0.9992128588 0.0362295435 -0.0161580643 -0.0396669835 0.9079974573 -0.4170936920 -0.0004396328 0.4174063220 0.9087198518
0.9967710474 -0.0786516241 -0.0161679001 0.0647678117 0.9065559517 -0.4170868459 0.0474616639 0.4146929328 0.9087228191
0.9811647887 -0.1924939957 -0.0161777325 0.1683479981 0.8931423339 -0.4170799957 0.0947344127 0.4065007170 0.9087257882
0.9526002001 -0.3037940448 -0.0161875614 0.2697056760 0.8679336628 -0.4170731414 0.1407540660 0.3929380807 0.9087287591
0.9114545410 -0.4110818220 -0.0161973869 0.3675022869 0.8312627652 -0.4170662828 0.1849126520 0.3741843806 0.9087317318
0.8582712300 -0.5129403691 -0.0162072089 0.4604462907 0.7836138421 -0.4170594201 0.2266268061 0.3504875522 0.9087347063
0.7937526679 -0.6080244323 -0.0162170274 0.5473102226 0.7256160749 -0.4170525532 0.2653454777 0.3221608319 0.9087376827
0.7187509610 -0.6950782298 -0.0162268425 0.6269469033 0.6580353178 -0.4170456822 0.3005572100 0.2895786162 0.9087406608
0.6342566673 -0.7729520367 -0.0162366541 0.6983045896 0.5817639845 -0.4170388069 0.3317968958 0.2531715137 0.9087436407
0.5413857139 -0.8406173691 -0.0162464623 0.7604408644 0.4978092638 -0.4170319276 0.3586519212 0.2134206540 0.9087466225
0.4413646586 -0.8971805682 -0.0162562670 0.8125350830 0.4072798197 -0.4170250440 0.3807676154 0.1708513289 0.9087496060
0.3355144913 -0.9418946019 -0.0162660682 0.8538992119 0.3113711502 -0.4170181563 0.3978519347 0.1260260518 0.9087525914
0.2252331869 -0.9741689318 -0.0162758660 0.8839869156 0.2113498007 -0.4170112645 0.4096793191 0.0795371235 0.9087555785
0.1119772421 -0.9935773118 -0.0162856602 0.9024007728 0.1085366383 -0.4170043685 0.4160936703 0.0319988067 0.9087585675
-0.0027575602 -0.9998634177 -0.0162954510 0.9088975258 0.0042894080 -0.4169974683 0.4170104117 -0.0159607908 0.9087615582
-0.1174559065 -0.9929442327 -0.0163052384 0.9033912939 -0.1000151967 -0.4169905640 0.4124176040 -0.0637080151 0.9087645508
-0.2306029649 -0.9729111432 -0.0163150222 0.8859547091 -0.2029997153 -0.4169836555 0.4023761002 -0.1106120380 0.9087675451
-0.3407043922 -0.9400287325 -0.0163248026 0.8568179576 -0.3033041105 -0.4169767429 0.3870187394 -0.1560531918 0.9087705413
-0.4463060698 -0.8947312857 -0.0163345794 0.8163657412 -0.3996037296 -0.4169698262 0.3665485898 -0.1994311554 0.9087735392
-0.5460133079 -0.8376170543 -0.0163443528 0.7651321980 -0.4906267983 -0.4169629052 0.3412362630 -0.2401728858 0.9087765390
-0.6385092657 -0.7694403553 -0.0163541227 0.7037938496 -0.5751712161 -0.4169559802 0.3114163369 -0.2777401877 0.9087795405
-0.7225723427 -0.6911016080 -0.0163638891 0.6331606679 -0.6521204318 -0.4169490510 0.2774829332 -0.3116368235 0.9087825439
-0.7970923130 -0.6036354430 -0.0163736520 0.5541653790 -0.7204581898 -0.4169421176 0.2398845082 -0.3414150680 0.9087855490
-0.8610849874 -0.5081970370 -0.0163834114 0.4678511472 -0.7792819513 -0.4169351801 0.1991179263 -0.3666816221 0.9087885559
-0.9137052121 -0.4060468562 -0.0163931673 0.3753577989 -0.8278148143 -0.4169282385 0.1557218937 -0.3871028078 0.9087915647
-0.9542580307 -0.2985340099 -0.0164029198 0.2779067708 -0.8654157743 -0.4169212927 0.1102698398 -0.4024089742 0.9087945752
-0.9822078622 -0.1870784319 -0.0164126687 0.1767849803 -0.8915881905 -0.4169143428 0.0633623399 -0.4123980587 0.9087975875
-0.9971855748 -0.0731521275 -0.0164224141 0.0733278302 -0.9059863457 -0.4169073888 0.0156191795 -0.4169382541 0.9088006016
-0.9989933605 0.0417402671 -0.0164321560 -0.0310984260 -0.9084200124 -0.4169004306 -0.0323288347 -0.4159697480 0.9088036175
-0.9876073481 0.1560813573 -0.0164418944 -0.1351147268 -0.8988569668 -0.4168934683 -0.0798482097 -0.4095055106 0.9088066352
-0.9631779179 0.2683610298 -0.0164516293 -0.2373474150 -0.8774234150 -0.4168865019 -0.1263111357 -0.3976311212 0.9088096547
-0.9260277160 0.3770963973 -0.0164613606 -0.3364463784 -0.8444023276 -0.4168795313 -0.1711037806 -0.3805036350 0.9088126760
-0.8766473925 0.4808513829 -0.0164710885 -0.4311028793 -0.8002297039 -0.4168725566 -0.2136343996 -0.3583495061 0.9088156990
-0.8156891220 0.5782556866 -0.0164808128 -0.5200668387 -0.7454888151 -0.4168655778 -0.2533411525 -0.3314615929 0.9088187239
-0.7439579897 0.6680228828 -0.0164905337 -0.6021633452 -0.6809025023 -0.4168585948 -0.2896995259 -0.3001952873 0.9088217505
-0.6624013587 0.7489674103 -0.0165002510 -0.6763081716 -0.6073236321 -0.4168516077 -0.3222292615 -0.2649638168 0.9088247790
-0.5720963583 0.8200202302 -0.0165099648 -0.7415220940 -0.5257238341 -0.4168446165 -0.3505007004 -0.2262327835 0.9088278092
-0.4742356577 0.8802429445 -0.0165196750 -0.7969438242 -0.4371806704 -0.4168376212 -0.3741404577 -0.1845140105 0.9088308412
-0.3701117146 0.9288401898 -0.0165293817 -0.8418413851 -0.3428634058 -0.4168306218 -0.3928363540 -0.1403587785 0.9088338750
-0.2610997056 0.9651701417 -0.0165390849 -0.8756217781 -0.2440175670 -0.4168236182 -0.4063415379 -0.0943505410 0.9088369105
-0.1486393639 0.9887529910 -0.0165487846 -0.8978388152 -0.1419484947 -0.4168166106 -0.4144777455 -0.0470972147 0.9088399479
-0.0342159647 0.9992772811 -0.0165584807 -0.9081990125 -0.0380041053 -0.4168095988 -0.4171376528 0.0007768533 0.9088429870
0.0806592910 0.9966040209 -0.0165681733 -0.9065654674 0.0664429091 -0.4168025829 -0.4142862924 0.0486391346 0.9088460280
0.1944692350 0.9807685207 -0.0165778624 -0.8929596673 0.1700132094 -0.4167955629 -0.4059615120 0.0958572768 0.9088490707
0.3057107692 0.9519799257 -0.0165875479 -0.8675612070 0.2713390241 -0.4167885388 -0.3922734731 0.1418074579 0.9088521152
0.4129147173 0.9106184537 -0.0165972299 -0.8307054184 0.3690822134 -0.4167815105 -0.3734031923 0.1858826284 0.9088551614
0.5146652283 0.8572303736 -0.0166069084 -0.7828789429 0.4619519402 -0.4167744782 -0.3496001481 0.2275005308 0.9088582095
0.6096184755 0.7925207905 -0.0166165833 -0.7247133058 0.5487217181 -0.4167674418 -0.3211789823 0.2661113915 0.9088612593
0.6965204050 0.7173443336 -0.0166262546 -0.6569765775 0.6282456085 -0.4167604012 -0.2885153408 0.3012051833 0.9088643109
0.7742232977 0.6326938687 -0.0166359224 -0.5805632313 0.6994733549 -0.4167533566 -0.2520409090 0.3323183629 0.9088673643
0.8417009272 0.5396873851 -0.0166455867 -0.4964823314 0.7614642536 -0.4167463078 -0.2122377059 0.3590399933 0.9088704195
0.8980621136 0.4395532309 -0.0166552473 -0.4058442083 0.8133995771 -0.4167392550 -0.1696317148 0.3810171718 0.9088734764
0.9425624933 0.3336138893 -0.0166649045 -0.3098457960 0.8545933874 -0.4167321980 -0.1247859322 0.3979596902 0.9088765351
0.9746143495 0.2232685128 -0.0166745581 -0.2097548261 0.8845015959 -0.4167251370 -0.0782929283 0.4096438673 0.9088795956
0.9937943745 0.1099744442 -0.0166842081 -0.1068930859 0.9027291492 -0.4167180718 -0.0307670174 0.4159155020 0.9088826579
0.9998492601 -0.0047720302 -0.0166938545 -0.0026189640 0.9090352476 -0.4167110026 0.0171638597 0.4166919082 0.9088857219
0.9926990432 -0.1194554429 -0.0167034974 0.1016904897 0.9033365262 -0.4167039293 0.0648664318 0.4119630050 0.9088887878
0.9724381616 -0.2325611596 -0.0167131368 0.2046577484 0.8857081572 -0.4166968519 0.1117104646 0.4017914476 0.9088918553
0.9393342069 -0.3425953832 -0.0167227725 0.3049230007 0.8563828577 -0.4166897704 0.1570770873 0.3863117970 0.9088949247
0.8938243903 -0.4481048827 -0.0167324047 0.4011621085 0.8157478182 -0.4166826848 0.2003669682 0.3657287399 0.9088979958
0.8365097682 -0.5476961859 -0.0167420333 0.4921040940 0.7643395902 -0.4166755951 0.2410082331 0.3403143823 0.9089010688
0.7681473037 -0.6400539834 -0.0167516584 0.5765479249 0.7028370013 -0.4166685013 0.2784640194 0.3104046520 0.9089041434
0.6896398699 -0.7239584997 -0.0167612798 0.6533783757 0.6320521917 -0.4166614035 0.3122395682 0.2763948583 0.9089072199
0.6020243249 -0.7983016029 -0.0167708977 0.7215807565 0.5529198901 -0.4166543015 0.3418887597 0.2387344676 0.9089102981
0.5064578182 -0.8621014400 -0.0167805120 0.7802543136 0.4664850700 -0.4166471955 0.3670200056 0.1979211627 0.9089133781
0.4042025079 -0.9145154041 -0.0167901228 0.8286241259 0.3738891509 -0.4166400855 0.3873014209 0.1544942666 0.9089164598
0.2966088913 -0.9548512631 -0.0167997299 0.8660513396 0.2763549249 -0.4166329713 0.4024652070 0.1090276151 0.9089195434
0.1850979691 -0.9825763014 -0.0168093335 0.8920416058 0.1751704088 -0.4166258530 0.4123111876 0.0621219745 0.9089226287
0.0711424772 -0.9973243562 -0.0168189334 0.9062516103 0.0716718355 -0.4166187307 0.4167094512 0.0143971031 0.9089257157
-0.0437525628 -0.9989006526 -0.0168285298 0.9084936084 -0.0327739929 -0.4166116044 0.4156020654 -0.0335164372 0.9089288045
-0.1580697216 -0.9872843768 -0.0168381226 0.8987379053 -0.1367877548 -0.4166044739 0.4090038394 -0.0809856122 0.9089318951
-0.2702992020 -0.9626289503 -0.0168477118 0.8771132497 -0.2389958244 -0.4165973394 0.3970021267 -0.1273832796 0.9089349875
-0.3789587800 -0.9252600038 -0.0168572974 0.8439051342 -0.3380484122 -0.4165902008 0.3797556681 -0.1720964740 0.9089380816
-0.4826133796 -0.8756710765 -0.0168668793 0.7995520269 -0.4326373908 -0.4165830581 0.3574924923 -0.2145345051 0.9089411775
-0.5798940269 -0.8145170979 -0.0168764577 0.7446395814 -0.5215135702 -0.4165759114 0.3305069007 -0.2541367612 0.9089442751
-0.6695159296 -0.7426057379 -0.0168860325 0.6798929038 -0.6035031956 -0.4165687606 0.2991555773 -0.2903801147 0.9089473745
-0.7502954455 -0.6608867399 -0.0168956037 0.6061669781 -0.6775234485 -0.4165616058 0.2638528739 -0.3227858326 0.9089504756
-0.8211657153 -0.5704393774 -0.0169051713 0.5244353758 -0.7425967475 -0.4165544468 0.2250653341 -0.3509259002 0.9089535786
-0.8811907520 -0.4724581996 -0.0169147352 0.4357774000 -0.7978636588 -0.4165472839 0.1833055273 -0.3744286737 0.9089566832
-0.9295778030 -0.3682372555 -0.0169242956 0.3413638321 -0.8425942471 -0.4165401169 0.1391252753 -0.3929837891 0.9089597897
-0.9656878202 -0.2591530024 -0.0169338523 0.2424414716 -0.8761977162 -0.4165329458 0.0931083607 -0.4063462605 0.9089628979
-0.9890438991 -0.1466461276 -0.0169434055 0.1403166709 -0.8982302123 -0.4165257706 0.0458628126 -0.4143397145 0.9089660078
-0.9993375781 -0.0322025207 -0.0169529550 0.0363380840 -0.9084006862 -0.4165185915 -0.0019871274 -0.4168587183 0.9089691195
-0.9964329120 0.0826663506 -0.0169625009 -0.0681211442 -0.9065747385 -0.4165114082 -0.0498092529 -0.4138701704 0.9089722330
-0.9803682672 0.1964434026 -0.0169720431 -0.1716815109 -0.8927763957 -0.4165042209 -0.0969717458 -0.4054137353 0.9089753482
-0.9513558153 0.3076259718 -0.0169815818 -0.2729753739 -0.8671877937 -0.4164970296 -0.1428515239 -0.3916013175 0.9089784652
-0.9097787307 0.4147456608 -0.0169911168 -0.3706650129 -0.8301467739 -0.4164898342 -0.1868424723 -0.3726155802 0.9089815839
-0.8561861297 0.5163877316 -0.0170006482 -0.4634602955 -0.7821424227 -0.4164826348 -0.2283634512 -0.3487075297 0.9089847044
-0.7912858186 0.6112097899 -0.0170101759 -0.5501357159 -0.7238086137 -0.4164754313 -0.2668659727 -0.3201931973 0.9089878267
-0.7159349454 0.6979595144 -0.0170197001 -0.6295465789 -0.6559156375 -0.4164682238 -0.3018414467 -0.2874494611 0.9089909507
-0.6311286793 0.7754911965 -0.0170292206 -0.7006441181 -0.5793600306 -0.4164610122 -0.3328278984 -0.2509090654 0.9089940764
-0.5379870674 0.8427808711 -0.0170387374 -0.7624893463 -0.4951527361 -0.4164537967 -0.3594160710 -0.2110549010 0.9089972039
-0.4377402422 0.8989398409 -0.0170482506 -0.8142654571 -0.4044057539 -0.4164465770 -0.3812548303 -0.1684136239 0.9090003331
-0.3317121748 0.9432264129 -0.0170577602 -0.8552886127 -0.3083174564 -0.4164393534 -0.3980558027 -0.1235486955 0.9090034641
-0.2213031893 0.9750556942 -0.0170672662 -0.8850169754 -0.2081567631 -0.4164321257 -0.4095971823 -0.0770529373 0.9090065969
-0.1079714687 0.9940073168 -0.0170767685 -0.9030578644 -0.1052463837 -0.4164248939 -0.4157266596 -0.0295406973 0.9090097314
0.0067862039 0.9998309892 -0.0170862671 -0.9091729430 -0.0009453501 -0.4164176582 -0.4163634316 0.0183602669 0.9090128676
0.1214542131 0.9924498018 -0.0170957621 -0.9032813669 0.1033689301 -0.4164104184 -0.4114992665 0.0660170831 0.9090160056
0.2345181282 0.9719612430 -0.0171052535 -0.8854608531 0.2063188645 -0.4164031746 -0.4011986107 0.1128001254 0.9090191453
0.3444847044 0.9386359113 -0.0171147412 -0.8559466548 0.3065448684 -0.4163959267 -0.3855977341 0.1580913332 0.9090222868
0.4499016043 0.8929139417 -0.0171242252 -0.8151284558 0.4027233194 -0.4163886749 -0.3649029281 0.2012923761 0.9090254300
0.5493765790 0.8353991924 -0.0171337056 -0.7635452252 0.4935840384 -0.4163814190 -0.3393877775 0.2418325586 0.9090285750
0.6415958553 0.7668512696 -0.0171431823 -0.7018781011 0.5779270636 -0.4163741590 -0.3093895435 0.2791763590 0.9090317217
0.7253414876 0.6881754957 -0.0171526554 -0.6309413961 0.6546384982 -0.4163668951 -0.2753047058 0.3128305034 0.9090348701
0.7995074423 0.6004109519 -0.0171621248 -0.5516718447 0.7227052211 -0.4163596272 -0.2375837228 0.3423504817 0.9090380203
0.8631142064 0.5047167554 -0.0171715906 -0.4651162333 0.7812282675 -0.4163523552 -0.1967250779 0.3673464182 0.9090411722
0.9153217230 0.4023567507 -0.0171810526 -0.3724175768 0.8294347012 -0.4163450792 -0.1532686920 0.3874882212 0.9090443259
0.9554404865 0.2946828178 -0.0171905111 -0.2748000249 0.8666878234 -0.4163377992 -0.1077887892 0.4025099423 0.9090474813
0.9829406488 0.1831170177 -0.0171999658 -0.1735526963 0.8924955819 -0.4163305152 -0.0608863088 0.4122132871 0.9090506385
0.9974590169 0.0691328111 -0.0172094169 -0.0700126543 0.9065170703 -0.4163232272 -0.0131809649 0.4164702338 0.9090537974
0.9988038498 -0.0457644014 -0.0172188643 0.0344527494 0.9085670312 -0.4163159351 0.0346969420 0.4152247215 0.9090569580
0.9869573903 -0.1600571619 -0.0172283080 0.1384639330 0.8986183040 -0.4163086391 0.0821148521 0.4084933887 0.9090601204
0.9620761002 -0.2722359958 -0.0172377480 0.2406473024 0.8768021846 -0.4163013390 0.1284463047 0.3963653512 0.9090632845
0.9244885932 -0.3808193479 -0.0172471844 0.3396533922 0.8434066929 -0.4162940350 0.1730792137 0.3790010221 0.9090664503
0.8746912949 -0.4843731493 -0.0172566171 0.4341746865 0.7988727699 -0.4162867269 0.2154239544 0.3566299900 0.9090696179
0.8133418869 -0.5815297574 -0.0172660460 0.5229628867 0.7437884564 -0.4162794149 0.2549211529 0.3295479835 0.9090727872
0.7412506199 -0.6710060183 -0.0172754714 0.6048453971 0.6788811275 -0.4162720988 0.2910490750 0.2981129620 0.9090759582
0.6593696134 -0.7516202135 -0.0172848930 0.6787408111 0.6050078886 -0.4162647788 0.3233305185 0.2627403840 0.9090791310
0.5687802804 -0.8223076672 -0.0172943109 0.7436731932 0.5231442565 -0.4162574547 0.3513391160 0.2238977164 0.9090823055
0.4706790451 -0.8821348070 -0.0173037251 0.7987849678 0.4343712782 -0.4162501267 0.3747049664 0.1820982566 0.9090854817
0.3663615417 -0.9303114941 -0.0173131357 0.8433482457 0.3398612545 -0.4162427947 0.3931195202 0.1378943494 0.9090886597
0.2572055029 -0.9662014587 -0.0173225425 0.8767744378 0.2408622597 -0.4162354586 0.4063396540 0.0918700880 0.9090918394
0.1446525639 -0.9893307028 -0.0173319457 0.8986220288 0.1386816594 -0.4162281186 0.4141908801 0.0446335963 0.9090950209
0.0301892224 -0.9993937605 -0.0173413451 0.9086024092 0.0346688459 -0.4162207746 0.4165696496 -0.0031910064 0.9090982040
-0.0846727934 -0.9962577326 -0.0173507409 0.9065836879 -0.0698025819 -0.4162134266 0.4134447182 -0.0509718521 0.9091013889
-0.1984164904 -0.9799640412 -0.0173601329 0.8925924352 -0.1733529583 -0.4162060746 0.4048575565 -0.0980776719 0.9091045755
-0.3095396460 -0.9507278829 -0.0173695212 0.8668133330 -0.2746147709 -0.4161987186 0.3909217995 -0.1438861366 0.9091077639
-0.4165746475 -0.9089353864 -0.0173789059 0.8295867371 -0.3722507201 -0.4161913587 0.3718217432 -0.1877920784 0.9091109539
-0.5181078756 -0.8551385132 -0.0173882868 0.7814041835 -0.4649713803 -0.4161839948 0.3478099068 -0.2292154854 0.9091141457
-0.6127983737 -0.7900477672 -0.0173976640 0.7229018983 -0.5515522284 -0.4161766269 0.3192036945 -0.2676091644 0.9091173393
-0.6993955582 -0.7145228116 -0.0174070375 0.6548523968 -0.6308498154 -0.4161692550 0.2863811998 -0.3024659686 0.9091205345
-0.7767557351 -0.6295611144 -0.0174164072 0.5781542821 -0.7018168682 -0.4161618791 0.2497762080 -0.3333254967 0.9091237315
-0.8438572047 -0.5362847756 -0.0174257733 0.4938203795 -0.7635161200 -0.4161544993 0.2098724635 -0.3597801744 0.9091269302
-0.8998137553 -0.4359257068 -0.0174351356 0.4029643614 -0.8151326897 -0.4161471155 0.1671972764 -0.3814806370 0.9091301306
-0.9438863675 -0.3298093614 -0.0174444942 0.3067860408 -0.8559848435 -0.4161397277 0.1223145552 -0.3981403432 0.9091333327
-0.9754929744 -0.2193372293 -0.0174538491 0.2065555271 -0.8855329995 -0.4161323359 0.0758173542 -0.4095393591 0.9091365366
-0.9942161487 -0.1059683272 -0.0174632003 0.1035964534 -0.9033868546 -0.4161249402 0.0283200383 -0.4155272610 0.9091397422
-0.9998086161 0.0088000709 -0.0174725477 -0.0007315036 -0.9093105396 -0.4161175405 -0.0195498356 -0.4160251211 0.9091429495
-0.9921965208 0.1234522079 -0.0174818914 -0.1050505791 -0.9032257358 -0.4161101368 -0.0671598093 -0.4110265472 0.9091461585
-0.9714804007 0.2364738631 -0.0174912313 -0.2079831153 -0.8852127103 -0.4161027292 -0.1138808801 -0.4005977653 0.9091493692
-0.9379338598 0.3463723500 -0.0175005676 -0.3081697548 -0.8555092570 -0.4160953177 -0.1590958106 -0.3848767417 0.9091525817
-0.8919999544 0.4516962306 -0.0175099001 -0.4042873929 -0.8145075578 -0.4160879021 -0.2022072829 -0.3640713579 0.9091557958
-0.8342853419 0.5510544845 -0.0175192288 -0.4950666508 -0.7627490041 -0.4160804826 -0.2426457902 -0.3384566618 0.9091590117
-0.7655522681 0.6431348806 -0.0175285538 -0.5793086401 -0.7009170486 -0.4160730592 -0.2798771594 -0.3083712314 0.9091622293
-0.6867085004 0.7267213073 -0.0175378751 -0.6559007953 -0.6298281804 -0.4160656317 -0.3134096078 -0.2742126998 0.9091654486
-0.5987953388 0.8007098340 -0.0175471926 -0.7238315680 -0.5504211434 -0.4160582004 -0.3428002384 -0.2364324991 0.9091686697
-0.5029738632 0.8641232910 -0.0175565064 -0.7822037859 -0.4637445398 -0.4160507651 -0.3676608903 -0.1955298948 0.9091718924
-0.4005095988 0.9161241746 -0.0175658165 -0.8302465022 -0.3709429831 -0.4160433258 -0.3876632648 -0.1520453878 0.9091751169
-0.2927558025 0.9560257084 -0.0175751227 -0.8673251774 -0.2732419827 -0.4160358826 -0.4025432607 -0.1065535722 0.9091783431
-0.1811355899 0.9833009133 -0.0175844253 -0.8929500606 -0.1719317603 -0.4160284354 -0.4121044617 -0.0596555425 0.9091815709
-0.0671231403 0.9975895674 -0.0175937240 -0.9067826582 -0.0683502115 -0.4160209843 -0.4162207285 -0.0119709510 0.9091848005
0.0477757731 0.9987029635 -0.0176030191 -0.9086402052 0.0361347623 -0.4160135292 -0.4148378636 0.0358701788 0.9091880318
0.1620436699 0.9866264012 -0.0176123103 -0.8984980800 0.1401433188 -0.4160060702 -0.4079743243 0.0832357773 0.9091912648
0.2741714042 0.9615193812 -0.0176215978 -0.8764901309 0.2423018967 -0.4159986073 -0.3957209769 0.1295000789 0.9091944996
0.3826780957 0.9237134984 -0.0176308816 -0.8429069097 0.3412613555 -0.4159911404 -0.3782398931 0.1740518893 0.9091977360
0.4861306883 0.8737080626 -0.0176401615 -0.7981918355 0.4357147925 -0.4159836696 -0.3557622067 0.2163026605 0.9092009741
0.5831628761 0.8121635040 -0.0176494377 -0.7429353403 0.5244148029 -0.4159761948 -0.3285850576 0.2556942652 0.9092042140
0.6724931487 0.7398926509 -0.0176587102 -0.6778670727 0.6061899528 -0.4159687161 -0.2970676634 0.2917063699 0.9092074555
0.7529417158 0.6578499943 -0.0176679788 -0.6038462631 0.6799602509 -0.4159612335 -0.2616265718 0.3238633079 0.9092106988
0.8234460892 0.5671190821 -0.0176772437 -0.5218503773 0.7447514109 -0.4159537470 -0.2227301550 0.3517403625 0.9092139437
0.8830751145 0.4688982082 -0.0176865049 -0.4329622092 0.7997077198 -0.4159462565 -0.1808924199 0.3749693763 0.9092171904
0.9310412697 0.3644845869 -0.0176957622 -0.3383555815 0.8441033389 -0.4159387621 -0.1366662159 0.3932436131 0.9092204387
0.9667110655 0.2552572200 -0.0177050158 -0.2392798452 0.8773518904 -0.4159312637 -0.0906359290 0.4063218085 0.9092236888
0.9896134117 0.1426586845 -0.0177142656 -0.1370433806 0.8990142026 -0.4159237614 -0.0434097603 0.4140313554 0.9092269406
0.9994458393 0.0281760804 -0.0177235116 -0.0329963195 0.9088041106 -0.4159162553 0.0043883103 0.4162705814 0.9092301940
0.9960784949 -0.0866786101 -0.0177327538 0.0714872854 0.9065922368 -0.4159087451 0.0521267689 0.4130100904 0.9092334492
0.9795558557 -0.2003884907 -0.0177419922 0.1750276053 0.8924077002 -0.4159012311 0.0991749105 0.4042931479 0.9092367061
0.9500961421 -0.3114517856 -0.0177512269 0.2762572586 0.8664377337 -0.4158937132 0.1449111724 0.3902351071 0.9092399646
0.9080884352 -0.4184016729 -0.0177604577 0.3738393679 0.8290252125 -0.4158861913 0.1887313454 0.3710218824 0.9092432249
0.8540875389 -0.5198256576 -0.0177696848 0.4664852162 0.7806641267 -0.4158786655 0.2300565562 0.3469074906 0.9092464869
0.7888066515 -0.6143842259 -0.0177789081 0.5529712655 0.7219930595 -0.4158711358 0.2683409141 0.3182106928 0.9092497505
0.7131079472 -0.7008285369 -0.0177881275 0.6321553163 0.6537867546 -0.4158636022 0.3030787220 0.2853107803 0.9092530159
0.6279911889 -0.7780169158 -0.0177973432 0.7029915919 0.5769458859 -0.4158560647 0.3338111568 0.2486425618 0.9092562829
0.5345805242 -0.8449299319 -0.0178065551 0.7645445501 0.4924851639 -0.4158485232 0.3601323286 0.2086906169 0.9092595517
0.4341096386 -0.9006838626 -0.0178157632 0.8160012388 0.4015199364 -0.4158409779 0.3816946423 0.1659828918 0.9092628221
0.3279054622 -0.9445423645 -0.0178249674 0.8566820332 0.3052514596 -0.4158334286 0.3982133873 0.1210837233 0.9092660943
0.2173706448 -0.9759261987 -0.0178341679 0.8860496119 0.2049510344 -0.4158258755 0.4094704971 0.0745863811 0.9092693681
0.1039650307 -0.9944208801 -0.0178433645 0.9037160540 0.1019432186 -0.4158183184 0.4153174282 0.0271052293 0.9092726436
-0.0108136212 -0.9997821522 -0.0178525574 0.9094479632 -0.0024116657 -0.4158107575 0.4156771196 -0.0207323920 0.9092759208
-0.1254494188 -0.9919392125 -0.0178617464 0.9031695515 -0.1067354963 -0.4158031926 0.4105450091 -0.0682944544 0.9092791997
-0.2384283572 -0.9709956479 -0.0178709316 0.8849636410 -0.2096505503 -0.4157956239 0.3999890905 -0.1149525923 0.9092824803
-0.3482583144 -0.9372280662 -0.0178801131 0.8550705714 -0.3097976992 -0.4157880512 0.3841490133 -0.1600904043 0.9092857626
-0.4534887575 -0.8910824430 -0.0178892906 0.8138850273 -0.4058543571 -0.4157804747 0.3632342345 -0.2031115966 0.9092890465
-0.5527299004 -0.8331682316 -0.0178984644 0.7619508273 -0.4965519481 -0.4157728942 0.3375212497 -0.2434478602 0.9092923322
-0.6446710587 -0.7642503142 -0.0179076344 0.6999537430 -0.5806926595 -0.4157653099 0.3073499369 -0.2805663782 0.9092956195
-0.7280979601 -0.6852388991 -0.0179168005 0.6287124439 -0.6571652606 -0.4157577217 0.2731190646 -0.3139768644 0.9092989086
-0.8019087809 -0.5971775004 -0.0179259628 0.5491676868 -0.7249597793 -0.4157501296 0.2352810212 -0.3432380391 0.9093021993
-0.8651286985 -0.5012291557 -0.0179351212 0.4623698931 -0.7831808398 -0.4157425336 0.1943358358 -0.3679634571 0.9093054917
-0.9169227654 -0.3986610657 -0.0179442759 0.3694652773 -0.8310594887 -0.4157349337 0.1508245710 -0.3878266119 0.9093087858
-0.9566069367 -0.2908278582 -0.0179534267 0.2716807107 -0.8679633509 -0.4157273299 0.1053221726 -0.4025652473 0.9093120815
-0.9836571042 -0.1791536975 -0.0179625737 0.1703075200 -0.8934049816 -0.4157197223 0.0584298726 -0.4119848196 0.9093153790
-0.9977160181 -0.0651134753 -0.0179717168 0.0666844338 -0.9070483048 -0.4157121108 0.0107672450 -0.4159610656 0.9093186781
-0.9985980054 0.0497866686 -0.0179808561 -0.0378200964 -0.9087130531 -0.4157044954 -0.0370359806 -0.4144416422 0.9093219789
-0.9862914221 0.1640292377 -0.0179899916 -0.1418259679 -0.8983771491 -0.4156968761 -0.0843482390 -0.4074468151 0.9093252814
-0.9609588067 0.2761054208 -0.0179991232 -0.2439596527 -0.8761769986 -0.4156892529 -0.1305444738 -0.3950691886 0.9093285856
-0.9229347335 0.3845350187 -0.0180082510 -0.3428723367 -0.8424056900 -0.4156816259 -0.1750143949 -0.3774724795 0.9093318914
-0.8727213940 0.4878859935 -0.0180173749 -0.4372577325 -0.7975091255 -0.4156739950 -0.2171705409 -0.3548893519 0.9093351990
-0.8109819642 0.5847933817 -0.0180264950 -0.5258693310 -0.7420801330 -0.4156663602 -0.2564560403 -0.3276183404 0.9093385082
-0.7385318458 0.6739773212 -0.0180356112 -0.6075368634 -0.6768506385 -0.4156587216 -0.2923519667 -0.2960199042 0.9093418191
-0.6563278974 0.7542599545 -0.0180447236 -0.6811817567 -0.6026820014 -0.4156510791 -0.3243841941 -0.2605116623 0.9093451316
-0.5654557970 0.8245809850 -0.0180538321 -0.7458313782 -0.5205536400 -0.4156434327 -0.3521296592 -0.2215628740 0.9093484459
-0.4671157031 0.8840116799 -0.0180629368 -0.8006318813 -0.4315500979 -0.4156357825 -0.3752219485 -0.1796882377 0.9093517618
-0.3626064042 0.9317671367 -0.0180720376 -0.8448594821 -0.3368467224 -0.4156281284 -0.3933561378 -0.1354410887 0.9093550794
-0.2533081658 0.9672166488 -0.0180811346 -0.8779300194 -0.2376941431 -0.4156204704 -0.4062928184 -0.0894060882 0.9093583986
-0.1406645007 0.9898920355 -0.0180902277 -0.8994066698 -0.1354017566 -0.4156128086 -0.4138612577 -0.0421914967 0.9093617196
-0.0261631046 0.9994938252 -0.0180993170 -0.9090057181 -0.0313204345 -0.4156051429 -0.4159616526 0.0055788618 0.9093650422
0.0886837920 0.9958952108 -0.0181084023 -0.9066003051 0.0731753159 -0.4155974734 -0.4125664453 0.0532738430 0.9093683664
0.2023593962 0.9791437236 -0.0181174838 -0.8922221042 0.1767055036 -0.4155898000 -0.4037206852 0.1002633205 0.9093716924
0.3133623849 0.9494606066 -0.0181265615 -0.8660609040 0.2779028783 -0.4155821228 -0.3895414308 0.1459265113 0.9093750200
0.4202267329 0.9072378915 -0.0181356352 -0.8284621039 0.3754309867 -0.4155744417 -0.3702162008 0.1896601764 0.9093783493
0.5215410749 0.8530332214 -0.0181447051 -0.7799221533 0.4680018221 -0.4155667567 -0.3460004941 0.2308865905 0.9093816802
0.6159673457 0.7875624862 -0.0181537712 -0.7210819966 0.5543928348 -0.4155590679 -0.3172144120 0.2690611736 0.9093850129
0.7022584516 0.7116903671 -0.0181628333 -0.6527186101 0.6334630774 -0.4155513753 -0.2842384266 0.3036796847 0.9093883472
0.7792747413 0.6264189173 -0.0181718916 -0.5757347422 0.7041682736 -0.4155436788 -0.2475083519 0.3342848821 0.9093916831
0.8459990571 0.5328743273 -0.0181809460 -0.4911469921 0.7655746095 -0.4155359785 -0.2075095844 0.3604725629 0.9093950207
0.9015501686 0.4322920512 -0.0181899965 -0.4000723857 0.8168710666 -0.4155282744 -0.1647706882 0.3818969011 0.9093983600
0.9451944114 0.3260004901 -0.0181990431 -0.3037136244 0.8573801335 -0.4155205664 -0.1198564103 0.3982750145 0.9094017010
0.9763553760 0.2154034478 -0.0182080858 -0.2033432028 0.8865667542 -0.4155128545 -0.0733602179 0.4093906998 0.9094050436
0.9946215212 0.1019615902 -0.0182171247 -0.1002866044 0.9040453952 -0.4155051389 -0.0258964570 0.4150972869 0.9094083879
0.9997516087 -0.0128268453 -0.0182261596 0.0040952028 0.9095851383 -0.4154974194 0.0219077651 0.4153195736 0.9094117338
0.9916778894 -0.1274458377 -0.0182351907 0.1084237390 0.9031127312 -0.4154896960 0.0694208652 0.4100548172 0.9094150814
0.9705069979 -0.2403816040 -0.0182442179 0.2113212173 0.8847135563 -0.4154819689 0.1160151290 0.3993727679 0.9094184307
0.9365185444 -0.3501425925 -0.0182532412 0.3114287385 0.8546305041 -0.4154742379 0.1610750035 0.3834147446 0.9094217816
0.8901614217 -0.4552791816 -0.0182622605 0.4074242380 0.8132607670 -0.4154665030 0.2040052295 0.3623917654 0.9094251342
0.8320478762 -0.5544028248 -0.0182712760 0.4980399447 0.7611505952 -0.4154587644 0.2442387052 0.3365817573 0.9094284884
0.7629454226 -0.6462043897 -0.0182802876 0.5820791247 0.6989880836 -0.4154510219 0.2812439773 0.3063258816 0.9094318443
0.6837667064 -0.7294714477 -0.0182892953 0.6584318855 0.6275940861 -0.4154432756 0.3145322612 0.2720240251 0.9094352019
0.5955574511 -0.8031042863 -0.0182982991 0.7260898347 0.5479113761 -0.4154355255 0.3436638974 0.2341295137 0.9094385611
0.4994826469 -0.8661304338 -0.0183072989 0.7841593975 0.4609921973 -0.4154277715 0.3682541579 0.1931431224 0.9094419220
0.3968111645 -0.9177175018 -0.0183162949 0.8318736185 0.3679843678 -0.4154200138 0.3879783274 0.1496064569 0.9094452845
0.2888989972 -0.9571841794 -0.0183252869 0.8686022915 0.2701161231 -0.4154122522 0.4025759912 0.1040947969 0.9094486487
0.1771713519 -0.9840092309 -0.0183342751 0.8938602827 0.1686798961 -0.4154044868 0.4118544732 0.0572094942 0.9094520145
0.0631038265 -0.9978383797 -0.0183432593 0.9073139392 0.0650152493 -0.4153967176 0.4156913792 0.0095700276 0.9094553820
-0.0517970789 -0.9984889874 -0.0183522396 0.9087854963 -0.0395088149 -0.4153889446 0.4140362114 -0.0381941831 0.9094587511
-0.1660138577 -0.9859524658 -0.0183612160 0.8982554260 -0.1435119340 -0.4153811678 0.4069110330 -0.0854520919 0.9094621219
-0.2780380396 -0.9603943902 -0.0183701884 0.8758626966 -0.2456206139 -0.4153733872 0.3944101739 -0.1315793650 0.9094654944
-0.3863901124 -0.9221523126 -0.0183791570 0.8419029386 -0.3444863686 -0.4153656027 0.3766989821 -0.1759666282 0.9094688684
-0.4896390622 -0.8717313036 -0.0183881216 0.7968245415 -0.4388035277 -0.4153578145 0.3540116365 -0.2180275173 0.9094722442
-0.5864212731 -0.8097972819 -0.0183970823 0.7412227341 -0.5273264808 -0.4153500224 0.3266480506 -0.2572064245 0.9094756216
-0.6754585364 -0.7371682192 -0.0184060390 0.6758317240 -0.6088861270 -0.4153422266 0.2949699077 -0.2929858375 0.9094790006
-0.7555749319 -0.6548033372 -0.0184149918 0.6015150035 -0.6824053153 -0.4153344270 0.2593958805 -0.3248931752 0.9094823813
-0.8257123586 -0.5637904392 -0.0184239407 0.5192539467 -0.7469130703 -0.4153266235 0.2203960973 -0.3525070298 0.9094857636
-0.8849445088 -0.4653315431 -0.0184328857 0.4301348501 -0.8015574163 -0.4153188163 0.1784859294 -0.3754627324 0.9094891476
-0.9324891023 -0.3607270065 -0.0184418267 0.3353345878 -0.8456166289 -0.4153110053 0.1342191803 -0.3934571688 0.9094925332
-0.9677182173 -0.2513583523 -0.0184507638 0.2361050701 -0.8785087682 -0.4153031904 0.0881807679 -0.4062527820 0.9094959205
-0.9901665841 -0.1386700233 -0.0184596970 0.1337567109 -0.8997993645 -0.4152953718 0.0409789953 -0.4136807080 0.9094993094
-0.9995377295 -0.0241503048 -0.0184686262 0.0296411227 -0.9092071574 -0.4152875494 -0.0067624862 -0.4156430050 0.9095026999
-0.9957078923 0.0906883308 -0.0184775514 -0.0748667328 -0.9066078115 -0.4152797232 -0.0544129174 -0.4121139440 0.9095060921
-0.9787276579 0.2043292000 -0.0184864728 -0.1783867026 -0.8920355593 -0.4152718932 -0.1013427648 -0.4031403465 0.9095094859
-0.9488212901 0.3152714385 -0.0184953901 -0.2795516691 -0.8656827509 -0.4152640595 -0.1469320376 -0.3888409635 0.9095128814
-0.9063837692 0.4220498236 -0.0185043035 -0.3770256045 -0.8278973147 -0.4152562219 -0.1905784784 -0.3694049034 0.9095162785
-0.8519755753 0.5232541257 -0.0185132130 -0.4695212150 -0.7791781639 -0.4152483806 -0.2317055197 -0.3450891317 0.9095196773
-0.7863152859 0.6175477328 -0.0185221185 -0.5558169415 -0.7201686089 -0.4152405355 -0.2697698996 -0.3162150731 0.9095230777
-0.7102700858 0.7036853036 -0.0185310201 -0.6347730925 -0.6516478628 -0.4152326866 -0.3042688388 -0.2831643630 0.9095264797
-0.6248443140 0.7805292145 -0.0185399177 -0.7053468954 -0.5745207519 -0.4152248340 -0.3347466810 -0.2463738031 0.9095298834
-0.5311661988 0.8470645848 -0.0185488114 -0.7666062689 -0.4898057676 -0.4152169775 -0.3608009115 -0.2063295886 0.9095332887
-0.4304729578 0.9024126796 -0.0185577010 -0.8177421327 -0.3986216167 -0.4152091173 -0.3820874730 -0.1635608828 0.9095366956
-0.3240944575 0.9458425157 -0.0185665868 -0.8580790936 -0.3021724481 -0.4152012533 -0.3983253089 -0.1186328250 0.9095401042
-0.2134356496 0.9767805155 -0.0185754685 -0.8870843659 -0.2017319515 -0.4151933856 -0.4093000747 -0.0721390623 0.9095435144
-0.0999580158 0.9948180824 -0.0185843463 -0.9043748089 -0.0986265374 -0.4151855141 -0.4148669667 -0.0246939055 0.9095469262
0.0148397343 0.9997169972 -0.0185932201 -0.9097219876 0.0057821797 -0.4151776388 -0.4149526330 0.0230757870 0.9095503397
0.1294414568 0.9914125637 -0.0186020900 -0.9030551907 0.1101153629 -0.4151697598 -0.4095561400 0.0705388925 0.9095537548
0.2423335971 0.9700144638 -0.0186109559 -0.8844623661 0.2129951615 -0.4151618770 -0.3987489819 0.1170683611 0.9095571715
0.3520251798 0.9358053084 -0.0186198178 -0.8541889605 0.3130629076 -0.4151539904 -0.3826741337 0.1620495009 0.9095605899
0.4570675000 0.8892369048 -0.0186286757 -0.8126346788 0.4089970592 -0.4151461001 -0.3615441595 0.2048880980 0.9095640099
0.5560732565 0.8309242901 -0.0186375297 -0.7603482075 0.4995306529 -0.4151382060 -0.3356384017 0.2450182664 0.9095674315
0.6477348739 0.7616376078 -0.0186463796 -0.6980199694 0.5834680365 -0.4151303081 -0.3052992883 0.2819099231 0.9095708547
0.7308417720 0.6822919366 -0.0186552256 -0.6264730067 0.6597006590 -0.4151224065 -0.2709278061 0.3150757905 0.9095742796
0.8042963540 0.5939352048 -0.0186640676 -0.5466521131 0.7272217118 -0.4151145012 -0.2329782011 0.3440778318 0.9095777061
0.8671285021 0.4977343502 -0.0186729057 -0.4596113574 0.7851394254 -0.4151065921 -0.1919519754 0.3685330370 0.9095811343
0.9185083906 0.3949599081 -0.0186817397 -0.3665001643 0.8326888471 -0.4150986792 -0.1483912599 0.3881184805 0.9095845640
0.9577574446 0.2869692315 -0.0186905698 -0.2685481351 0.8692419444 -0.4150907627 -0.1028716500 0.4025755858 0.9095879954
0.9843573028 0.1751885639 -0.0186993958 -0.1670488105 0.8943159000 -0.4150828423 -0.0559946001 0.4117135389 0.9095914284
0.9979566628 0.0610942034 -0.0187082179 -0.0633425882 0.9075794890 -0.4150749182 -0.0083794767 0.4154118072 0.9095948630
