1974
41828
-0.9840821316 -0.1757577670 0.0262976354 0.1514338568 -0.9067674250 -0.3934979339 0.0930061573 -0.3832519332 0.9189492970
-0.9977487156 -0.0616913838 0.0262996880 0.0463971791 -0.9181491639 -0.3935091036 0.0484231577 -0.3914029713 0.9189444552
-0.9982379824 0.0531897481 0.0263017349 -0.0592511840 -0.9174045406 -0.3935202741 0.0031980868 -0.3943852934 0.9189396132
-0.9855434714 0.1673683880 0.0263037763 -0.1641158995 -0.9045435163 -0.3935314455 -0.0420718134 -0.3921592148 0.9189347707
-0.9598328413 0.2793365732 0.0263058120 -0.2668119991 -0.8797360770 -0.3935426177 -0.0867886744 -0.3847538352 0.9189299278
-0.9214456548 0.3876155346 0.0263078420 -0.3659831704 -0.8433099861 -0.3935537909 -0.1303618971 -0.3722666580 0.9189250846
-0.8708888949 0.4907752272 0.0263098665 -0.4603196700 -0.7957464545 -0.3935649648 -0.1722159521 -0.3548623064 0.9189202410
-0.8088302684 0.5874532165 0.0263118853 -0.5485756211 -0.7376737831 -0.3935761397 -0.2117979812 -0.3327703535 0.9189153971
-0.7360893879 0.6763726723 0.0263138985 -0.6295854673 -0.6698590632 -0.3935873154 -0.2485851009 -0.3062822941 0.9189105527
-0.6536269467 0.7563592318 0.0263159060 -0.7022793660 -0.5931980439 -0.3935984919 -0.2820913090 -0.2757476983 0.9189057080
-0.5625320315 0.8263565098 0.0263179079 -0.7656973164 -0.5087033004 -0.3936096693 -0.3118739060 -0.2415695983 0.9189008630
-0.4640077380 0.8854400498 0.0263199042 -0.8190018381 -0.4174908593 -0.3936208476 -0.3375393435 -0.2041991690 0.9188960175
-0.3593552821 0.9328295338 0.0263218948 -0.8614890299 -0.3207654579 -0.3936320267 -0.3587484253 -0.1641297716 0.9188911717
-0.2499568146 0.9678990878 0.0263238798 -0.8925978656 -0.2198046319 -0.3936432066 -0.3752207899 -0.1218904409 0.9188863255
-0.1372571667 0.9901855479 0.0263258592 -0.9119176019 -0.1159418420 -0.3936543874 -0.3867386166 -0.0780389003 0.9188814790
-0.0227447686 0.9993945771 0.0263278329 -0.9191932013 -0.0105488619 -0.3936655690 -0.3931495062 -0.0331541973 0.9188766321
0.0920680088 0.9954045526 0.0263298010 -0.9143286994 0.0949823396 -0.3936767514 -0.3943684967 0.0121709419 0.9188717848
0.2056648277 0.9782681723 0.0263317635 -0.8973884701 0.1992579828 -0.3936879347 -0.3903791904 0.0573379403 0.9188669372
0.3165454094 0.9482117585 0.0263337203 -0.8685963742 0.3009008850 -0.3936991188 -0.3812339735 0.1017502748 0.9188620892
0.4232453490 0.9056322691 0.0263356715 -0.8283328005 0.3985686495 -0.3937103038 -0.3670533288 0.1448213544 0.9188572409
0.5243554559 0.8510920549 0.0263376170 -0.7771296408 0.4909713943 -0.3937214896 -0.3480242481 0.1859822683 0.9188523922
0.6185403643 0.7853114321 0.0263395569 -0.7156632634 0.5768887875 -0.3937326762 -0.3243977669 0.2246892997 0.9188475431
0.7045561706 0.7091591700 0.0263414912 -0.6447455782 0.6551861638 -0.3937438636 -0.2964856521 0.2604311087 0.9188426937
0.7812668605 0.6236410161 0.0263434198 -0.5653133128 0.7248295093 -0.3937550518 -0.2646562887 0.2927354872 0.9188378439
0.8476593133 0.5298864138 0.0263453428 -0.4784156387 0.7848991172 -0.3937662409 -0.2293298176 0.3211755973 0.9188329938
0.9028566817 0.4291335854 0.0263472602 -0.3852003144 0.8346017331 -0.3937774307 -0.1909725897 0.3453756115 0.9188281433
0.9461299726 0.3227131793 0.0263491719 -0.2868985250 0.8732810304 -0.3937886214 -0.1500910100 0.3650156790 0.9188232925
0.9769076747 0.2120306952 0.0263510780 -0.1848086208 0.9004262774 -0.3937998129 -0.1072248512 0.3798361532 0.9188184413
0.9947833068 0.0985479227 0.0263529784 -0.0802789691 0.9156790810 -0.3938110052 -0.0629401276 0.3896410241 0.9188135898
0.9995207857 -0.0162363656 0.0263548732 0.0253098546 0.9188381182 -0.3938221983 -0.0178216209 0.3943005111 0.9188087379
0.9910575448 -0.1308062079 0.0263567624 0.1305633006 0.9098617937 -0.3938333922 0.0275348415 0.3937527806 0.9188038856
0.9695053597 -0.2436484749 0.0263586459 0.2340912634 0.8888687877 -0.3938445869 0.0725302554 0.3880047666 0.9187990331
0.9351488725 -0.3532728535 0.0263605237 0.3345264410 0.8561364862 -0.3938557824 0.1165703499 0.3771320831 0.9187941801
0.8884418324 -0.4582315294 0.0263623959 0.4305423929 0.8120973162 -0.3938669787 0.1590734371 0.3612780293 0.9187893269
0.8300011026 -0.5571383090 0.0263642625 0.5208710587 0.7573330330 -0.3938781758 0.1994780939 0.3406517015 0.9187844732
0.7605985138 -0.6486869263 0.0263661235 0.6043195044 0.6925670349 -0.3938893737 0.2372505792 0.3155252349 0.9187796193
0.6811506706 -0.7316682949 0.0263679787 0.6797856778 0.6186548079 -0.3939005724 0.2718918833 0.2862302133 0.9187747650
0.5927068452 -0.8049864768 0.0263698284 0.7462729620 0.5365726253 -0.3939117718 0.3029443213 0.2531532935 0.9187699104
0.4964351206 -0.8676731562 0.0263716724 0.8029033370 0.4474046530 -0.3939229721 0.3299975795 0.2167311019 0.9187650554
0.3936069627 -0.9189004281 0.0263735108 0.8489289749 0.3523286292 -0.3939341731 0.3526941374 0.1774444708 0.9187602001
0.2855804286 -0.9579917328 0.0263753435 0.8837421149 0.2526003087 -0.3939453749 0.3707339924 0.1358120908 0.9187553444
0.1737822305 -0.9844307905 0.0263771705 0.9068830892 0.1495368772 -0.3939565775 0.3838786253 0.0923836627 0.9187504884
0.0596888929 -0.9978684206 0.0263789919 0.9180463917 0.0444995542 -0.3939677808 0.3919541538 0.0477326391 0.9187456321
-0.0551927478 -0.9981271530 0.0263808077 0.9170847120 -0.0611243857 -0.3939789849 0.3948536333 0.0024486527 0.9187407754
-0.1693454442 -0.9852035719 0.0263826178 0.9040108785 -0.1659399347 -0.3939901898 0.3925384722 -0.0428702702 0.9187359184
-0.2812615762 -0.9592683608 0.0263844223 0.8789976880 -0.2685627765 -0.3940013955 0.3850389465 -0.0876256073 0.9187310611
-0.3894630622 -0.9206640487 0.0263862211 0.8423756213 -0.3676375690 -0.3940126019 0.3724538035 -0.1312262451 0.9187262034
-0.4925208805 -0.8699004856 0.0263880143 0.7946284773 -0.4618558443 -0.3940238091 0.3549489615 -0.1730962858 0.9187213454
-0.5890739420 -0.8076481098 0.0263898018 0.7363869811 -0.5499732897 -0.3940350170 0.3327553228 -0.2126826543 0.9187164871
-0.6778470664 -0.7347290922 0.0263915837 0.6684204528 -0.6308261806 -0.3940462258 0.3061657277 -0.2494624038 0.9187116285
-0.7576678235 -0.6521064789 0.0263933600 0.5916266453 -0.7033467497 -0.3940574352 0.2755310905 -0.2829496242 0.9187067695
-0.8274820175 -0.5608714717 0.0263951305 0.5070198860 -0.7665772876 -0.3940686454 0.2412557687 -0.3127018617 0.9187019102
-0.8863676101 -0.4622290165 0.0263968955 0.4157176790 -0.8196827912 -0.3940798564 0.2037922254 -0.3383259644 0.9186970506
-0.9335468974 -0.3574818895 0.0263986547 0.3189259452 -0.8619619896 -0.3940910681 0.1636350566 -0.3594832780 0.9186921906
-0.9683967815 -0.2480134918 0.0264004084 0.2179230943 -0.8928566052 -0.3941022805 0.1213144617 -0.3758941214 0.9186873303
-0.9904569993 -0.1352695781 0.0264021564 0.1140431396 -0.9119587251 -0.3941134937 0.0773892429 -0.3873414836 0.9186824697
-0.9994362017 -0.0207391629 0.0264038987 0.0086580790 -0.9190161873 -0.3941247077 0.0324394268 -0.3936738938 0.9186776088
-0.9952158012 0.0940651447 0.0264056354 -0.0968402259 -0.9139359088 -0.3941359223 -0.0129413942 -0.3948074254 0.9186727476
-0.9778515381 0.2076271189 0.0264073664 -0.2010584324 -0.8967851139 -0.3941471377 -0.0581539016 -0.3907268086 0.9186678860
-0.9475727441 0.3184469414 0.0264090917 -0.3026201193 -0.8677904444 -0.3941583539 -0.1026009647 -0.3814856355 0.9186630241
-0.9047793141 0.4250610096 0.0264108115 -0.4001839651 -0.8273349645 -0.3941695708 -0.1456955279 -0.3672056571 0.9186581620
-0.8500364240 0.5260612668 0.0264125255 -0.4924614630 -0.7759531001 -0.3941807884 -0.1868683638 -0.3480751787 0.9186532994
-0.7840670668 0.6201137984 0.0264142339 -0.5782339378 -0.7143235787 -0.3941920067 -0.2255755925 -0.3243465769 0.9186484366
-0.7077425041 0.7059764487 0.0264159367 -0.6563686406 -0.6432604639 -0.3942032257 -0.2613058657 -0.2963329706 0.9186435735
-0.6220707590 0.7825152263 0.0264176338 -0.7258337085 -0.5637024025 -0.3942144455 -0.2935871224 -0.2644040884 0.9186387100
-0.5281833031 0.8487192808 0.0264193252 -0.7857117911 -0.4767002261 -0.3942256660 -0.3219928254 -0.2289813898 0.9186338463
-0.4273201134 0.9037142529 0.0264210110 -0.8352121656 -0.3834030714 -0.3942368872 -0.3461475972 -0.1905325012 0.9186289822
-0.3208132953 0.9467738225 0.0264226911 -0.8736811784 -0.2850432020 -0.3942481091 -0.3657321808 -0.1495650430 0.9186241178
-0.2100694901 0.9773293008 0.0264243656 -0.9006108763 -0.1829197331 -0.3942593318 -0.3804876592 -0.1066199279 0.9186192531
-0.0965512969 0.9949771413 0.0264260344 -0.9156457143 -0.0783814730 -0.3942705551 -0.3902188783 -0.0622642186 0.9186143881
0.0182420439 0.9994842693 0.0264276976 -0.9185872490 0.0271908917 -0.3942817792 -0.3947970286 -0.0170836405 0.9186095228
0.1327944510 0.9907911601 0.0264293551 -0.9093967585 0.1324030314 -0.3942930039 -0.3941613495 0.0283251532 0.9186046572
0.2455930254 0.9690126252 0.0264310069 -0.8881957515 0.2358653888 -0.3943042294 -0.3883199361 0.0733624605 0.9185997913
0.3551480310 0.9344362958 0.0264326531 -0.8552643615 0.3362115310 -0.3943154555 -0.3773496364 0.1174334514 0.9185949251
0.4600125699 0.8875188244 0.0264342937 -0.8110376444 0.4321161961 -0.3943266824 -0.3613950400 0.1599560233 0.9185900586
0.5588016916 0.8288798533 0.0264359285 -0.7560998319 0.5223127962 -0.3943379099 -0.3406665727 0.2003684900 0.9185851917
0.6502106839 0.7592938312 0.0264375577 -0.6911766132 0.6056101440 -0.3943491382 -0.3154377211 0.2381370012 0.9185803246
0.7330323046 0.6796797850 0.0264391813 -0.6171255496 0.6809081854 -0.3943603671 -0.2860414245 0.2727625944 0.9185754572
0.8061727252 0.5910891821 0.0264407992 -0.5349247466 0.7472125261 -0.3943715967 -0.2528656809 0.3037877871 0.9185705895
0.8686659777 0.4946920436 0.0264424114 -0.4456599350 0.8036475646 -0.3943828270 -0.2163484262 0.3308026207 0.9185657215
0.9196867116 0.3917614918 0.0264440180 -0.3505101299 0.8494680546 -0.3943940580 -0.1769717530 0.3534500781 0.9185608531
0.9585610945 0.2836569359 0.0264456189 -0.2507320586 0.8840689466 -0.3944052897 -0.1352555464 0.3714308017 0.9185559845
0.9847757118 0.1718061184 0.0264472141 -0.1476435614 0.9069933770 -0.3944165220 -0.0917506197 0.3845070503 0.9185511156
0.9979843467 0.0576862587 0.0264488037 -0.0426061864 0.9179387011 -0.3944277550 -0.0470314420 0.3925058428 0.9185462464
0.9980125534 -0.0571954566 0.0264503877 0.0629927937 0.9167604879 -0.3944389887 -0.0016885522 0.3953212461 0.9185413770
0.9848599604 -0.1713217790 0.0264519659 0.1677587033 0.9034744263 -0.3944502231 0.0436792392 0.3929157786 0.9185365072
0.9587002757 -0.2831854370 0.0264535385 0.2703078845 0.8782561162 -0.3944614581 0.0884727584 0.3853209087 0.9185316371
0.9198789926 -0.3913090419 0.0264551055 0.3692859708 0.8414387474 -0.3944726938 0.1321003811 0.3726366435 0.9185267667
0.8689088268 -0.4942646006 0.0264566667 0.4633857741 0.7935086976 -0.3944839302 0.1739858470 0.3550302120 0.9185218961
0.8064629447 -0.5906923745 0.0264582224 0.5513645491 0.7350991070 -0.3944951672 0.2135758714 0.3327338600 0.9185170252
0.7333660730 -0.6793188379 0.0264597723 0.6320604050 0.6669815147 -0.3945064049 0.2503474535 0.3060417873 0.9185121540
0.6505836063 -0.7589734975 0.0264613166 0.7044076509 0.5900556674 -0.3945176432 0.2838147857 0.2753062649 0.9185072825
0.5592088576 -0.8286043512 0.0264628552 0.7674508688 0.5053376347 -0.3945288822 0.3135356718 0.2409329867 0.9185024107
0.4604486181 -0.8872917819 0.0264643882 0.8203575315 0.4139463887 -0.3945401218 0.3391173698 0.2033757140 0.9184975386
0.3556072197 -0.9342607027 0.0264659154 0.8624289961 0.3170890242 -0.3945513621 0.3602217815 0.1631302858 0.9184926662
0.2460693083 -0.9688907938 0.0264674371 0.8931097301 0.2160448153 -0.3945626031 0.3765699211 0.1207280724 0.9184877936
0.1332815565 -0.9907246950 0.0264689530 0.9119946467 0.1121483193 -0.3945738447 0.3879456033 0.0767289596 0.9184829207
0.0187335579 -0.9994740459 0.0264704633 0.9188344533 0.0067717500 -0.3945850869 0.3941983019 0.0317139563 0.9184780475
-0.0960618465 -0.9950232945 0.0264719679 0.9135389425 -0.0986931458 -0.3945963298 0.3952451418 -0.0137224785 0.9184731741
-0.2095885484 -0.9774312231 0.0264734669 0.8961781816 -0.2028534694 -0.3946075733 0.3910719976 -0.0589802850 0.9184683003
-0.3203471952 -0.9469301722 0.0264749602 0.8669815853 -0.3043335666 -0.3946188174 0.3817336838 -0.1034617283 0.9184634263
-0.4268749924 -0.9039229716 0.0264764478 0.8263348846 -0.4017931962 -0.3946300622 0.3673532351 -0.1465792923 0.9184585520
-0.5277650228 -0.8489776204 0.0264779298 0.7747750303 -0.4939452305 -0.3946413076 0.3481202853 -0.1877634399 0.9184536774
-0.6216848274 -0.7828197854 0.0264794061 0.7129830999 -0.5795726540 -0.3946525536 0.3242885670 -0.2264701356 0.9184488026
-0.7073940033 -0.7063232173 0.0264808767 0.6417753008 -0.6575446358 -0.3946638002 0.2961725636 -0.2621880330 0.9184439275
-0.7837605860 -0.6204982106 0.0264823416 0.5620921892 -0.7268314644 -0.3946750475 0.2641433599 -0.2944452291 0.9184390521
-0.8497759993 -0.5264782610 0.0264838009 0.4749862467 -0.7865181458 -0.3946862954 0.2286237445 -0.3228154999 0.9184341765
-0.9045683751 -0.4255050951 0.0264852545 0.3816079783 -0.8358164869 -0.3946975439 0.1900826284 -0.3469239315 0.9184293006
-0.9474140690 -0.3189122709 0.0264867025 0.2831907171 -0.8740755039 -0.3947087930 0.1490288554 -0.3664518754 0.9184244244
-0.9777472165 -0.2081075653 0.0264881448 0.1810343338 -0.9007900187 -0.3947200428 0.1060044835 -0.3811411595 0.9184195479
-0.9951672076 -0.0945543816 0.0264895814 0.0764880690 -0.9156073293 -0.3947312931 0.0615776281 -0.3907975018 0.9184146712
-0.9994439764 0.0202475777 0.0264910123 -0.0290672875 -0.9183318663 -0.3947425441 0.0163349604 -0.3952930798 0.9184097942
-0.9905210404 0.1347821176 0.0264924376 -0.1342376335 -0.9089277741 -0.3947537957 -0.0291260402 -0.3945682225 0.9184049170
-0.9685162465 0.2475365749 0.0264938571 -0.2376339662 -0.8875193830 -0.3947650478 -0.0742049761 -0.3886322027 0.9184000395
-0.9337202138 0.3570217963 0.0264952711 -0.3378907275 -0.8543895650 -0.3947763006 -0.1183064609 -0.3775631182 0.9183951617
-0.8865924962 0.4617918055 0.0264966793 -0.4336838388 -0.8099759967 -0.3947875540 -0.1608479831 -0.3615068645 0.9183902837
-0.8277555127 0.5604629005 0.0264980819 -0.5237481878 -0.7548653768 -0.3947988079 -0.2012676005 -0.3406752120 0.9183854054
-0.7579863270 0.6517319278 0.0264994788 -0.6068943367 -0.6897856758 -0.3948100625 -0.2390313623 -0.3153430127 0.9183805269
-0.6782063848 0.7343934937 0.0265008700 -0.6820242306 -0.6155965205 -0.3948213176 -0.2736403635 -0.2858445740 0.9183756481
-0.5894693444 0.8073558834 0.0265022556 -0.7481456983 -0.5332778386 -0.3948325734 -0.3046373355 -0.2525692467 0.9183707690
-0.4929471607 0.8696554801 0.0265036355 -0.8043855554 -0.4439169160 -0.3948438297 -0.3316126882 -0.2159562863 0.9183658897
-0.3899146074 0.9204694907 0.0265050097 -0.8500011355 -0.3486940354 -0.3948550866 -0.3542099217 -0.1764890544 0.9183610102
-0.2817324408 0.9591268131 0.0265063782 -0.8843900966 -0.2488668867 -0.3948663441 -0.3721303384 -0.1346886373 0.9183561304
-0.1698294283 0.9851168991 0.0265077411 -0.9070983759 -0.1457539562 -0.3948776022 -0.3851369909 -0.0911069663 0.9183512503
-0.0556834785 0.9980964973 0.0265090983 -0.9178261842 -0.0407171121 -0.3948888608 -0.3930578149 -0.0463195299 0.9183463700
0.0591978774 0.9978941865 0.0265104498 -0.9164319641 0.0648563823 -0.3949001201 -0.3957879059 -0.0009177747 0.9183414894
0.1732973959 0.9845126395 0.0265117956 -0.9029342579 0.1695721910 -0.3949113799 -0.3932909082 0.0444987052 0.9183366086
0.2851081592 0.9581285880 0.0265131358 -0.8775114608 0.2720473202 -0.3949226402 -0.3855994992 0.0893300865 0.9183317276
0.3931534775 0.9190904885 0.0265144703 -0.8404994631 0.3709283843 -0.3949339012 -0.3728149617 0.1329842386 0.9183268463
0.4960063914 0.8679139198 0.0265157991 -0.7923872126 0.4649094792 -0.3949451627 -0.3551058506 0.1748845448 0.9183219647
0.5923085179 0.8052747741 0.0265171222 -0.7338102550 0.5527494299 -0.3949564247 -0.3327057699 0.2144775184 0.9183170829
0.6807879908 0.7320003305 0.0265184397 -0.6655423388 0.6332881818 -0.3949676873 -0.3059102921 0.2512401139 0.9183122009
0.7602762581 0.6490583288 0.0265197514 -0.5884851947 0.7054621211 -0.3949789505 -0.2750730576 0.2846866374 0.9183073186
0.8297235150 0.5575441885 0.0265210576 -0.5036566248 0.7683181209 -0.3949902142 -0.2406011076 0.3143751626 0.9183024361
0.8882125691 0.4586665419 0.0265223580 -0.4121770592 0.8210261286 -0.3950014785 -0.2029495111 0.3399133705 0.9182975533
0.9349709533 0.3537312713 0.0265236527 -0.3152547570 0.8628901267 -0.3950127434 -0.1626153580 0.3609637335 0.9182926704
0.9693811284 0.2441242621 0.0265249418 -0.2141698478 0.8933573243 -0.3950240088 -0.1201311957 0.3772479766 0.9182877871
0.9909886384 0.1312930997 0.0265262252 -0.1102574239 0.9120254559 -0.3950352747 -0.0760579983 0.3885507557 0.9182829036
0.9995081127 0.0167279507 0.0265275029 -0.0048899070 0.9186480932 -0.3950465412 -0.0309777590 0.3947225057 0.9182780199
0.9948270351 -0.0980581173 0.0265287750 0.1005410782 0.9131378975 -0.3950578082 0.0145141951 0.3956814196 0.9182731360
0.9770072298 -0.2115491193 0.0265300413 0.2046430837 0.8955677717 -0.3950690757 0.0598170651 0.3914145327 0.9182682518
0.9462840446 -0.3222461744 0.0265313020 0.3060412282 0.8661698959 -0.3950803438 0.1043325143 0.3819778979 0.9182633674
0.9030632431 -0.4286873015 0.0265325570 0.4033963556 0.8253326590 -0.3950916124 0.1474725714 0.3674958496 0.9182584828
0.8479156451 -0.5294667278 0.0265338063 0.4954227210 0.7735955277 -0.3951028816 0.1886673960 0.3481593653 0.9182535979
0.7815695885 -0.6232534552 0.0265350500 0.5809049710 0.7116419199 -0.3951141513 0.2273728061 0.3242235471 0.9182487128
0.7049013095 -0.7088088383 0.0265362879 0.6587141948 0.6402901771 -0.3951254215 0.2630774665 0.2960042566 0.9182438275
0.6189233704 -0.7850029437 0.0265375202 0.7278228326 0.5604827552 -0.3951366922 0.2953096441 0.2638739464 0.9182389419
0.5247712865 -0.8508294728 0.0265387468 0.7873182458 0.4732737757 -0.3951479635 0.3236434405 0.2282567447 0.9182340562
0.4236885294 -0.9054190522 0.0265399677 0.8364147695 0.3798151027 -0.3951592352 0.3477044197 0.1896228562 0.9182291702
0.3170101043 -0.9480507156 0.0265411829 0.8744640868 0.2813411289 -0.3951705075 0.3671745561 0.1484823551 0.9182242839
0.2061449185 -0.9781614253 0.0265423925 0.9009637908 0.1791524719 -0.3951817803 0.3817964383 0.1053784505 0.9182193975
0.0925571741 -0.9953535086 0.0265435964 0.9155640174 0.0745987959 -0.3951930537 0.3913766722 0.0608803140 0.9182145108
-0.0222529700 -0.9993999095 0.0265447946 0.9180720652 -0.0309390140 -0.3952043275 0.3957884389 0.0155755643 0.9182096239
-0.1367692108 -0.9902471881 0.0265459871 0.9084549384 -0.1360670899 -0.3952156018 0.3949731736 -0.0299374929 0.9182047368
-0.2494791268 -0.9680162255 0.0265471739 0.8868397810 -0.2393969901 -0.3952268767 0.3889413429 -0.0750577662 0.9181998494
-0.3588941530 -0.9330006280 0.0265483550 0.8535121957 -0.3395640365 -0.3952381520 0.3777723106 -0.1191893170 0.9181949619
-0.4635692402 -0.8856628490 0.0265495305 0.8089124708 -0.4352453381 -0.3952494278 0.3616132937 -0.1617492306 0.9181900741
-0.5621219398 -0.8266280815 0.0265507003 0.7536297627 -0.5251772620 -0.3952607042 0.3406774217 -0.2021753158 0.9181851861
-0.6532506621 -0.7566760014 0.0265518644 0.6883943138 -0.6081721218 -0.3952719810 0.3152409257 -0.2399335308 0.9181802979
-0.7357518661 -0.6767304696 0.0265530228 0.6140678065 -0.6831338630 -0.3952832583 0.2856394941 -0.2745250385 0.9181754095
-0.8085359552 -0.5878473313 0.0265541755 0.5316319810 -0.7490725375 -0.3952945362 0.2522638418 -0.3054927965 0.9181705209
-0.8706416671 -0.4912004707 0.0265553225 0.4421756686 -0.8051173772 -0.3953058145 0.2155545538 -0.3324275958 0.9181656321
-0.9212487692 -0.3880663081 0.0265564639 0.3468804097 -0.8505282930 -0.3953170932 0.1759962688 -0.3549734685 0.9181607430
-0.9596888920 -0.2798069416 0.0265575996 0.2470048480 -0.8847056476 -0.3953283725 0.1341112812 -0.3728323919 0.9181558538
-0.9854543556 -0.1678521580 0.0265587295 0.1438681067 -0.9071981742 -0.3953396523 0.0904526447 -0.3857682281 0.9181509643
-0.9982048751 -0.0536805498 0.0265598538 0.0388323661 -0.9177089340 -0.3953509325 0.0455968706 -0.3936098462 0.9181460746
-0.9977720547 0.0612000132 0.0265609725 -0.0667151279 -0.9160992370 -0.3953622132 0.0001363139 -0.3962533865 0.9181411847
-0.9841616113 0.1752722979 0.0265620854 -0.1713803852 -0.9023904717 -0.3953734944 -0.0453286481 -0.3936636357 0.9181362947
-0.9575532996 0.2870297462 0.0265631926 -0.2737810826 -0.8767638209 -0.3953847760 -0.0901975457 -0.3858744965 0.9181314044
-0.9182985375 0.3949963725 0.0265642942 -0.3725648199 -0.8395578671 -0.3953960582 -0.1338777465 -0.3729885434 0.9181265139
-0.8669157653 0.4977462565 0.0265653901 -0.4664269813 -0.7912641190 -0.3954073407 -0.1757922837 -0.3551756721 0.9181216232
-0.8040835984 0.5939223762 0.0265664802 -0.5541279650 -0.7325205187 -0.3954186238 -0.2153874767 -0.3326708595 0.9181167323
-0.7306318649 0.6822545291 0.0265675647 -0.6345095545 -0.6641030144 -0.3954299073 -0.2521402454 -0.3057710643 0.9181118412
-0.6475306458 0.7615761091 0.0265686435 -0.7065102137 -0.5869153110 -0.3954411913 -0.2855650201 -0.2748313080 0.9181069499
-0.5558774636 0.8308395126 0.0265697167 -0.7691791066 -0.5019769332 -0.3954524757 -0.3152201573 -0.2402599901 0.9181020584
-0.4568827865 0.8891299752 0.0265707841 -0.8216886535 -0.4104097596 -0.3954637606 -0.3407137745 -0.2025134967 0.9180971667
-0.3518540423 0.9356776528 0.0265718459 -0.8633454599 -0.3134232042 -0.3954750459 -0.3617089296 -0.1620901760 0.9180922748
-0.2421783511 0.9698677885 0.0265729019 -0.8935994726 -0.2122982429 -0.3954863317 -0.3779280735 -0.1195237588 0.9180873827
-0.1293042051 0.9912488323 0.0265739523 -0.9120512432 -0.1083704945 -0.3954976179 -0.3891567196 -0.0753763113 0.9180824905
-0.0147223386 0.9995384046 0.0265749970 -0.9184572014 -0.0030125805 -0.3955089046 -0.3952462802 -0.0302308133 0.9180775980
0.1000539602 0.9946270253 0.0265760359 -0.9127328709 0.1023840038 -0.3955201917 -0.3961160327 0.0153165399 0.9180727053
0.2135088352 0.9765795598 0.0265770693 -0.8949539833 0.2064272675 -0.3955314793 -0.3917541897 0.0606642114 0.9180678125
0.3241438826 0.9456343628 0.0265780969 -0.8653554754 0.3077431078 -0.3955427673 -0.3822180588 0.1052132667 0.9180629194
0.4304979404 0.9022001296 0.0265791188 -0.8243283859 0.4049934583 -0.3955540557 -0.3676332895 0.1483752842 0.9180580262
0.5311663856 0.8468504988 0.0265801350 -0.7724146880 0.4968939605 -0.3955653445 -0.3481922179 0.1895801276 0.9180531328
0.6248196857 0.7803164762 0.0265811456 -0.7103001307 0.5822309260 -0.3955766338 -0.3241513300 0.2282834768 0.9180482392
0.7102209575 0.7034767805 0.0265821504 -0.6388051799 0.6598773650 -0.3955879235 -0.2958278782 0.2639740185 0.9180433454
0.7862423029 0.6173462377 0.0265831496 -0.5588741815 0.7288078700 -0.3955992137 -0.2635956948 0.2961802008 0.9180384514
0.8518797049 0.5230623785 0.0265841431 -0.4715628873 0.7881121572 -0.3956105042 -0.2278802576 0.3244764643 0.9180335573
0.9062662876 0.4218704146 0.0265851308 -0.3780245106 0.8370070875 -0.3956217952 -0.1891530737 0.3484888646 0.9180286629
0.9486837657 0.3151067934 0.0265861129 -0.2794944946 0.8748470085 -0.3956330866 -0.1479254547 0.3679000143 0.9180237684
0.9785719301 0.2041815475 0.0265870893 -0.1772741948 0.9011322798 -0.3956443784 -0.1047417659 0.3824532782 0.9180188737
0.9955360470 0.0905596719 0.0265880600 -0.0727136906 0.9155158707 -0.3956556707 -0.0601722387 0.3919561664 0.9180139788
0.9993520713 -0.0242582237 0.0265890251 0.0328060451 0.9178079415 -0.3956669633 -0.0148054407 0.3962828801 0.9180090838
0.9899696051 -0.1387557338 0.0265899844 0.1378913859 0.9079783495 -0.3956782564 0.0307594967 0.3953759770 0.9180041885
0.9675125639 -0.2514206846 0.0265909380 0.2411544571 0.8861570448 -0.3956895498 0.0759207904 0.3892471341 0.9179992931
0.9322775396 -0.3607651047 0.0265918860 0.3412314661 0.8526323527 -0.3957008437 0.1200819540 0.3779769972 0.9179943975
0.8847298834 -0.4653448774 0.0265928282 0.4368007136 0.8078471640 -0.3957121379 0.1626596755 0.3617141200 0.9179895018
0.8254975600 -0.5637788131 0.0265937648 0.5266000493 0.7523930841 -0.3957234326 0.2030915224 0.3406730059 0.9179846058
0.7553628542 -0.6547668903 0.0265946956 0.6094435404 0.6870026175 -0.3957347276 0.2408433715 0.3151312788 0.9179797097
0.6752520389 -0.7371074257 0.0265956208 0.6842371338 0.6125394926 -0.3957460231 0.2754164642 0.2854260203 0.9179748135
0.5862231418 -0.8097129443 0.0265965403 0.7499931045 0.5299872524 -0.3957573189 0.3063539966 0.2519493207 0.9179699170
0.4894519722 -0.8716245421 0.0265974541 0.8058430994 0.4404362638 -0.3957686152 0.3332471547 0.2151431041 0.9179650204
0.3862165920 -0.9220245502 0.0265983622 0.8510496043 0.3450693155 -0.3957799118 0.3557405165 0.1754932943 0.9179601236
0.2778804359 -0.9602473340 0.0265992645 0.8850156834 0.2451459957 -0.3957912088 0.3735367498 0.1335233999 0.9179552267
0.1658743050 -0.9857880839 0.0266001612 0.9072928612 0.1419860562 -0.3958025061 0.3864005421 0.0897876020 0.9179503296
0.0516774696 -0.9983094827 0.0266010523 0.9175870442 0.0369519809 -0.3958138039 0.3941617122 0.0448634367 0.9179454323
-0.0632018671 -0.9976461602 0.0266019376 0.9157624035 -0.0685690089 -0.3958251020 0.3967174616 -0.0006558312 0.9179405348
-0.1772464884 -0.9838068776 0.0266028172 0.9018431665 -0.1731832758 -0.3958364005 0.3940337363 -0.0461690431 0.9179356372
-0.2889502016 -0.9569744117 0.0266036911 0.8760132959 -0.2755091726 -0.3958476994 0.3861456802 -0.0910750854 0.9179307395
-0.3968377306 -0.9175031406 0.0266045593 0.8386140579 -0.3741952900 -0.3958589987 0.3731571753 -0.1347808292 0.9179258415
-0.4994841998 -0.8659143639 0.0266054219 0.7901395133 -0.4679383040 -0.3958702983 0.3552394735 -0.1767089641 0.9179209435
-0.5955339529 -0.8028894176 0.0266062787 0.7312299912 -0.5555001891 -0.3958815983 0.3326289387 -0.2163056242 0.9179160452
-0.6837184565 -0.7292606755 0.0266071299 0.6626636299 -0.6357245681 -0.3958928986 0.3056239288 -0.2530477043 0.9179111468
-0.7628730540 -0.6460005566 0.0266079753 0.5853460988 -0.7075519836 -0.3959041993 0.2745808588 -0.2864497711 0.9179062483
-0.8319523474 -0.5542086814 0.0266088151 0.5002986358 -0.7700338899 -0.3959155004 0.2399094968 -0.3160704761 0.9179013496
-0.8900440037 -0.4550973501 0.0266096491 0.4086445579 -0.8223451787 -0.3959268018 0.2020675550 -0.3415183876 0.9178964507
-0.9363808041 -0.3499755309 0.0266104775 0.3115944249 -0.8637950755 -0.3959381036 0.1615546474 -0.3624571634 0.9178915517
-0.9703507768 -0.2402315729 0.0266113001 0.2104300501 -0.8938362614 -0.3959494057 0.1189056936 -0.3786099962 0.9178866525
-0.9915052794 -0.1273148700 0.0266121171 0.1064875702 -0.9120720997 -0.3959607082 0.0746838556 -0.3897632729 0.9178817532
-0.9995649239 -0.0127167185 0.0266129284 0.0011397989 -0.9182618730 -0.3959720110 0.0294731021 -0.3957693996 0.9178768537
-0.9944232668 0.1020493783 0.0266137339 -0.1042219054 -0.9123239608 -0.3959833141 -0.0161295039 -0.3965487549 0.9178719541
-0.9761482147 0.2154676993 0.0266145338 -0.2082060149 -0.8943369154 -0.3959946176 -0.0615216891 -0.3920907451 0.9178670543
-0.9449811278 0.3260403233 0.0266153280 -0.3094392109 -0.8645384231 -0.3960059215 -0.1061039250 -0.3824539484 0.9178621544
-0.9013336317 0.4323069127 0.0266161165 -0.4065845212 -0.8233221630 -0.3960172256 -0.1492873456 -0.3677653452 0.9178572543
-0.8457821815 0.5328639997 0.0266168993 -0.4983589772 -0.7712326064 -0.3960285301 -0.1905015260 -0.3482186448 0.9178523541
-0.7790604483 0.6263835225 0.0266176763 -0.5835505577 -0.7089578237 -0.3960398350 -0.2292020170 -0.3240717312 0.9178474538
-0.7020496296 0.7116303646 0.0266184477 -0.6610341955 -0.6373203957 -0.3960511401 -0.2648775376 -0.2956432604 0.9178425533
-0.6157668115 0.7874786673 0.0266192134 -0.7297866354 -0.5572665483 -0.3960624456 -0.2970567297 -0.2633084555 0.9178376527
-0.5213515354 0.8529266988 0.0266199734 -0.7888999475 -0.4698536541 -0.3960737514 -0.3253143855 -0.2274941541 0.9178327519
-0.4200507488 0.9071100845 0.0266207277 -0.8375935166 -0.3762362663 -0.3960850576 -0.3492770668 -0.1886731739 0.9178278510
-0.3132023361 0.9493132221 0.0266214763 -0.8752243513 -0.2776508694 -0.3960963640 -0.3686280396 -0.1473580709 0.9178229499
-0.2022174496 0.9789787334 0.0266222192 -0.9012955740 -0.1753995477 -0.3961076708 -0.3831114607 -0.1040943713 0.9178180487
-0.0885618721 0.9957148251 0.0266229564 -0.9154629820 -0.0708327881 -0.3961189779 -0.3925357606 -0.0594533693 0.9178131474
0.0262633418 0.9993004634 0.0266236879 -0.9175395916 0.0346683568 -0.3961302853 -0.3967761772 -0.0140245826 0.9178082459
0.1407416900 0.9896882930 0.0266244137 -0.9074981058 0.1397105086 -0.3961415930 -0.3957764073 0.0315920323 0.9178033444
0.2533612516 0.9670052629 0.0266251338 -0.8854712737 0.2429063658 -0.3961529010 -0.3895493547 0.0767940037 0.9177984426
0.3626346549 0.9315509494 0.0266258482 -0.8517501346 0.3428930263 -0.3961642093 -0.3781769630 0.1209843015 0.9177935408
0.4671187209 0.8837935998 0.0266265569 -0.8067801734 0.4383499866 -0.3961755179 -0.3618091380 0.1635792230 0.9177886388
0.5654335240 0.8243639481 0.0266272599 -0.7511554349 0.5280165820 -0.3961868268 -0.3406617715 0.2040161027 0.9177837367
0.6562806161 0.7540468850 0.0266279572 -0.6856106764 0.6107086354 -0.3961981361 -0.3150138937 0.2417607451 0.9177788344
0.7384601757 0.6737710917 0.0266286488 -0.6110116628 0.6853340960 -0.3962094456 -0.2852039916 0.2763144818 0.9177739320
0.8108868538 0.5845967746 0.0266293347 -0.5283437300 0.7509074616 -0.3962207554 -0.2516255417 0.3072207597 0.9177690295
0.8726041082 0.4877016635 0.0266300149 -0.4386987711 0.8065627927 -0.3962320655 -0.2147218166 0.3340711733 0.9177641269
0.9227968367 0.3843654570 0.0266306894 -0.3432608136 0.8515651478 -0.3962433758 -0.1749800332 0.3565108617 0.9177592241
0.9608021419 0.2759529215 0.0266313582 -0.2432903815 0.8853202888 -0.3962546865 -0.1329249201 0.3742431982 0.9177543213
0.9861180864 0.1638958666 0.0266320213 -0.1401078461 0.9073825272 -0.3962659974 -0.0891117898 0.3870337120 0.9177494183
0.9984103219 0.0496742351 0.0266326787 -0.0350759873 0.9174606094 -0.3962773087 -0.0441192058 0.3947131878 0.9177445151
0.9975165045 -0.0652034423 0.0266333304 0.0704180055 0.9154215608 -0.3962886202 0.0014586573 0.3971799052 0.9177396119
0.9834484396 -0.1792199708 0.0266339764 0.1749808542 0.9012924412 -0.3962999319 0.0470198607 0.3944009856 0.9177347085
0.9563919251 -0.2908695287 0.0266346167 0.2772315935 0.8752599851 -0.3963112440 0.0919626506 0.3864128308 0.9177298051
0.9167042982 -0.3986775553 0.0266352512 0.3758198093 0.8376681337 -0.3963225563 0.1356934066 0.3733206459 0.9177249015
0.8649097156 -0.5012202248 0.0266358801 0.4694434733 0.7890134915 -0.3963338689 0.1776344821 0.3552970539 0.9177199977
0.8016922312 -0.5971432517 0.0266365033 0.5568661388 0.7299387648 -0.3963451818 0.2172318343 0.3325798199 0.9177150939
0.7278867618 -0.6851797763 0.0266371208 0.6369332697 0.6612242728 -0.3963564949 0.2539623436 0.3054687140 0.9177101900
0.6444680599 -0.7641670962 0.0266377326 0.7085874878 0.5837776398 -0.3963678082 0.2873407244 0.2743215564 0.9177052859
0.5525378406 -0.8330620227 0.0266383387 0.7708825368 0.4986218068 -0.3963791219 0.3169259365 0.2395494941 0.9177003817
0.4533102309 -0.8909546574 0.0266389390 0.8229957781 0.4068815203 -0.3963904358 0.3423270129 0.2016115743 0.9176954775
0.3480957347 -0.9370804100 0.0266395337 0.8642390547 0.3097684764 -0.3964017499 0.3632082266 0.1610086838 0.9176905731
0.2382839250 -0.9708300958 0.0266401227 0.8940677776 0.2085653169 -0.3964130643 0.3792935276 0.1182769362 0.9176856686
0.1253250917 -0.9917579817 0.0266407060 0.9120881175 0.1046086884 -0.3964243790 0.3903701927 0.0739805930 0.9176807640
0.0107110875 -0.9995876723 0.0266412835 0.9180622038 -0.0007284115 -0.3964356939 0.3962916383 0.0287046129 0.9176758592
-0.1040443750 -0.9942157611 0.0266418554 0.9119112650 -0.1060547676 -0.3964470090 0.3969793606 -0.0169530732 0.9176709544
-0.2174257150 -0.9757131955 0.0266424216 0.8937166673 -0.2099793220 -0.3964583244 0.3924239762 -0.0623894585 0.9176660495
-0.3279354999 -0.9443243401 0.0266429820 0.8637188378 -0.3111295451 -0.3964696400 0.3826853500 -0.1070044241 0.9176611445
-0.4341142219 -0.9004637496 0.0266435368 0.8223140880 -0.4081695633 -0.3964809558 0.3678918089 -0.1502086660 0.9176562393
-0.5345595737 -0.8447106930 0.0266440858 0.7700493776 -0.4998178011 -0.3964922719 0.3482384502 -0.1914314782 0.9176513341
-0.6279449690 -0.7778015040 0.0266446292 0.7076150894 -0.5848639070 -0.3965035882 0.3239845692 -0.2301282918 0.9176464288
-0.7130370627 -0.7006198557 0.0266451668 0.6358359096 -0.6621847373 -0.3965149048 0.2954502382 -0.2657878692 0.9176415233
-0.7887120398 -0.6141850901 0.0266456987 0.5556599344 -0.7307591894 -0.3965262216 0.2630120823 -0.2979390578 0.9176366178
-0.8539704576 -0.5196387555 0.0266462250 0.4681461477 -0.7896816858 -0.3965375386 0.2270983089 -0.3261570157 0.9176317122
-0.9079504454 -0.4182295299 0.0266467455 0.3744504330 -0.8381741336 -0.3965488558 0.1881830544 -0.3500688248 0.9176268065
-0.9499390872 -0.3112967299 0.0266472603 0.2758103070 -0.8755961989 -0.3965601732 0.1467801250 -0.3693584199 0.9176219006
-0.9793818375 -0.2002526223 0.0266477695 0.1735285745 -0.9014537628 -0.3965714909 0.1034362130 -0.3837707660 0.9176169947
-0.9958898448 -0.0865637718 0.0266482729 0.0689561215 -0.9154054452 -0.3965828088 0.0587236779 -0.3931152303 0.9176120887
-0.9992450874 0.0282683275 0.0266487706 -0.0365259269 -0.9172671123 -0.3965941268 0.0132329882 -0.3972681040 0.9176071826
-0.9894032528 0.1427270825 0.0266492626 -0.1415244472 -0.9070143062 -0.3966054451 -0.0324350757 -0.3961742397 0.9176022764
-0.9664943230 0.2553008313 0.0266497489 -0.2446527170 -0.8847825670 -0.3966167636 -0.0776773562 -0.3898477839 0.9175973701
-0.9308208576 0.3645028070 0.0266502295 -0.3445487292 -0.8508656401 -0.3966280823 -0.1218962848 -0.3783719945 0.9175924638
-0.8828539981 0.4688907741 0.0266507044 -0.4398931805 -0.8057115955 -0.3966394012 -0.1645077743 -0.3618981443 0.9175875573
-0.8232272453 0.5670860760 0.0266511736 -0.5294268946 -0.7499169083 -0.3966507204 -0.2049489348 -0.3406435279 0.9175826508
-0.7527280929 0.6577918428 0.0266516371 -0.6119674518 -0.6842185793 -0.3966620397 -0.2426855088 -0.3148885951 0.9175777441
-0.6722876267 0.7398101194 0.0266520949 -0.6864248045 -0.6094844000 -0.3966733592 -0.2772189292 -0.2849732502 0.9175728374
-0.5829682280 0.8120576869 0.0266525469 -0.7518156729 -0.5267014900 -0.3966846789 -0.3080929066 -0.2512923668 0.9175679306
-0.4859495426 0.8735803684 0.0266529933 -0.8072765295 -0.4369632587 -0.3966959987 -0.3348994579 -0.2142905751 0.9175630237
-0.3825129009 0.9235656312 0.0266534340 -0.8520750032 -0.3414549636 -0.3967073188 -0.3572842980 -0.1744563922 0.9175581168
-0.2740243957 0.9613533179 0.0266538689 -0.8856195498 -0.2414380551 -0.3967186391 -0.3749515217 -0.1323157727 0.9175532097
-0.1619168399 0.9864443651 0.0266542982 -0.9074672635 -0.1382335160 -0.3967299595 -0.3876675157 -0.0884251644 0.9175483026
-0.0476708432 0.9985073943 0.0266547217 -0.9173297245 -0.0332044142 -0.3967412802 -0.3952640474 -0.0433641599 0.9175433954
0.0672047419 0.9973830890 0.0266551396 -0.9150768069 0.0722621001 -0.3967526010 -0.3976404911 0.0022721562 0.9175384881
0.1811927483 0.9830862981 0.0266555517 -0.9007383950 0.1767731143 -0.3967639219 -0.3947651601 0.0478810666 0.9175335808
0.2927877310 0.9558058404 0.0266559581 -0.8745039875 0.2789483505 -0.3967752431 -0.3866757302 0.0928601815 0.9175286733
0.4005158499 0.9159020103 0.0266563589 -0.8367201926 0.3774383943 -0.3967865644 -0.3734787453 0.1366153944 0.9175237658
0.5029543348 0.8639018200 0.0266567539 -0.7878861488 0.4709425169 -0.3967978859 -0.3553482146 0.1785687296 0.9175188582
0.5987502758 0.8004920386 0.0266571432 -0.7286469311 0.5582258527 -0.3968092076 -0.3325233180 0.2181659769 0.9175139506
0.6866384917 0.7265101224 0.0266575268 -0.6597850297 0.6381357082 -0.3968205294 -0.3053052511 0.2548840127 0.9175090429
0.7654582388 0.6429331542 0.0266579047 -0.5822100141 0.7096167847 -0.3968318514 -0.2740532505 0.2882377110 0.9175041351
0.8341685412 0.5508649392 0.0266582769 -0.4969465194 0.7717251146 -0.3968431735 -0.2391798524 0.3177863532 0.9174992272
0.8918619389 0.4515214266 0.0266586434 -0.4051207117 0.8236405272 -0.3968544958 -0.2011454472 0.3431394515 0.9174943193
0.9377764727 0.3462146512 0.0266590041 -0.3079454145 0.8646774798 -0.3968658183 -0.1604522014 0.3639619091 0.9174894113
0.9713057475 0.2363354046 0.0266593592 -0.2067040893 0.8942941096 -0.3968771409 -0.1176374276 0.3799784494 0.9174845032
0.9920069407 0.1233348672 0.0266597086 -0.1027338843 0.9120993896 -0.3968884636 -0.0732664899 0.3909772552 0.9174795951
0.9996066511 0.0087054425 0.0266600522 0.0025920261 0.9178582902 -0.3968997865 -0.0279253382 0.3968127700 0.9174746869
0.9940045090 -0.1060389534 0.0266603902 0.1078825774 0.9114948824 -0.3969111096 0.0177872294 0.3974076242 0.9174697786
0.9752745026 -0.2193828857 0.0266607224 0.2117471871 0.8930933384 -0.3969224328 0.0632674751 0.3927536611 0.9174648703
0.9436640000 -0.3298294158 0.0266610490 0.3128141202 0.8628968186 -0.3969337561 0.1079146946 0.3829120486 0.9174599619
0.8995904830 -0.4359198714 0.0266613698 0.4097486056 0.8213042579 -0.3969450796 0.1511391515 0.3680124749 0.9174550535
0.8436360327 -0.5362531108 0.0266616849 0.5012704645 0.7688650957 -0.3969564032 0.1923698671 0.3482514403 0.9174501450
0.7765396424 -0.6295040284 0.0266619943 0.5861710166 0.7062720178 -0.3969677269 0.2310621627 0.3238896650 0.9174452364
0.6991874575 -0.7144410551 0.0266622980 0.6633290433 0.6343518059 -0.3969790508 0.2667048550 0.2952486498 0.9174403278
0.6126010720 -0.7899424235 0.0266625960 0.7317255940 0.5540544175 -0.3969903747 0.2988270096 0.2627064331 0.9174354192
0.5179240367 -0.8550109839 0.0266628883 0.7904574429 0.4664404378 -0.3970016989 0.3270041639 0.2266926010 0.9174305104
0.4164067555 -0.9087873729 0.0266631749 0.8387490168 0.3726670718 -0.3970130231 0.3508639349 0.1876826166 0.9174256017
0.3093899723 -0.9505613632 0.0266634558 0.8759626361 0.2739728592 -0.3970243475 0.3700909417 0.1461915429 0.9174206928
0.1982870626 -0.9797812441 0.0266637309 0.9016069362 0.1716613169 -0.3970356719 0.3844309734 0.1027672419 0.9174157840
0.0845653679 -0.9960611074 0.0266640004 0.9153433546 0.0670837219 -0.3970469965 0.3936943507 0.0579831409 0.9174108750
-0.0302731839 -0.9991859443 0.0266642642 0.9169906009 -0.0383787355 -0.3970583212 0.3977584344 0.0124306600 0.9174059661
-0.1447119147 -0.9891144853 0.0266645222 0.9065270498 -0.1433331931 -0.3970696460 0.3965692497 -0.0332885981 0.9174010570
-0.2572394269 -0.9659797446 0.0266647745 0.8840910242 -0.2463935132 -0.3970809710 0.3901422024 -0.0785707936 0.9173961480
-0.3663695644 -0.9300872642 0.0266650212 0.8499789676 -0.3461985891 -0.3970922960 0.3785618799 -0.1228178243 0.9173912388
-0.4706610402 -0.8819110777 0.0266652621 0.8046415264 -0.4414303208 -0.3971036211 0.3619809377 -0.1654452262 0.9173863297
-0.5687364722 -0.8220874506 0.0266654973 0.7486775968 -0.5308310234 -0.3971149464 0.3406180871 -0.2058898932 0.9173814205
-0.6593005734 -0.7514064765 0.0266657268 0.6828264138 -0.6132200363 -0.3971262717 0.3147552105 -0.2436175160 0.9173765112
-0.7411572597 -0.6708016424 0.0266659506 0.6079577860 -0.6875093159 -0.3971375971 0.2847336419 -0.2781296409 0.9173716019
-0.8132254462 -0.5813375002 0.0266661687 0.5250606069 -0.7527178039 -0.3971489227 0.2509496618 -0.3089702551 0.9173666926
-0.8745533249 -0.4841956073 0.0266663811 0.4352297933 -0.8079843837 -0.3971602483 0.2138492671 -0.3357318121 0.9173617832
-0.9243309358 -0.3806589211 0.0266665877 0.3396518230 -0.8525792514 -0.3971715740 0.1739222823 -0.3580606175 0.9173568738
