1958
35984
-0.8908376058 0.4538752567 0.0201397983 -0.4207189329 -0.8074064430 -0.4136307717 -0.1714757698 -0.3769510407 0.9102219363
-0.8328809620 0.5530859043 0.0201317041 -0.5105714193 -0.7538032468 -0.4136393246 -0.2136027360 -0.3547909913 0.9102182286
-0.7639243720 0.6449919335 0.0201236055 -0.5936804139 -0.6902456102 -0.4136478742 -0.2529093118 -0.3279426830 0.9102145224
-0.6848785475 0.7283795314 0.0201155027 -0.6689484183 -0.6175729752 -0.4136564203 -0.2888760787 -0.2967606420 0.9102108176
-0.5967874498 0.8021473882 0.0201073956 -0.7353814936 -0.5367451512 -0.4136649629 -0.3210277225 -0.2616566649 0.9102071144
-0.5008145024 0.8653212427 0.0200992841 -0.7921023854 -0.4488296387 -0.4136735021 -0.3489393145 -0.2230943800 0.9102034127
-0.3982272252 0.9170667490 0.0200911684 -0.8383621083 -0.3549875306 -0.4136820379 -0.3722419274 -0.1815831243 0.9101997124
-0.2903804946 0.9567004963 0.0200830483 -0.8735498356 -0.2564581774 -0.4136905702 -0.3906275119 -0.1376712160 0.9101960137
-0.1786986496 0.9836990343 0.0200749240 -0.8972009653 -0.1545428201 -0.4136990991 -0.4038529689 -0.0919387115 0.9101923164
-0.0646566802 0.9977057870 0.0200667954 -0.9090032540 -0.0505874047 -0.4137076246 -0.4117433640 -0.0449897439 0.9101886206
0.0502392527 0.9985357618 0.0200586624 -0.9088009397 0.0540351929 -0.4137161465 -0.4141942412 0.0025554588 0.9101849264
0.1644717092 0.9861779927 0.0200505252 -0.8965967969 0.1579432979 -0.4137246651 -0.4111730058 0.0500687662 0.9101812336
0.2765320118 0.9607956855 0.0200423837 -0.8725520989 0.2597646828 -0.4137331802 -0.4027193579 0.0969224447 0.9101775423
0.3849401701 0.9227240621 0.0200342378 -0.8369844866 0.3581546896 -0.4137416918 -0.3889447707 0.1424974509 0.9101738525
0.4882644273 0.8724659334 0.0200260877 -0.7903637723 0.4518139877 -0.4137501999 -0.3700310209 0.1861916102 0.9101701642
0.5851401698 0.8106850585 0.0200179334 -0.7333057340 0.5395057319 -0.4137587047 -0.3462277895 0.2274275734 0.9101664774
0.6742879494 0.7381973789 0.0200097747 -0.6665639819 0.6200718970 -0.4137672059 -0.3178493658 0.2656604457 0.9101627922
0.7545303817 0.6559602416 0.0200016117 -0.5910200048 0.6924485692 -0.4137757037 -0.2852704980 0.3003849870 0.9101591084
0.8248076952 0.5650597563 0.0199934445 -0.5076715283 0.7556799963 -0.4137841980 -0.2489214441 0.3311422881 0.9101554261
0.8841917282 0.4666964502 0.0199852729 -0.4176193373 0.8089312083 -0.4137926889 -0.2092822900 0.3575258362 0.9101517453
0.9318981874 0.3621694132 0.0199770971 -0.3220527377 0.8514990433 -0.4138011762 -0.1668766083 0.3791868873 0.9101480660
0.9672970058 0.2528591404 0.0199689171 -0.2222338500 0.8828214321 -0.4138096602 -0.1222645429 0.3958390759 0.9101443883
0.9899206641 0.1402093002 0.0199607327 -0.1194809404 0.9024848206 -0.4138181406 -0.0760354102 0.4072622015 0.9101407120
0.9994703657 0.0257076672 0.0199525441 -0.0151510110 0.9102296290 -0.4138266176 -0.0287999137 0.4133051396 0.9101370372
0.9958199824 -0.0891335268 0.0199443512 0.0893781210 0.9059536792 -0.4138350911 0.0188179229 0.4138878417 0.9101333640
0.9790177208 -0.2027975645 0.0199361540 0.1927260197 0.8897135428 -0.4138435611 0.0661890001 0.4090023955 0.9101296922
0.9492854854 -0.3137832754 0.0199279526 0.2935278606 0.8617237923 -0.4138520276 0.1126874539 0.3987131322 0.9101260220
0.9070159481 -0.4206248609 0.0199197468 0.3904524544 0.8223541665 -0.4138604907 0.1576989245 0.3831557794 0.9101223533
0.8527673620 -0.5219112540 0.0199115369 0.4822198271 0.7721246857 -0.4138689503 0.2006286737 0.3625356708 0.9101186861
0.7872561886 -0.6163047551 0.0199033226 0.5676181231 0.7116987838 -0.4138774064 0.2409094431 0.3371250361 0.9101150203
0.7113476359 -0.7025586992 0.0198951041 0.6455196084 0.6418745446 -0.4138858590 0.2780089498 0.3072594071 0.9101113561
0.6260442308 -0.7795339204 0.0198868814 0.7148955629 0.5635741618 -0.4138943081 0.3114369201 0.2733331870 0.9101076935
0.5324725795 -0.8462137976 0.0198786544 0.7748298655 0.4778317590 -0.4139027537 0.3407515687 0.2357944420 0.9101040323
0.4318684878 -0.9017176806 0.0198704231 0.8245310913 0.3857797317 -0.4139111959 0.3655654370 0.1951389839 0.9101003726
0.3255606399 -0.9453125215 0.0198621876 0.8633429621 0.2886337921 -0.4139196345 0.3855505148 0.1519038209 0.9100967145
0.2149530506 -0.9764225554 0.0198539478 0.8907530126 0.1876769131 -0.4139280696 0.4004425759 0.1066600651 0.9100930578
0.1015065222 -0.9946369056 0.0198457038 0.9063993565 0.0842423850 -0.4139365013 0.4100446713 0.0600053878 0.9100894027
-0.0132806487 -0.9997150093 0.0198374555 0.9100754647 -0.0203037931 -0.4139449294 0.4142297346 0.0125561243 0.9100857491
-0.1278924587 -0.9915897951 0.0198292030 0.9017328910 -0.1245809530 -0.4139533541 0.4129422626 -0.0350608677 0.9100820970
-0.2408152200 -0.9703685691 0.0198209462 0.8814819112 -0.2272119909 -0.4139617752 0.4061990522 -0.0822164904 0.9100784465
-0.3505575517 -0.9363315975 0.0198126852 0.8495900647 -0.3268415538 -0.4139701929 0.3940889808 -0.1282877168 0.9100747974
-0.4556700767 -0.8899284051 0.0198044200 0.8064786205 -0.4221539383 -0.4139786070 0.3767718354 -0.1726658223 0.9100711499
-0.5547645634 -0.8317718387 0.0197961505 0.7527170121 -0.5118904658 -0.4139870177 0.3544762035 -0.2147644279 0.9100675039
-0.6465322609 -0.7626299729 0.0197878767 0.6890153166 -0.5948661041 -0.4139954248 0.3274964567 -0.2540272478 0.9100638594
-0.7297611829 -0.6834159666 0.0197795988 0.6162148758 -0.6699851169 -0.4140038284 0.2961888634 -0.2899354405 0.9100602164
-0.8033521153 -0.5951760025 0.0197713166 0.5352771844 -0.7362555334 -0.4140122285 0.2609668844 -0.3220144648 0.9100565750
-0.8663331333 -0.4990754700 0.0197630301 0.4472711909 -0.7928022476 -0.4140206251 0.2222957128 -0.3498403513 0.9100529351
-0.9178724379 -0.3963835744 0.0197547395 0.3533591803 -0.8388785739 -0.4140290181 0.1806861298 -0.3730453057 0.9100492967
-0.9572893412 -0.2884565740 0.0197464446 0.2547814238 -0.8738761074 -0.4140374077 0.1366877583 -0.3913225700 0.9100456598
-0.9840632571 -0.1767198679 0.0197381455 0.1528397988 -0.8973327569 -0.4140457937 0.0908818025 -0.4044304782 0.9100420245
-0.9978405758 -0.0626491709 0.0197298421 0.0488805956 -0.9089388464 -0.4140541762 0.0438733708 -0.4121956512 0.9100383907
-0.9984393349 0.0522489764 0.0197215345 -0.0557232622 -0.9085412035 -0.4140625552 -0.0037165180 -0.4145152905 0.9100347584
-0.9858516222 0.1664571050 0.0197132227 -0.1595903495 -0.8961451806 -0.4140709306 -0.0512591388 -0.4113585388 0.9100311276
-0.9602436803 0.2784668582 0.0197049067 -0.2613489824 -0.8719145833 -0.4140793026 -0.0981263669 -0.4027668907 0.9100274984
-0.9219537110 0.3867989132 0.0196965865 -0.3596553336 -0.8361695054 -0.4140876710 -0.1436989761 -0.3888536473 0.9100238707
-0.8714874091 0.4900225181 0.0196882620 -0.4532111787 -0.7893821005 -0.4140960358 -0.1873748206 -0.3698024218 0.9100202445
-0.8095112830 0.5867743884 0.0196799334 -0.5407810401 -0.7321703455 -0.4141043972 -0.2285767908 -0.3458647167 0.9100166199
-0.7368438531 0.6757767119 0.0196716005 -0.6212085030 -0.6652898781 -0.4141127550 -0.2667604392 -0.3173566035 0.9100129968
-0.6544448404 0.7558540249 0.0196632634 -0.6934314863 -0.5896240164 -0.4141211092 -0.3014211748 -0.2846545492 0.9100093752
-0.5634024926 0.8259487365 0.0196549221 -0.7564962676 -0.5061720928 -0.4141294599 -0.3321009311 -0.2481904452 0.9100057552
-0.4649192107 0.8851350968 0.0196465766 -0.8095700777 -0.4160362556 -0.4141378071 -0.3583942198 -0.2084459029 0.9100021367
-0.3602956691 0.9326314228 0.0196382269 -0.8519520973 -0.3204069127 -0.4141461508 -0.3799534902 -0.1659458931 0.9099985197
-0.2509136378 0.9678104228 0.0196298729 -0.8830827107 -0.2205470104 -0.4141544909 -0.3964937231 -0.1212518113 0.9099949043
-0.1382177330 0.9902074805 0.0196215148 -0.9025508952 -0.1177753540 -0.4141628274 -0.4077961990 -0.0749540629 0.9099912904
-0.0236963377 0.9995267920 0.0196131525 -0.9100996479 -0.0134491908 -0.4141711604 -0.4137113903 -0.0276642629 0.9099876780
0.0911380548 0.9956452718 0.0196047860 -0.9056293785 0.0910537144 -0.4141794899 -0.4141609394 0.0199928429 0.9099840672
0.2047688172 0.9786141793 0.0195964153 -0.8891992230 0.1943532738 -0.4141878158 -0.4091386969 0.0673876319 0.9099804579
0.3156952180 0.9486584412 0.0195880403 -0.8610262614 0.2950853034 -0.4141961381 -0.3987108056 0.1138939230 0.9099768502
0.4224522419 0.9061736810 0.0195796612 -0.8214826498 0.3919195376 -0.4142044569 -0.3830148292 0.1588972495 0.9099732440
0.5236299386 0.8517209945 0.0195712779 -0.7710907040 0.4835771972 -0.4142127722 -0.3622579380 0.2018029780 0.9099696393
0.6178920439 0.7860195389 0.0195628904 -0.7105160006 0.5688478764 -0.4142210839 -0.3367141740 0.2420441654 0.9099660362
0.7039936277 0.7099370351 0.0195544987 -0.6405585864 0.6466055275 -0.4142293920 -0.3067208334 0.2790890503 0.9099624346
0.7807975365 0.6244783077 0.0195461029 -0.5621424108 0.7158233307 -0.4142376965 -0.2726740122 0.3124480796 0.9099588346
0.8472894116 0.5307720144 0.0195377028 -0.4763031239 0.7755872534 -0.4142459975 -0.2350233758 0.3416803786 0.9099552361
0.9025910855 0.4300557392 0.0195292986 -0.3841743981 0.8251081208 -0.4142542950 -0.1942662199 0.3663995773 0.9099516391
0.9459721809 0.3236596482 0.0195208902 -0.2869729554 0.8637320362 -0.4142625888 -0.1509409020 0.3862789171 0.9099480438
0.9768597558 0.2129889218 0.0195124776 -0.1859824994 0.8909490157 -0.4142708791 -0.1056197306 0.4010555705 0.9099444499
0.9948458713 0.0995051961 0.0195040608 -0.0825367611 0.9063997219 -0.4142791659 -0.0589014049 0.4105341157 0.9099408576
0.9996929789 -0.0152927406 0.0194956399 0.0219981148 0.9098802078 -0.4142874490 -0.0114031064 0.4145891214 0.9099372668
0.9913370582 -0.1298887426 0.0194872147 0.1262416115 0.9013446093 -0.4142957286 0.0362476553 0.4131668062 0.9099336776
0.9698884621 -0.2427693308 0.0194787854 0.2288170720 0.8809057494 -0.4143040046 0.0834213319 0.4062857525 0.9099300900
0.9356304597 -0.3524436811 0.0194703520 0.3283698791 0.8488336466 -0.4143122770 0.1294946542 0.3940366633 0.9099265039
0.8890154950 -0.4574633139 0.0194619143 0.4235853445 0.8055519482 -0.4143205459 0.1738588669 0.3765811669 0.9099229193
0.8306592118 -0.5564412245 0.0194534725 0.5132060709 0.7516323337 -0.4143288112 0.2159277721 0.3541496839 0.9099193363
0.7613323224 -0.6480702012 0.0194450266 0.5960485565 0.6877869644 -0.4143370729 0.2551454744 0.3270383860 0.9099157549
0.6819504295 -0.7311400900 0.0194365764 0.6710188242 0.6148590768 -0.4143453310 0.2909937271 0.2956052851 0.9099121750
0.5935619331 -0.8045537767 0.0194281221 0.7371268680 0.5338118458 -0.4143535855 0.3229987803 0.2602655060 0.9099085967
0.4973341845 -0.8673416775 0.0194196637 0.7934997261 0.4457156640 -0.4143618364 0.3507376420 0.2214858038 0.9099050199
0.3945380693 -0.9186745436 0.0194112011 0.8393930091 0.3517340046 -0.4143700837 0.3738436681 0.1797783993 0.9099014446
0.2865312222 -0.9578744138 0.0194027343 0.8742007285 0.2531080559 -0.4143783275 0.3920114092 0.1356942131 0.9098978710
0.1747400973 -0.9844235679 0.0193942634 0.8974632992 0.1511403290 -0.4143865676 0.4050006480 0.0898155888 0.9098942989
0.0606411280 -0.9979713647 0.0193857883 0.9088736072 0.0471774567 -0.4143948042 0.4126395761 0.0427485997 0.9098907283
-0.0542587714 -0.9983388731 0.0193773091 0.9082810640 -0.0574075917 -0.4144030372 0.4148270658 -0.0048849567 0.9098871593
-0.1684421086 -0.9855212350 0.0193688257 0.8956935944 -0.1612336413 -0.4144112665 0.4115340095 -0.0524557744 0.9098835919
-0.2804008541 -0.9596877296 0.0193603382 0.8712775303 -0.2629295525 -0.4144194923 0.4028037067 -0.0993353519 0.9098800260
-0.3886563586 -0.9211795378 0.0193518466 0.8353554128 -0.3611523278 -0.4144277144 0.3887512949 -0.1449042966 0.9098764617
-0.4917788811 -0.8705052365 0.0193433508 0.7884017311 -0.4546048481 -0.4144359330 0.3695622309 -0.1885605082 0.9098728989
-0.5884064720 -0.8083340815 0.0193348508 0.7310366555 -0.5420530016 -0.4144441479 0.3454898436 -0.2297271343 0.9098693377
-0.6772629602 -0.7354871685 0.0193263467 0.6640178459 -0.6223419817 -0.4144523593 0.3168519891 -0.2678601926 0.9098657781
-0.7571748079 -0.6529265896 0.0193178385 0.5882304449 -0.6944115366 -0.4144605670 0.2840268545 -0.3024557595 0.9098622201
-0.8270866095 -0.5617427261 0.0193093261 0.5046753870 -0.7573099706 -0.4144687711 0.2474479626 -0.3330566290 0.9098586636
-0.8860750305 -0.4631398482 0.0193008096 0.4144561798 -0.8102067113 -0.4144769717 0.2075984472 -0.3592583555 0.9098551086
-0.9333610023 -0.3584202101 0.0192922890 0.3187643295 -0.8524032774 -0.4144851686 0.1650046716 -0.3807145988 0.9098515553
-0.9683200109 -0.2489668510 0.0192837643 0.2188636054 -0.8833425017 -0.4144933618 0.1202292756 -0.3971417025 0.9098480035
-0.9904903457 -0.1362253292 0.0192752354 0.1160733490 -0.9026158881 -0.4145015515 0.0738637440 -0.4083224439 0.9098444532
-0.9995791970 -0.0216846306 0.0192667024 0.0117510509 -0.9099690051 -0.4145097375 0.0265205925 -0.4141089066 0.9098409046
-0.9954665230 0.0931424967 0.0192581652 -0.0927255773 -0.9053048444 -0.4145179200 -0.0211747237 -0.4144244370 0.9098373575
-0.9782066359 0.2067395209 0.0192496240 -0.1959767972 -0.8886851008 -0.4145260988 -0.0685920730 -0.4092646602 0.9098338120
-0.9480274841 0.3176061561 0.0192410786 -0.2966390648 -0.8603293561 -0.4145342739 -0.1151049725 -0.3986975403 0.9098302680
-0.9053276419 0.4242781761 0.0192325291 -0.3933830376 -0.8206121780 -0.4145424455 -0.1600988651 -0.3828624853 0.9098267257
-0.8506710456 0.5253467530 0.0192239755 -0.4849311297 -0.7700581721 -0.4145506134 -0.2029792393 -0.3619685079 0.9098231849
-0.7847795457 0.6194770636 0.0192154177 -0.5700743835 -0.7093350528 -0.4145587777 -0.2431794849 -0.3362914666 0.9098196456
-0.7085233731 0.7054259185 0.0192068559 -0.6476884348 -0.6392448241 -0.4145669383 -0.2801683800 -0.3061704240 0.9098161080
-0.6229096462 0.7820581809 0.0191982899 -0.7167483607 -0.5607131868 -0.4145750954 -0.3134571106 -0.2720031688 0.9098125719
-0.5290690697 0.8483617590 0.0191897198 -0.7763422138 -0.4747773130 -0.4145832487 -0.3426057305 -0.2342409633 0.9098090374
-0.4282410014 0.9034609723 0.0191811457 -0.8256830651 -0.3825721478 -0.4145913985 -0.3672289759 -0.1933825828 0.9098055045
-0.3217570840 0.9466281168 0.0191725674 -0.8641193949 -0.2853154203 -0.4145995446 -0.3870013570 -0.1499677278 0.9098019731
-0.2110236579 0.9772930766 0.0191639850 -0.8911436956 -0.1842915612 -0.4146076871 -0.4016614614 -0.1045698951 0.9097984433
-0.0975031875 0.9950508525 0.0191553985 -0.9063991735 -0.0808347403 -0.4146158259 -0.4110154094 -0.0577888020 0.9097949151
0.0173050533 0.9996669120 0.0191468079 -0.9096844584 0.0236887538 -0.4146239611 -0.4149394188 -0.0102424638 0.9097913885
0.1318847828 0.9910802858 0.0191382132 -0.9009562625 0.1278985569 -0.4146320926 -0.4133814427 0.0374409705 0.9097878635
0.2447227364 0.9694043739 0.0191296144 -0.8803299503 0.2304184589 -0.4146402205 -0.4063618596 0.0846315169 0.9097843400
0.3543286530 0.9349254476 0.0191210115 -0.8480780138 0.3298945781 -0.4146483447 -0.3939732073 0.1307056800 0.9097808182
0.4592549568 0.8880988688 0.0191124045 -0.8046264730 0.4250132406 -0.4146564653 -0.3763789628 0.1750546904 0.9097772979
0.5581158753 0.8295430759 0.0191037934 -0.7505492480 0.5145183287 -0.4146645823 -0.3538113849 0.2170925485 0.9097737792
0.6496057418 0.7600314167 0.0190951783 -0.6865605788 0.5972278687 -0.4146726956 -0.3265684489 0.2562637674 0.9097702621
0.7325162394 0.6804819338 0.0190865590 -0.6135055918 0.6720496400 -0.4146808052 -0.2950099113 0.2920507133 0.9097667465
0.8057523591 0.5919452408 0.0190779357 -0.5323491377 0.7379955979 -0.4146889111 -0.2595525599 0.3239804458 0.9097632326
0.8683468618 0.4955906466 0.0190693083 -0.4441630487 0.7941949214 -0.4146970135 -0.2206647088 0.3516309682 0.9097597202
0.9194730531 0.3926907119 0.0190606767 -0.3501119826 0.8399055123 -0.4147051121 -0.1788600132 0.3746368042 0.9097562094
0.9584557010 0.2846044430 0.0190520412 -0.2514380415 0.8745237945 -0.4147132071 -0.1346906846 0.3926938297 0.9097527002
0.9847799543 0.1727593428 0.0190434015 -0.1494443680 0.8975926835 -0.4147212984 -0.0887401968 0.4055632922 0.9097491926
0.9980981420 0.0586325580 0.0190347577 -0.0454779348 0.9088076220 -0.4147293861 -0.0416155777 0.4130749682 0.9097456866
0.9982343655 -0.0562686298 0.0190261099 0.0590882439 0.9080206002 -0.4147374700 0.0060606094 0.4151294147 0.9097421822
0.9851868211 -0.1704267109 0.0190174580 0.1628732447 0.8952421095 -0.4147455504 0.0536584908 0.4116992854 0.9097386794
0.9591278246 -0.2823339893 0.0190088021 0.2645064720 0.8706410025 -0.4147536270 0.1005492036 0.4028296952 0.9097351781
0.9204015350 -0.3905124953 0.0190001420 0.3626457579 0.8345422617 -0.4147617000 0.1461132049 0.3886376262 0.9097316785
0.8695194096 -0.4935335046 0.0189914779 0.4559950871 0.7874227067 -0.4147697693 0.1897484569 0.3693103855 0.9097281804
0.8071534489 -0.5900364080 0.0189828097 0.5433217120 0.7299046958 -0.4147778349 0.2308783819 0.3451031326 0.9097246840
0.7341273219 -0.6787466813 0.0189741375 0.6234724315 0.6627479061 -0.4147858968 0.2689594810 0.3163355112 0.9097211891
0.6514054873 -0.7584927174 0.0189654612 0.6953888205 0.5868392993 -0.4147939551 0.3034885162 0.2833874281 0.9097176958
0.5600804565 -0.8282213006 0.0189567808 0.7581212061 0.5031814083 -0.4148020096 0.3340091602 0.2466940365 0.9097142042
0.4613583641 -0.8870115160 0.0189480964 0.8108412089 0.4128790958 -0.4148100605 0.3601180277 0.2067399884 0.9097107141
0.3565430390 -0.9340869125 0.0189394080 0.8528526810 0.3171249628 -0.4148181077 0.3814700065 0.1640530336 0.9097072256
0.2470187843 -0.9688257574 0.0189307154 0.8836008991 0.2171835982 -0.4148261512 0.3977828193 0.1191970487 0.9097037387
0.1342320947 -0.9907692476 0.0189220188 0.9026798885 0.1143748781 -0.4148341911 0.4088407558 0.0727645883 0.9097002534
0.0196725529 -0.9996275692 0.0189133182 0.9098377837 0.0100565343 -0.4148422272 0.4144975247 0.0253690572 0.9096967698
-0.0951468439 -0.9952837252 0.0189046135 0.9049801529 -0.0943937762 -0.4148502597 0.4146781897 -0.0223633929 0.9096932877
-0.2087096660 -0.9777950808 0.0188959048 0.8881712441 -0.1975966644 -0.4148582884 0.4093801614 -0.0698021355 0.9096898072
-0.3195160789 -0.9473926057 0.0188871920 0.8596331352 -0.2981892266 -0.4148663135 0.3986732349 -0.1163204017 0.9096863283
-0.4261026517 -0.9044778236 0.0188784752 0.8197428000 -0.3948430424 -0.4148743348 0.3826986700 -0.1613035601 0.9096828510
-0.5270616847 -0.8496175097 0.0188697543 0.7690271286 -0.4862817178 -0.4148823525 0.3616673277 -0.2041572387 0.9096793754
-0.6210598015 -0.7835362050 0.0188610294 0.7081559677 -0.5712977413 -0.4148903664 0.3358568867 -0.2443151780 0.9096759013
-0.7068555582 -0.7071066473 0.0188523005 0.6379332737 -0.6487684296 -0.4148983767 0.3056081775 -0.2812467139 0.9096724288
-0.7833158401 -0.6213382450 0.0188435675 0.5592864942 -0.7176707536 -0.4149063832 0.2713206813 -0.3144637893 0.9096689580
-0.8494308264 -0.5273637457 0.0188348305 0.4732543191 -0.7770948473 -0.4149143861 0.2334472545 -0.3435274050 0.9096654887
-0.9043273273 -0.4264242763 0.0188260895 0.3809729624 -0.8262560234 -0.4149223852 0.1924881476 -0.3680534206 0.9096620211
-0.9472803162 -0.3198529507 0.0188173444 0.2836611567 -0.8645051344 -0.4149303806 0.1489843974 -0.3877176325 0.9096585551
-0.9777225052 -0.2090572639 0.0188085953 0.1826040577 -0.8913371446 -0.4149383723 0.1035106804 -0.4022600591 0.9096550906
-0.9952518374 -0.0955005029 0.0187998421 0.0791362714 -0.9063977982 -0.4149463603 0.0566677216 -0.4114883782 0.9096516278
-0.9996367972 0.0193175791 0.0187910850 -0.0253757711 -0.9094882969 -0.4149543446 0.0090743585 -0.4152804703 0.9096481666
-0.9908194675 0.1338805702 0.0187823238 -0.1295518589 -0.9005679233 -0.4149623252 -0.0386406344 -0.4135860351 0.9096447070
-0.9689162953 0.2466754267 0.0187735586 -0.2320162292 -0.8797545782 -0.4149703020 -0.0858468522 -0.4064272580 0.9096412490
-0.9342165533 0.3562124565 0.0187647894 -0.3314157354 -0.8473232214 -0.4149782752 -0.1319205890 -0.3938985204 0.9096377926
-0.8871785198 0.4610449933 0.0187560161 -0.4264377169 -0.8037022399 -0.4149862446 -0.1762530782 -0.3761651549 0.9096343379
-0.8284234261 0.5597885030 0.0187472389 -0.5158273340 -0.7494677891 -0.4149942103 -0.2182585361 -0.3534612637 0.9096308847
-0.7587272520 0.6511388695 0.0187384576 -0.5984041390 -0.6853361828 -0.4150021722 -0.2573819022 -0.3260866283 0.9096274332
-0.6790104773 0.7338896178 0.0187296723 -0.6730776645 -0.6121544324 -0.4150101305 -0.2931061741 -0.2944027509 0.9096239833
-0.5903259251 0.8069478488 0.0187208830 -0.7388618241 -0.5308890599 -0.4150180850 -0.3249592389 -0.2588280808 0.9096205350
-0.4938448573 0.8693486727 0.0187120897 -0.7948879336 -0.4426133331 -0.4150260358 -0.3525201129 -0.2198324877 0.9096170883
-0.3908415050 0.9202679527 0.0187032924 -0.8404161818 -0.3484930910 -0.4150339828 -0.3754245055 -0.1779310561 0.9096136432
-0.2826762405 0.9590331898 0.0186944911 -0.8748454001 -0.2497713464 -0.4150419261 -0.3933696341 -0.1336772809 0.9096101998
-0.1707776102 0.9851324038 0.0186856858 -0.8977209999 -0.1477518708 -0.4150498657 -0.4061182268 -0.0876557567 0.9096067580
-0.0566234680 0.9982208960 0.0186768765 -0.9087409752 -0.0437819749 -0.4150578015 -0.4135016600 -0.0404744551 0.9096033178
0.0582785431 0.9981258011 0.0186680632 -0.9077598896 0.0607652834 -0.4150657336 -0.4154221880 0.0072433073 0.9095998792
0.1724109023 0.9848483707 0.0186592459 -0.8947907954 0.1645092328 -0.4150736620 -0.4118542380 0.0548671031 0.9095964422
0.2842662532 0.9585639566 0.0186504246 -0.8700050603 0.2660798216 -0.4150815866 -0.4028447496 0.1017677236 0.9095930069
0.3923673116 0.9196196951 0.0186415993 -0.8337301031 0.3641357109 -0.4150895075 -0.3885125583 0.1473254916 0.9095895731
0.4952863760 0.8685299221 0.0186327700 -0.7864450680 0.4573819881 -0.4150974246 -0.3690468272 0.1909384491 0.9095861410
0.5916641835 0.8059693809 0.0186239367 -0.7287744963 0.5445872675 -0.4151053380 -0.3447045510 0.2320303108 0.9095827106
0.6802278617 0.7327643101 0.0186150994 -0.6614800769 0.6245999516 -0.4151132476 -0.3158071627 0.2700580794 0.9095792817
0.7598077397 0.6498815322 0.0186062582 -0.5854505867 0.6963634385 -0.4151211535 -0.2827362892 0.3045192206 0.9095758545
0.8293527960 0.5584156839 0.0185974129 -0.5016901521 0.7589300749 -0.4151290556 -0.2459287115 0.3349583040 0.9095724289
0.8879445395 0.4595747601 0.0185885637 -0.4113049872 0.8114736699 -0.4151369540 -0.2058705961 0.3609730225 0.9095690049
0.9348091402 0.3546641591 0.0185797105 -0.3154887847 0.8533004051 -0.4151448486 -0.1630910732 0.3822195087 0.9095655826
0.9693276493 0.2450694425 0.0185708534 -0.2155069504 0.8838579961 -0.4151527395 -0.1181552476 0.3984168811 0.9095621619
0.9910441738 0.1322380358 0.0185619922 -0.1126798923 0.9027429845 -0.4151606266 -0.0716567340 0.4093509569 0.9095587428
0.9996718971 0.0176601124 0.0185531271 -0.0083655820 0.9097060654 -0.4151685099 -0.0242098148 0.4148770842 0.9095553253
0.9950968680 -0.0971510876 0.0185442580 0.0960583789 0.9046553783 -0.4151763895 0.0235586751 0.4149220562 0.9095519095
0.9773795047 -0.2106792425 0.0185353849 0.1992129516 0.8876577188 -0.4151842653 0.0710176290 0.4094850803 0.9095484953
0.9467537978 -0.3214249754 0.0185265079 0.2997358721 0.8589376555 -0.4151921374 0.1175400073 0.3986377919 0.9095450828
0.9036242193 -0.4279256568 0.0185176269 0.3962996412 0.8188745629 -0.4152000057 0.1625111215 0.3825233099 0.9095416718
0.8485603813 -0.5287747212 0.0185087419 0.4876290555 0.7679976099 -0.4152078702 0.2053367562 0.3613543490 0.9095382625
0.7822895128 -0.6226402442 0.0184998530 0.5725180474 0.7069787707 -0.4152157309 0.2454510208 0.3354104115 0.9095348549
0.7056868552 -0.7082825332 0.0184909601 0.6498456119 0.6366239493 -0.4152235879 0.2823238266 0.3050340972 0.9095314489
0.6197641033 -0.7845705001 0.0184820632 0.7185906102 0.5578623354 -0.4152314411 0.3154678924 0.2706265788 0.9095280445
0.5256560434 -0.8504965998 0.0184731624 0.7778452543 0.4717341327 -0.4152392905 0.3444451834 0.2326423042 0.9095246417
0.4246055663 -0.9051901371 0.0184642576 0.8268270942 0.3793768208 -0.4152471361 0.3688727007 0.1915829939 0.9095212406
0.3179472523 -0.9479287657 0.0184553489 0.8648893503 0.2820101326 -0.4152549780 0.3884275434 0.1479910140 0.9095178411
0.2070897454 -0.9781480289 0.0184464362 0.8915294537 0.1809199459 -0.4152628161 0.4028511768 0.1024422121 0.9095144433
0.0934971491 -0.9954488138 0.0184375196 0.9063956817 0.0774413012 -0.4152706504 0.4119528508 0.0555383101 0.9095110471
-0.0213303098 -0.9996026234 0.0184285990 0.9092918021 -0.0270592292 -0.4152784809 0.4156121226 0.0078989554 0.9095076525
-0.1358760954 -0.9905545933 0.0184196745 0.9001796631 -0.1312015887 -0.4152863076 0.4137804501 -0.0398464655 0.9095042596
-0.2486273911 -0.9684242174 0.0184107461 0.8791796956 -0.2336104619 -0.4152941306 0.4064818363 -0.0870671421 0.9095008683
-0.3580950799 -0.9335037692 0.0184018137 0.8465693222 -0.3329334368 -0.4153019497 0.3938125145 -0.1331391739 0.9094974787
-0.4628334111 -0.8862544418 0.0183928773 0.8027792915 -0.4278588648 -0.4153097651 0.3759396797 -0.1774538142 0.9094940907
-0.5614590948 -0.8273002573 0.0183839370 0.7483879889 -0.5171331826 -0.4153175767 0.3530992819 -0.2194255130 0.9094907044
-0.6526695706 -0.7574198250 0.0183749928 0.6841137972 -0.5995774658 -0.4153253845 0.3255929116 -0.2584996542 0.9094873197
-0.7352602112 -0.6775360582 0.0183660447 0.6108056079 -0.6741029981 -0.4153331884 0.2937838171 -0.2941598848 0.9094839366
-0.8081402318 -0.5887039858 0.0183570926 0.5294316101 -0.7397256474 -0.4153409886 0.2580921077 -0.3259349377 0.9094805552
-0.8703470961 -0.4920968179 0.0183481366 0.4410665034 -0.7955788625 -0.4153487850 0.2189892051 -0.3534048604 0.9094771755
-0.9210592290 -0.3889904514 0.0183391766 0.3468773044 -0.8409251151 -0.4153565776 0.1769916169 -0.3762065649 0.9094737973
-0.9596068670 -0.2807466192 0.0183302128 0.2481079341 -0.8751656393 -0.4153643664 0.1326541140 -0.3940386270 0.9094704209
-0.9854809039 -0.1687949055 0.0183212450 0.1460627901 -0.8978483376 -0.4153721514 0.0865624024 -0.4066652710 0.9094670461
-0.9983396147 -0.0546138654 0.0183122733 0.0420895199 -0.9086737500 -0.4153799325 0.0393253858 -0.4139194870 0.9094636729
-0.9980131691 0.0602885026 0.0183032976 -0.0624387764 -0.9074990081 -0.4153877099 -0.0084328786 -0.4157052403 0.9094603014
-0.9845058740 0.1743946728 0.0182943181 -0.1661416801 -0.8943397198 -0.4153954834 -0.0560814241 -0.4119987422 0.9094569315
-0.9579961171 0.2861976347 0.0182853346 -0.2676496832 -0.8693697627 -0.4154032532 -0.1029907115 -0.4028487676 0.9094535633
-0.9188340108 0.3942207956 0.0182763472 -0.3656222749 -0.8329189860 -0.4154110191 -0.1485409459 -0.3883760125 0.9094501967
-0.8675367684 0.4970374827 0.0182673559 -0.4587656442 -0.7854688535 -0.4154187812 -0.1921302662 -0.3687715023 0.9094468318
-0.8047818730 0.5932897851 0.0182583607 -0.5458497654 -0.7276460842 -0.4154265395 -0.2331826977 -0.3442940705 0.9094434686
-0.7313981305 0.6817064878 0.0182493616 -0.6257246416 -0.6602143745 -0.4154342940 -0.2711557626 -0.3152669412 0.9094401070
-0.6483547229 0.7611198608 0.0182403586 -0.6973354914 -0.5840643115 -0.4154420447 -0.3055476488 -0.2820734612 0.9094367470
-0.5567484089 0.8304810817 0.0182313516 -0.7597366774 -0.5002016111 -0.4154497915 -0.3359038408 -0.2451520369 0.9094333887
-0.4577890383 0.8888740871 0.0182223408 -0.8121041935 -0.4097338355 -0.4154575346 -0.3618231272 -0.2049903446 0.9094300321
-0.3527835741 0.9355276718 0.0182133260 -0.8537465461 -0.3138557653 -0.4154652737 -0.3829629029 -0.1621188884 0.9094266771
-0.2431188308 0.9698256737 0.0182043074 -0.8841138847 -0.2138336211 -0.4154730091 -0.3990436980 -0.1171039931 0.9094233238
-0.1302431591 0.9913151119 0.0181952849 -0.9028052627 -0.1109883403 -0.4154807407 -0.4098528725 -0.0705403231 0.9094199722
-0.0156473170 0.9997121693 0.0181862584 -0.9095739306 -0.0066781331 -0.4154884684 -0.4152474278 -0.0230430263 0.9094166222
0.0991552184 0.9949059408 0.0181772281 -0.9043305935 0.0977194552 -0.4154961923 -0.4151558989 0.0247603922 0.9094132738
0.2126482398 0.9769598983 0.0181681939 -0.8871445894 0.2008257364 -0.4155039123 -0.4095793008 0.0722383607 0.9094099271
0.3233328341 0.9461110524 0.0181591558 -0.8582429720 0.3012790857 -0.4155116285 -0.3985911180 0.1187635846 0.9094065821
0.4297471790 0.9027668223 0.0181501138 -0.8180075112 0.3977529244 -0.4155193409 -0.3823363359 0.1637213352 0.9094032388
0.5304858492 0.8474996551 0.0181410679 -0.7669696499 0.4889732378 -0.4155270495 -0.3610295278 0.2065175712 0.9093998971
0.6242183782 0.7810394653 0.0181320181 -0.7058034845 0.5737354001 -0.4155347542 -0.3349520229 0.2465867887 0.9093965571
0.7097068295 0.7042639947 0.0181229645 -0.6353168620 0.6509200818 -0.4155424550 -0.3044481909 0.2833994934 0.9093932187
0.7858221469 0.6181872207 0.0181139069 -0.5564407101 0.7195080314 -0.4155501521 -0.2699208951 0.3164691974 0.9093898820
0.8515590652 0.5239459638 0.0181048455 -0.4702167422 0.7785935349 -0.4155578452 -0.2318261714 0.3453588488 0.9093865470
0.9060493877 0.4227848742 0.0180957802 -0.3777836999 0.8273963757 -0.4155655346 -0.1906672052 0.3696866073 0.9093832136
0.9485734519 0.3160399931 0.0180867111 -0.2803623136 0.8652721375 -0.4155732201 -0.1469876848 0.3891308917 0.9093798819
0.9785696347 0.2051211081 0.0180776380 -0.1792391808 0.8917207131 -0.4155809017 -0.1013646193 0.4034346301 0.9093765519
0.9956417697 0.0914931335 0.0180685611 -0.0757497747 0.9063929083 -0.4155885795 -0.0544007171 0.4124086593 0.9093732235
0.9995643794 -0.0233432366 0.0180594804 0.0287391927 0.9090950517 -0.4155962534 -0.0067164225 0.4159342260 0.9093698969
0.9902856530 -0.1378713484 0.0180503957 0.1328478195 0.8997915512 -0.4156039235 0.0410582798 0.4139645585 0.9093665718
0.9679281312 -0.2505786185 0.0180413072 0.2352012377 0.8786053632 -0.4156115897 0.0882921887 0.4065254871 0.9093632485
0.9327870875 -0.3599765112 0.0180322148 0.3344477692 0.8458163672 -0.4156192521 0.1343612259 0.3937151057 0.9093599268
0.8853266286 -0.4646201974 0.0180231186 0.4292767765 0.8018576684 -0.4156269106 0.1786566814 0.3757024778 0.9093566068
0.8261735650 -0.5631276371 0.0180140185 0.5184359707 0.7473098772 -0.4156345652 0.2205932567 0.3527254057 0.9093532885
0.7561091326 -0.6541978314 0.0180049146 0.6007479485 0.6828934402 -0.4156422160 0.2596167983 0.3250872909 0.9093499718
0.6760586752 -0.7366280056 0.0179958068 0.6751257413 0.6094591249 -0.4156498630 0.2952116209 0.2931531281 0.9093466569
0.5870794231 -0.8093294939 0.0179866951 0.7405871684 0.5279767833 -0.4156575060 0.3269073216 0.2573446845 0.9093433436
0.4903465305 -0.8713421180 0.0179775796 0.7962678075 0.4395225430 -0.4156651452 0.3542849965 0.2181349297 0.9093400319
0.3871375548 -0.9218468680 0.0179684603 0.8414324090 0.3452645950 -0.4156727805 0.3769827777 0.1760417887 0.9093367220
0.2788155843 -0.9601767192 0.0179593371 0.8754846052 0.2464477656 -0.4156804120 0.3947006157 0.1316213000 0.9093334137
0.1668112353 -0.9858254418 0.0179502100 0.8979747844 0.1443770767 -0.4156880396 0.4072042464 0.0854602713 0.9093301071
0.0526037583 -0.9984542865 0.0179410791 0.9086060281 0.0404005107 -0.4156956633 0.4143282881 0.0381685268 0.9093268022
-0.0622984990 -0.9978964588 0.0179319444 0.9072380301 -0.0641087911 -0.4157032831 0.4159784294 -0.0096291487 0.9093234990
-0.1763780120 -0.9841593214 0.0179228058 0.8938889490 -0.1677706627 -0.4157108991 0.4121326773 -0.0573012639 0.9093201974
-0.2881281222 -0.9574242977 0.0179136634 0.8687351665 -0.2692161399 -0.4157185111 0.4028416509 -0.1042179646 0.9093168975
-0.3960729348 -0.9180444753 0.0179045172 0.8321089572 -0.3671055393 -0.4157261193 0.3882279145 -0.1497593550 0.9093135994
-0.4987868115 -0.8665399428 0.0178953671 0.7844940995 -0.4601461495 -0.4157337237 0.3684843614 -0.1933236886 0.9093103028
-0.5949131991 -0.8035909214 0.0178862132 0.7265194849 -0.5471093030 -0.4157413241 0.3438716673 -0.2343353187 0.9093070080
-0.6831825454 -0.7300287806 0.0178770554 0.6589508126 -0.6268466013 -0.4157489206 0.3147148490 -0.2722523057 0.9093037149
-0.7624290666 -0.6468250589 0.0178678938 0.5826804758 -0.6983050800 -0.4157565133 0.2813989723 -0.3065735775 0.9093004234
-0.8316061435 -0.5550786322 0.0178587285 0.4987157760 -0.7605411141 -0.4157641021 0.2443640663 -0.3368455519 0.9092971336
-0.8898001448 -0.4560012012 0.0178495592 0.4081656195 -0.8127328782 -0.4157716870 0.2040993123 -0.3626681309 0.9092938456
-0.9362424935 -0.3509012881 0.0178403862 0.3122258725 -0.8541911993 -0.4157792680 0.1611365816 -0.3836999884 0.9092905592
-0.9703198173 -0.2411669550 0.0178312093 0.2121635671 -0.8843686563 -0.4157868451 0.1160434100 -0.3996630825 0.9092872744
-0.9915820497 -0.1282474718 0.0178220286 0.1093001690 -0.9028668090 -0.4157944183 0.0694155011 -0.4103463308 0.9092839914
-0.9997483743 -0.0136341754 0.0178128442 0.0049941250 -0.9094414582 -0.4158019876 0.0218688562 -0.4156084015 0.9092807101
-0.9947109333 0.1011592265 0.0178036558 -0.0993770766 -0.9040058696 -0.4158095530 -0.0259683633 -0.4153795838 0.9092774304
-0.9765362522 0.2146166469 0.0177944637 -0.2024350979 -0.8866319182 -0.4158171145 -0.0734641353 -0.4096627106 0.9092741525
-0.9454643615 0.3252396429 0.0177852678 -0.3028189534 -0.8575491377 -0.4158246721 -0.1199909268 -0.3985331243 0.9092708762
-0.9019056262 0.4315672055 0.0177760680 -0.3992029833 -0.8171416879 -0.4158322258 -0.1649339854 -0.3821376834 0.9092676016
-0.8464353263 0.5321950554 0.0177668645 -0.4903143603 -0.7659432806 -0.4158397756 -0.2076994619 -0.3606928249 0.9092643288
-0.7797860592 0.6257941894 0.0177576572 -0.5749498980 -0.7046301299 -0.4158473215 -0.2477222572 -0.3344817072 0.9092610576
-0.7028380642 0.7111284330 0.0177484460 -0.6519919397 -0.6340120212 -0.4158548635 -0.2844734893 -0.3038504710 0.9092577881
-0.6166075971 0.7870707661 0.0177392310 -0.7204231179 -0.5550216159 -0.4158624016 -0.3174674823 -0.2692036683 0.9092545203
-0.5222335086 0.8526182083 0.0177300123 -0.7793397889 -0.4687021335 -0.4158699358 -0.3462681849 -0.2309989197 0.9092512542
-0.4209622032 0.9069050651 0.0177207897 -0.8279639654 -0.3761935742 -0.4158774660 -0.3704949332 -0.1897408697 0.9092479898
-0.3141311780 0.9492143612 0.0177115634 -0.8656535897 -0.2787176631 -0.4158849924 -0.3898274818 -0.1459745210 0.9092447270
-0.2031513585 0.9789873099 0.0177023333 -0.8919110121 -0.1775617151 -0.4158925148 -0.4040102376 -0.1002780353 0.9092414660
-0.0894884638 0.9958306930 0.0176930993 -0.9063895612 -0.0740616345 -0.4159000333 -0.4128556385 -0.0532550956 0.9092382067
0.0253563505 0.9995220540 0.0176838616 -0.9088981214 0.0304157279 -0.4159075479 -0.4162466341 -0.0055269310 0.9092349491
0.1398663189 0.9900126366 0.0176746201 -0.8994036555 0.1344906259 -0.4159150586 -0.4141382345 0.0422758903 0.9092316932
0.2525290975 0.9674280281 0.0176653748 -0.8780316397 0.2367886384 -0.4159225653 -0.4065581072 0.0895217920 0.9092284389
0.3618567380 0.9320665011 0.0176561258 -0.8450644053 0.3359588209 -0.4159300681 -0.3936062145 0.1355865343 0.9092251864
0.4664053391 0.8843950743 0.0176468729 -0.8009374090 0.4306915453 -0.4159375670 -0.3754534945 0.1798614613 0.9092219356
0.5647941163 0.8250433447 0.0176376163 -0.7462334812 0.5197357953 -0.4159450620 -0.3523396057 0.2217615439 0.9092186865
0.6557236377 0.7547951722 0.0176283559 -0.6816751279 0.6019156865 -0.4159525531 -0.3245697629 0.2607331095 0.9092154391
0.7379929865 0.6745783272 0.0176190917 -0.6081149879 0.6761459949 -0.4159600402 -0.2925107064 0.2962611586 0.9092121934
0.8105156208 0.5854522377 0.0176098238 -0.5265245723 0.7414464878 -0.4159675234 -0.2565858593 0.3278761705 0.9092089494
0.8723337243 0.4885939972 0.0176005520 -0.4379814332 0.7969548678 -0.4159750026 -0.2172697349 0.3551603082 0.9092057071
0.9226308560 0.3852828190 0.0175912765 -0.3436549329 0.8419381599 -0.4159824779 -0.1750816687 0.3777529407 0.9092024665
0.9607427333 0.2768831411 0.0175819973 -0.2447908003 0.8758023899 -0.4159899493 -0.1305789591 0.3953554097 0.9091992276
0.9861660050 0.1648266065 0.0175727143 -0.1426946795 0.8981004274 -0.4159974168 -0.0843495047 0.4077349778 0.9091959904
0.9985648996 0.0505931549 0.0175634275 -0.0387148864 0.9085378898 -0.4160048803 -0.0370040387 0.4147279054 0.9091927549
0.9977756593 -0.0643085226 0.0175541369 0.0657753972 0.9069770285 -0.4160123398 0.0108319400 0.4162416170 0.9091895212
0.9838087033 -0.1783609091 0.0175448426 0.1693962584 0.8934385471 -0.4160197955 0.0585264302 0.4122559262 0.9091862891
0.9568484901 -0.2900577039 0.0175355446 0.2707792765 0.8681013265 -0.4160272471 0.1054492786 0.4028233053 0.9091830588
0.9172510816 -0.3979237164 0.0175262427 0.3685855943 0.8313000616 -0.4160346949 0.1509805053 0.3880681944 0.9091798301
0.8655394402 -0.5005343489 0.0175169372 0.4615235989 0.7835208399 -0.4160421386 0.1945184957 0.3681853597 0.9091766032
0.8023965222 -0.5965344115 0.0175076278 0.5483659788 0.7253947212 -0.4160495785 0.2354879496 0.3434373223 0.9091733780
0.7286562584 -0.6846560202 0.0174983148 0.6279659309 0.6576894027 -0.4160570144 0.2733474834 0.3141508929 0.9091701545
0.6452925397 -0.7637353423 0.0174889980 0.6992723051 0.5812990795 -0.4160644463 0.3075967839 0.2807128552 0.9091669327
0.5534063553 -0.8327279668 0.0174796774 0.7613434851 0.4972326349 -0.4160718743 0.3377832199 0.2435648580 0.9091637126
0.4542112518 -0.8907226984 0.0174703531 0.8133598222 0.4066003161 -0.4160792983 0.3635078242 0.2031975822 0.9091604942
0.3490173057 -0.9369535917 0.0174610251 0.8546344596 0.3105990717 -0.4160867183 0.3844305670 0.1601442591 0.9091572776
0.2392138212 -0.9708100670 0.0174516933 0.8846224010 0.2104967434 -0.4160941345 0.4002748499 0.1149736267 0.9091540627
0.1262509816 -0.9918449747 0.0174423577 0.9029277076 0.1076153230 -0.4161015466 0.4108311630 0.0682824168 0.9091508495
0.0116206966 -0.9997805005 0.0174330185 0.9093087256 0.0033134930 -0.4161089548 0.4159598549 0.0206874717 0.9091476380
-0.1031631015 -0.9945118350 0.0174236755 0.9036812762 -0.1010313162 -0.4161163590 0.4155929806 -0.0271824049 0.9091444282
-0.2165844525 -0.9761085575 0.0174143288 0.8861197659 -0.2040411169 -0.4161237593 0.4097352015 -0.0746947556 0.9091412201
-0.3271453895 -0.9448137175 0.0174049783 0.8568562033 -0.3043555622 -0.4161311555 0.3984637260 -0.1212218253 0.9091380138
-0.4333857231 -0.9010406246 0.0173956242 0.8162771333 -0.4006499103 -0.4161385479 0.3819272924 -0.1661488553 0.9091348092
-0.5339023259 -0.8453673900 0.0173862663 0.7649185315 -0.4916525194 -0.4161459362 0.3603442056 -0.2088822060 0.9091316063
-0.6273676638 -0.7785292914 0.0173769046 0.7034587252 -0.5761616403 -0.4161533206 0.3339994557 -0.2488572013 0.9091284051
-0.7125473291 -0.7014090621 0.0173675393 0.6327094336 -0.6530612863 -0.4161607010 0.3032409545 -0.2855455900 0.9091252056
-0.7883163432 -0.6150252328 0.0173581702 0.5536050478 -0.7213359705 -0.4161680774 0.2684749413 -0.3184625263 0.9091220079
-0.8536740147 -0.5205186796 0.0173487974 0.4671902899 -0.7800841159 -0.4161754499 0.2301606170 -0.3471729774 0.9091188119
-0.9077571552 -0.4191375569 0.0173394210 0.3746064157 -0.8285299602 -0.4161828184 0.1888040795 -0.3712974729 0.9091156176
-0.9498514800 -0.3122208122 0.0173300407 0.2770761422 -0.8660338002 -0.4161901829 0.1449516380 -0.3905171203 0.9091124251
-0.9794010414 -0.2011805032 0.0173206568 0.1758874997 -0.8921004385 -0.4161975434 0.0991825968 -0.4045778204 0.9091092342
-0.9960155715 -0.0874831483 0.0173112692 0.0723768218 -0.9063857220 -0.4162048999 0.0521016022 -0.4132936266 0.9091060451
-0.9994756364 0.0273696418 0.0173018779 -0.0320889031 -0.9087010857 -0.4162122525 0.0043306549 -0.4165492042 0.9091028577
-0.9897355343 0.1418609961 0.0172924828 -0.1361300841 -0.8990160421 -0.4162196010 -0.0434991077 -0.4143013563 0.9090996721
-0.9669238993 0.2544788162 0.0172830841 -0.2383727475 -0.8774585819 -0.4162269456 -0.0907557499 -0.4065795975 0.9090964881
