1954
34523
0.8057126638 -0.5919175828 0.0214634223 0.5535053142 0.7395370281 -0.3830363576 0.2108529594 0.3204973623 0.9234838765
0.7324800154 -0.6804498762 0.0214707481 0.6346985075 0.6711437764 -0.3830454752 0.2462332872 0.2942006073 0.9234799245
0.6495734738 -0.7599953912 0.0214780694 0.7075080791 0.5938867692 -0.3830545958 0.2783641862 0.2640180121 0.9234759711
0.5580879948 -0.8295035674 0.0214853861 0.7709724455 0.5087864729 -0.3830637196 0.3068212481 0.2303479038 0.9234720163
0.4592318364 -0.8880564083 0.0214926981 0.8242534604 0.4169669379 -0.3830728464 0.3312285516 0.1936346775 0.9234680602
0.3543106014 -0.9348806060 0.0215000056 0.8666474839 0.3196409517 -0.3830819764 0.3512636280 0.1543629312 0.9234641028
0.2447099940 -0.9693577536 0.0215073084 0.8975946750 0.2180940195 -0.3830911094 0.3666617219 0.1130510686 0.9234601440
0.1318775186 -0.9910325130 0.0215146067 0.9166863844 0.1136673854 -0.3831002456 0.3772192900 0.0702444568 0.9234561839
0.0173033630 -0.9996186280 0.0215219004 0.9236705510 0.0077403168 -0.3831093849 0.3827966913 0.0265082263 0.9234522224
-0.0974992832 -0.9950027054 0.0215291894 0.9184550294 -0.0982881130 -0.3831185272 0.3833200345 -0.0175801895 0.9234482596
-0.2110142132 -0.9772457122 0.0215364738 0.9011088057 -0.2030175035 -0.3831276726 0.3787821565 -0.0614386782 0.9234442954
-0.3217422277 -0.9465821706 0.0215437537 0.8718610853 -0.3050646231 -0.3831368212 0.3692427209 -0.1044881339 0.9234403299
-0.4282209346 -0.9034170600 0.0215510289 0.8310982636 -0.4030816787 -0.3831459728 0.3548274332 -0.1461601039 0.9234363631
-0.5290440635 -0.8483204693 0.0215582995 0.7793588222 -0.4957741165 -0.3831551275 0.3357263844 -0.1859042947 0.9234323949
-0.6228800378 -0.7820200668 0.0215655655 0.7173262145 -0.5819177197 -0.3831642853 0.3121915446 -0.2231958391 0.9234284254
-0.7084895614 -0.7053914902 0.0215728268 0.6458198383 -0.6603747774 -0.3831734461 0.2845334389 -0.2575422273 0.9234244546
-0.7847419858 -0.6194467819 0.0215800836 0.5657842119 -0.7301091102 -0.3831826101 0.2531170503 -0.2884898118 0.9234204824
-0.8506302428 -0.5253210228 0.0215873357 0.4782764985 -0.7901997551 -0.3831917771 0.2183570037 -0.3156297990 0.9234165089
-0.9052841447 -0.4242573410 0.0215945832 0.3844525416 -0.8398531284 -0.3832009472 0.1807120932 -0.3386036493 0.9234125340
-0.9479818771 -0.3175904939 0.0216018261 0.2855515991 -0.8784135062 -0.3832101204 0.1406792272 -0.3571078132 0.9234085579
-0.9781595318 -0.2067292401 0.0216090644 0.1828799740 -0.9053716838 -0.3832192966 0.0987868690 -0.3708977426 0.9234045804
-0.9954185543 -0.0931377333 0.0216162980 0.0777937608 -0.9203716999 -0.3832284759 0.0555880605 -0.3797911224 0.9234006015
-0.9995310077 0.0216838146 0.0216235271 -0.0283190658 -0.9232155370 -0.3832376583 0.0116531218 -0.3836702809 0.9233966213
-0.9904425825 0.1362189467 0.0216307514 -0.1340569836 -0.9138657351 -0.3832468438 -0.0324378788 -0.3824837470 0.9233926398
-0.9682733144 0.2489549895 0.0216379712 -0.2380234337 -0.8924458856 -0.3832560323 -0.0761027831 -0.3762469329 0.9233886570
-0.9333159987 0.3584030307 0.0216451863 -0.3388452659 -0.8592389970 -0.3832652239 -0.1187650296 -0.3650419341 0.9233846729
-0.8860323232 0.4631175832 0.0216523968 -0.4351908750 -0.8146837561 -0.3832744185 -0.1598612665 -0.3490164490 0.9233806874
-0.8270467707 0.5617156761 0.0216596027 -0.5257877876 -0.7593687325 -0.3832836162 -0.1988487906 -0.3283818316 0.9233767006
-0.7571383711 0.6528951192 0.0216668039 -0.6094394687 -0.6940246037 -0.3832928170 -0.2352127144 -0.3034103045 0.9233727124
-0.6772304132 0.7354517015 0.0216740004 -0.6850411240 -0.6195145029 -0.3833020208 -0.2684727657 -0.2744313675 0.9233687230
-0.5883782501 0.8082950951 0.0216811924 -0.7515942914 -0.5368226186 -0.3833112276 -0.2981896307 -0.2418274498 0.9233647322
-0.4917553616 0.8704632551 0.0216883797 -0.8082200277 -0.4470411938 -0.3833204375 -0.3239707567 -0.2060288632 0.9233607401
-0.3886378553 0.9211351258 0.0216955623 -0.8541705159 -0.3513560997 -0.3833296505 -0.3454755377 -0.1675081229 0.9233567467
-0.2803876137 0.9596414837 0.0217027403 -0.8888389417 -0.2510311715 -0.3833388665 -0.3624198143 -0.1267737108 0.9233527519
-0.1684343068 0.9854737764 0.0217099137 -0.9117675067 -0.1473915162 -0.3833480855 -0.3745796284 -0.0843633629 0.9233487559
-0.0542565110 0.9982908391 0.0217170824 -0.9226534736 -0.0418060093 -0.3833573076 -0.3817941838 -0.0408369715 0.9233447585
0.0606378186 0.9979233999 0.0217242465 -0.9213531634 0.0643307843 -0.3833665328 -0.3839679716 0.0032308070 0.9233407598
0.1747312643 0.9843763159 0.0217314059 -0.9078838521 0.1696170305 -0.3833757609 -0.3810720357 0.0472581389 0.9233367598
0.2865169862 0.9578285085 0.0217385607 -0.8824235406 0.2726621404 -0.3833849922 -0.3731443577 0.0906636948 0.9233327584
0.3945186231 0.9186306005 0.0217457108 -0.8453086027 0.3721051376 -0.3833942264 -0.3602893591 0.1328743259 0.9233287558
0.4973097909 0.8673002854 0.0217528563 -0.7970293410 0.4666326324 -0.3834034637 -0.3426765261 0.1733326317 0.9233247518
0.5935329211 0.8045154903 0.0217599971 -0.7382235097 0.5549961695 -0.3834127040 -0.3205381745 0.2115043208 0.9233207465
0.6819171900 0.7311054218 0.0217671332 -0.6696678902 0.6360287157 -0.3834219473 -0.2941663863 0.2468852667 0.9233167399
0.7612953029 0.6480396154 0.0217742647 -0.5922680301 0.7086600738 -0.3834311937 -0.2639091553 0.2790081659 0.9233127320
0.8306189103 0.5564151299 0.0217813915 -0.5070462822 0.7719310165 -0.3834404431 -0.2301657956 0.3074487094 0.9233087228
0.8889724536 0.4574420591 0.0217885137 -0.4151283004 0.8250059547 -0.3834496955 -0.1933816718 0.3318311880 0.9233047123
0.9355852568 0.3524275497 0.0217956312 -0.3177281712 0.8671839725 -0.3834589509 -0.1540423205 0.3518334550 0.9233007004
0.9698417050 0.2427585374 0.0218027440 -0.2161323781 0.8979080841 -0.3834682094 -0.1126670417 0.3671911831 0.9232966873
0.9912893749 0.1298834303 0.0218098521 -0.1116828088 0.9167725888 -0.3834774708 -0.0698020440 0.3777013568 0.9232926728
0.9996450096 0.0152929787 0.0218169556 -0.0057590318 0.9235284280 -0.3834867353 -0.0260132332 0.3832249567 0.9232886571
0.9947982597 -0.0994994128 0.0218240545 0.1002399247 0.9180864738 -0.3834960028 0.0181212579 0.3836887978 0.9232846400
0.9768131407 -0.2129776727 0.0218311486 0.2049140518 0.9005187043 -0.3835052733 0.0620187029 0.3790864996 0.9232806216
0.9459271875 -0.3236430863 0.0218382381 0.3068808500 0.8710572520 -0.3835145468 0.1050994759 0.3694785737 0.9232766020
0.9025483171 -0.4300340884 0.0218453229 0.4047935895 0.8300913365 -0.3835238233 0.1467947045 0.3549916280 0.9232725810
0.8472494411 -0.5307455671 0.0218524030 0.4973590966 0.7781621219 -0.3835331029 0.1865537819 0.3358166985 0.9232685587
0.7807608995 -0.6244474206 0.0218594785 0.5833548337 0.7159555688 -0.3835423854 0.2238516379 0.3122067302 0.9232645351
0.7039608145 -0.7099021240 0.0218665492 0.6616450453 0.6442933724 -0.3835516709 0.2581956731 0.2844732406 0.9232605102
0.6178634936 -0.7859810737 0.0218736153 0.7311957582 0.5641221088 -0.3835609595 0.2891322647 0.2529822092 0.9232564840
0.5236060329 -0.8516794927 0.0218806767 0.7910884370 0.4765007317 -0.3835702510 0.3162527583 0.2181492478 0.9232524566
0.4224332998 -0.9061297006 0.0218877335 0.8405321153 0.3825865855 -0.3835795455 0.3391988655 0.1804341161 0.9232484278
0.3156814920 -0.9486125732 0.0218947855 0.8788738409 0.2836201180 -0.3835888430 0.3576673978 0.1403346525 0.9232443977
0.2047604897 -0.9785670399 0.0219018329 0.9056072992 0.1809084962 -0.3835981435 0.3714142722 0.0983802034 0.9232403663
0.0911352357 -0.9955974940 0.0219088755 0.9203794989 0.0758083414 -0.3836074470 0.3802577374 0.0551246350 0.9232363336
-0.0236936125 -0.9994790170 0.0219159135 0.9229954332 -0.0302921895 -0.3836167535 0.3840807767 0.0111390214 0.9232322997
-0.1382095020 -0.9901603496 0.0219229468 0.9134206538 -0.1359917386 -0.3836260630 0.3828326563 -0.0329958947 0.9232282644
-0.2509000135 -0.9677645682 0.0219299754 0.8917817248 -0.2398942560 -0.3836353754 0.3765295986 -0.0766973696 0.9232242279
-0.3602768360 -0.9325874594 0.0219369993 0.8583645493 -0.3406274383 -0.3836446908 0.3652545714 -0.1193883529 0.9232201900
-0.4648954234 -0.8850936139 0.0219440185 0.8136105923 -0.4368608534 -0.3836540093 0.3491561962 -0.1605051072 0.9232161509
-0.5633740722 -0.8259102899 0.0219510330 0.7581110486 -0.5273235124 -0.3836633306 0.3284467884 -0.1995046523 0.9232121104
-0.6544121698 -0.7558191294 0.0219580428 0.6925990327 -0.6108206559 -0.3836726550 0.3033995582 -0.2358719355 0.9232080687
-0.7368073721 -0.6757458346 0.0219650479 0.6179398955 -0.6862495333 -0.3836819823 0.2743450052 -0.2691266338 0.9232040257
-0.8094714827 -0.5867479423 0.0219720483 0.5351197933 -0.7526139671 -0.3836913127 0.2416665586 -0.2988294978 0.9231999814
-0.8714448246 -0.4900008565 0.0219790440 0.4452326620 -0.8090375090 -0.3837006459 0.2057955161 -0.3245881538 0.9231959358
-0.9219089148 -0.3867823252 0.0219860350 0.3494657679 -0.8547750152 -0.3837099822 0.1672053525 -0.3460622867 0.9231918890
-0.9601972743 -0.2784555646 0.0219930212 0.2490840255 -0.8892224866 -0.3837193214 0.1264054693 -0.3629681362 0.9231878408
-0.9858042298 -0.1664512555 0.0220000028 0.1454132906 -0.9119250450 -0.3837286636 0.0839344714 -0.3750822468 0.9231837914
-0.9983915923 -0.0522486476 0.0220069797 0.0398228477 -0.9225829402 -0.3837380087 0.0403530560 -0.3822444209 0.9231797406
-0.9977931239 0.0626439766 0.0220139518 -0.0662926752 -0.9210555072 -0.3837473568 -0.0037633889 -0.3843598377 0.9231756886
-0.9840167326 0.1767092221 0.0220209193 -0.1715317269 -0.9073630232 -0.3837567078 -0.0478323814 -0.3814003080 0.9231716353
-0.9572443681 0.2884406214 0.0220278820 -0.2745043443 -0.8816864379 -0.3837660618 -0.0912720365 -0.3734046507 0.9231675808
-0.9178296192 0.3963625310 0.0220348400 -0.3738505104 -0.8443649826 -0.3837754188 -0.1335087490 -0.3604781827 0.9231635249
-0.8662930429 0.4990496200 0.0220417933 -0.4682581173 -0.7958916881 -0.3837847787 -0.1739847679 -0.3427913324 0.9231594678
-0.8033152902 0.5951456944 0.0220487419 -0.5564802953 -0.7369068719 -0.3837941416 -0.2121655614 -0.3205773926 0.9231554094
-0.7297281162 0.6833816088 0.0220556858 -0.6373518811 -0.6681896792 -0.3838035074 -0.2475468767 -0.2941294432 0.9231513497
-0.6465033950 0.7625920278 0.0220626249 -0.7098048057 -0.5906477917 -0.3838128761 -0.2796613988 -0.2637964846 0.9231472887
-0.5547402843 0.8317308167 0.0220695593 -0.7728822012 -0.5053054375 -0.3838222478 -0.3080849233 -0.2299788325 0.9231432265
-0.4556507085 0.8898848580 0.0220764890 -0.8257510371 -0.4132898624 -0.3838316224 -0.3324419597 -0.1931228344 0.9231391630
-0.3505433527 0.9362861105 0.0220834140 -0.8677131221 -0.3158164412 -0.3838410000 -0.3524106917 -0.1537149792 0.9231350982
-0.2408063789 0.9703217533 0.0220903342 -0.8982143244 -0.2141726237 -0.3838503805 -0.3677272294 -0.1122754748 0.9231310321
-0.1278890923 0.9915422793 0.0220972497 -0.9168518896 -0.1097009307 -0.3838597640 -0.3781890964 -0.0693513820 0.9231269648
-0.0132828003 0.9996674314 0.0221041605 -0.9233797582 -0.0037812211 -0.3838691504 -0.3836579068 -0.0255093917 0.9231228962
0.1014988834 0.9945899041 0.0221110666 -0.9177118147 0.1021875328 -0.3838785397 -0.3840611953 0.0186716561 0.9231188263
0.2149400292 0.9763767610 0.0221179679 -0.8999230238 0.2068057230 -0.3838879319 -0.3793933779 0.0626084147 0.9231147552
0.3255424124 0.9452685481 0.0221248645 -0.8702484380 0.3086915911 -0.3838973271 -0.3697158286 0.1057207332 0.9231106828
0.4318453006 0.9016761180 0.0221317563 -0.8290800927 0.4064994787 -0.3839067252 -0.3551560730 0.1474393166 0.9231066091
0.5324447456 0.8461752025 0.0221386434 -0.7769618265 0.4989375995 -0.3839161262 -0.3359061074 0.1872132433 0.9231025341
0.6260121254 0.7794988099 0.0221455258 -0.7145820970 0.5847851007 -0.3839255301 -0.3122198673 0.2245172408 0.9230984579
0.7113116913 0.7025275432 0.0221524034 -0.6427648866 0.6629081873 -0.3839349370 -0.2844098776 0.2588586223 0.9230943804
0.7872168886 0.6162779704 0.0221592763 -0.5624588185 0.7322750959 -0.3839443468 -0.2528431290 0.2897837937 0.9230903017
0.8527252351 0.5218891985 0.0221661444 -0.4747246264 0.7919697214 -0.3839537594 -0.2179362350 0.3168842451 0.9230862217
0.9069715607 0.4206078289 0.0221730078 -0.3807211437 0.8412037155 -0.3839631750 -0.1801499340 0.3398019472 0.9230821404
0.9492394341 0.3137714937 0.0221798665 -0.2816899970 0.8793268977 -0.3839725936 -0.1399830074 0.3582340809 0.9230780579
0.9789706241 0.2027911896 0.0221867204 -0.1789392062 0.9058358420 -0.3839820150 -0.0979656961 0.3719370387 0.9230739741
0.9957724728 0.0891326421 0.0221935696 -0.0738259082 0.9203805245 -0.3839914393 -0.0546527007 0.3807296446 0.9230698890
0.9994230810 -0.0257030516 0.0222004140 0.0322615683 0.9227689449 -0.3840008665 -0.0106158585 0.3844955493 0.9230658027
0.9898742388 -0.1401992482 0.0222072536 0.1379220399 0.9129696616 -0.3840102967 0.0335634061 0.3831847698 0.9230617151
0.9672520626 -0.2528437889 0.0222140885 0.2417599750 0.8911122049 -0.3840197297 0.0773017581 0.3768143531 0.9230576263
0.9318553291 -0.3621489700 0.0222209187 0.3424039255 0.8574853653 -0.3840291657 0.1200216542 0.3654681543 0.9230535362
0.8841515291 -0.4666711914 0.0222277440 0.4385246403 0.8125333778 -0.3840386045 0.1611589692 0.3492957329 0.9230494449
0.8247706939 -0.5650300227 0.0222345647 0.5288526217 0.7568500530 -0.3840480462 0.2001704448 0.3285103814 0.9230453523
0.7544970738 -0.6559264338 0.0222413805 0.6121948913 0.6911709331 -0.3840574908 0.2365408646 0.3033863126 0.9230412584
0.6742587806 -0.7381599520 0.0222481916 0.6874507469 0.6163635757 -0.3840669384 0.2697898578 0.2742550415 0.9230371633
0.5851155300 -0.8106445162 0.0222549980 0.7536262985 0.5334160945 -0.3840763888 0.2994782442 0.2415010115 0.9230330669
0.4882446457 -0.8724228208 0.0222617996 0.8098475951 0.4434241069 -0.3840858420 0.3252138351 0.2055565207 0.9230289693
0.3849255105 -0.9226789588 0.0222685964 0.8553721664 0.3475762633 -0.3840952982 0.3466566143 0.1668960163 0.9230248705
0.2765226692 -0.9607491975 0.0222753884 0.8895988279 0.2471385460 -0.3841047573 0.3635232302 0.1260298322 0.9230207704
0.1644678071 -0.9861307444 0.0222821757 0.9120756198 0.1434375486 -0.3841142192 0.3755907403 0.0834974525 0.9230166690
0.0502408414 -0.9984883876 0.0222889582 0.9225057757 0.0378429535 -0.3841236840 0.3826995579 0.0398603898 0.9230125664
-0.0646496238 -0.9976589228 0.0222957360 0.9207516403 -0.0682505583 -0.3841331517 0.3847555628 -0.0043052283 0.9230084625
-0.1786862221 -0.9836533089 0.0223025089 0.9068364861 -0.1734417284 -0.3841426223 0.3817313472 -0.0484162651 0.9230043574
-0.2903628647 -0.9566565230 0.0223092771 0.8809442053 -0.2763412284 -0.3841520957 0.3736665812 -0.0918902746 0.9230002511
-0.3982046314 -0.9170251174 0.0223160405 0.8434168788 -0.3755900095 -0.3841615720 0.3606674926 -0.1341531919 0.9229961435
-0.5007872496 -0.8652825106 0.0223227992 0.7947502571 -0.4698772524 -0.3841710512 0.3429054673 -0.1746469137 0.9229920347
-0.5967559056 -0.8021120746 0.0223295530 0.7355872113 -0.5579576797 -0.3841805333 0.3206147902 -0.2128366684 0.9229879246
-0.6848431366 -0.7283481090 0.0223363021 0.6667092410 -0.6386680029 -0.3841900182 0.2940895547 -0.2482180780 0.9229838133
-0.7638855711 -0.6449648227 0.0223430464 0.5890261509 -0.7109422854 -0.3841995059 0.2636797827 -0.2803238204 0.9229797007
-0.8328392931 -0.5530634674 0.0223497859 0.5035640335 -0.7738260212 -0.3842089966 0.2297868058 -0.3087298007 0.9229755869
-0.8907936290 -0.4538577932 0.0223565207 0.4114517158 -0.8264887401 -0.3842184901 0.1928579686 -0.3330607543 0.9229714719
-0.9369831756 -0.3486580183 0.0223632506 0.3139058489 -0.8682349754 -0.3842279864 0.1533807247 -0.3529952037 0.9229673556
-0.9707979078 -0.2388535250 0.0223699758 0.2122148385 -0.8985134484 -0.3842374856 0.1118762020 -0.3682697063 0.9229632381
-0.9917912360 -0.1258945103 0.0223766962 0.1077218267 -0.9169243483 -0.3842469877 0.0688923239 -0.3786823362 0.9229591193
-0.9996859037 -0.0112728323 0.0223834118 0.0018069525 -0.9232246113 -0.3842564926 0.0249965756 -0.3840953533 0.9229549993
-0.9943776497 0.1034976921 0.0223901225 -0.1041308779 -0.9173311296 -0.3842660003 -0.0192314878 -0.3844370254 0.9229508781
-0.9759365842 0.2169012809 0.0223968285 -0.2086924671 -0.8993218478 -0.3842755109 -0.0632078933 -0.3797025789 0.9229467557
-0.9446062638 0.3274402056 0.0224035297 -0.3104968065 -0.8694347320 -0.3842850244 -0.1063519605 -0.3699542655 0.9229426320
-0.9008004740 0.4336545720 0.0224102262 -0.4081993170 -0.8280646253 -0.3842945407 -0.1480939690 -0.3553205434 0.9229385070
-0.8450977646 0.5341416011 0.0224169178 -0.5005096064 -0.7757580316 -0.3843040598 -0.1878826818 -0.3359943845 0.9229343809
-0.7782338087 0.6275741557 0.0224236046 -0.5862085131 -0.7132058960 -0.3843135817 -0.2251926246 -0.3122307304 0.9229302535
-0.7010916865 0.7127182679 0.0224302866 -0.6641642070 -0.6412344781 -0.3843231065 -0.2595310257 -0.2843431284 0.9229261249
-0.6146902222 0.7884494362 0.0224369638 -0.7333471383 -0.5607944374 -0.3843326342 -0.2904443242 -0.2526995955 0.9229219951
-0.5201705286 0.8537674767 0.0224436362 -0.7928436342 -0.4729482764 -0.3843421646 -0.3175241610 -0.2177177611 0.9229178640
-0.4187809362 0.9078097330 0.0224503038 -0.8418679655 -0.3788563064 -0.3843516979 -0.3404127731 -0.1798593555 0.9229137317
-0.3118605063 0.9498624686 0.0224569666 -0.8797727233 -0.2797613215 -0.3843612341 -0.3588077200 -0.1396241157 0.9229095982
-0.2008213457 0.9793702940 0.0224636246 -0.9060573686 -0.1769721834 -0.3843707730 -0.3724658803 -0.0975431885 0.9229054634
-0.0871299574 0.9959435010 0.0224702778 -0.9203748417 -0.0718465337 -0.3843803148 -0.3812066648 -0.0541721188 0.9229013275
0.0277121280 0.9993632101 0.0224769262 -0.9225361451 0.0342271377 -0.3843898594 -0.3849144047 -0.0100835159 0.9228971903
0.1421881829 0.9895842611 0.0224835697 -0.9125128383 0.1398478317 -0.3843994068 -0.3835398814 0.0341405071 0.9228930518
0.2547863146 0.9667358090 0.0224902085 -0.8904374117 0.2436205444 -0.3844089570 -0.3771009809 0.0779160184 0.9228889122
0.3640194326 0.9311196189 0.0224968424 -0.8566015356 0.3441746915 -0.3844185101 -0.3656824604 0.1206649781 0.9228847713
0.4684448887 0.8832060802 0.0225034715 -0.8114522067 0.4401822105 -0.3844280659 -0.3494348331 0.1618228709 0.9228806293
0.5666835304 0.8236279937 0.0225100958 -0.7555858422 0.5303751010 -0.3844376246 -0.3285723838 0.2008461606 0.9228764860
0.6574379152 0.7531722148 0.0225167153 -0.6897404022 0.6135621718 -0.3844471861 -0.3033703434 0.2372194682 0.9228723415
0.7395094462 0.6727692611 0.0225233300 -0.6147856407 0.6886447728 -0.3844567504 -0.2741612573 0.2704623787 0.9228681957
0.8118142017 0.5834810226 0.0225299398 -0.5317116177 0.7546313049 -0.3844663175 -0.2413305980 0.3001357859 0.9228640488
0.8733972510 0.4864867378 0.0225365449 -0.4416156213 0.8106503161 -0.3844758874 -0.2053116774 0.3258476929 0.9228599006
0.9234452659 0.3830674190 0.0225431451 -0.3456876745 0.8559620101 -0.3844854601 -0.1665799286 0.3472583905 0.9228557512
0.9612972623 0.2745889341 0.0225497404 -0.2451948164 0.8899680161 -0.3844950356 -0.1256466298 0.3640849456 0.9228516006
0.9864533300 0.1624839672 0.0225563310 -0.1414643671 0.9122192909 -0.3845046139 -0.0830521553 0.3761049397 0.9228474488
0.9985812351 0.0482330970 0.0225629167 -0.0358663964 0.9224220484 -0.3845141950 -0.0393588423 0.3831594093 0.9228432958
0.9975208074 -0.0666547567 0.0225694976 0.0702043721 0.9204416383 -0.3845237789 0.0048564336 0.3851549478 0.9228391416
0.9832860560 -0.1806622624 0.0225760736 0.1753469827 0.9063043233 -0.3845333656 0.0490098747 0.3820649428 0.9228349862
0.9560649841 -0.2922837155 0.0225826449 0.2781727505 0.8801969306 -0.3845429550 0.0925184690 0.3739299306 0.9228308295
0.9162171062 -0.4000449248 0.0225892112 0.3773236029 0.8424643833 -0.3845525473 0.1348076889 0.3608570646 0.9228266717
0.8642686997 -0.5025226819 0.0225957728 0.4714900167 0.7936051429 -0.3845621423 0.1753190776 0.3430187040 0.9228225126
0.8009058542 -0.5983635579 0.0226023295 0.5594283128 0.7342646250 -0.3845717402 0.2135176237 0.3206501411 0.9228183523
0.7269654105 -0.6863017780 0.0226088814 0.6399770823 0.6652266730 -0.3845813408 0.2488988270 0.2940464982 0.9228141908
0.6434239081 -0.7651759385 0.0226154284 0.7120725253 0.5874032043 -0.3845909441 0.2809953615 0.2635588335 0.9228100282
0.5513846882 -0.8339443459 0.0226219706 0.7747625000 0.5018221650 -0.3846005503 0.3093832481 0.2295895090 0.9228058643
0.4520633212 -0.8916987744 0.0226285080 0.8272190979 0.4096139517 -0.3846101592 0.3336874550 0.1925868799 0.9228016992
0.3467715534 -0.9376764606 0.0226350405 0.8687495770 0.3119964813 -0.3846197709 0.3535868525 0.1530393773 0.9227975329
0.2368999819 -0.9712701776 0.0226415682 0.8988055103 0.2102591033 -0.3846293854 0.3688184557 0.1114690607 0.9227933654
0.1238996891 -0.9920362549 0.0226480910 0.9169900282 0.1057455711 -0.3846390027 0.3791809004 0.0684247264 0.9227891967
0.0092630784 -0.9997004372 0.0226546089 0.9230630587 -0.0001637076 -0.3846486227 0.3845371050 0.0244746630 0.9227850268
-0.1054958363 -0.9941615070 0.0226611221 0.9169444967 -0.1060699024 -0.3846582455 0.3848160840 -0.0198008521 0.9227808558
-0.2188614265 -0.9754926215 0.0226676303 0.8987152610 -0.2105742357 -0.3846678710 0.3800138888 -0.0638172137 0.9227766835
-0.3293364658 -0.9439403456 0.0226741338 0.8686162236 -0.3122964578 -0.3846774993 0.3701936633 -0.1069932076 0.9227725100
-0.4354619037 -0.8999213962 0.0226806323 0.8270450276 -0.4098930764 -0.3846871304 0.3554848136 -0.1487586859 0.9227683353
-0.5358361360 -0.8440171382 0.0226871260 0.7745508331 -0.5020751005 -0.3846967642 0.3360813031 -0.1885620953 0.9227641594
-0.6291335152 -0.7769659065 0.0226936149 0.7118270633 -0.5876250652 -0.3847064007 0.3122390943 -0.2258777610 0.9227599824
-0.7141218588 -0.6996532544 0.0227000989 0.6397022444 -0.6654131101 -0.3847160401 0.2842727728 -0.2602128294 0.9227558041
-0.7896787225 -0.6131002582 0.0227065780 0.5591290616 -0.7344119021 -0.3847256821 0.2525513962 -0.2911137775 0.9227516247
-0.8548062247 -0.5184500318 0.0227130523 0.4711717753 -0.7937102030 -0.3847353269 0.2174936239 -0.3181724032 0.9227474440
-0.9086442252 -0.4169526295 0.0227195217 0.3769921634 -0.8425249037 -0.3847449745 0.1795621917 -0.3410312176 0.9227432622
-0.9504816855 -0.3099485362 0.0227259863 0.2778341763 -0.8802113662 -0.3847546248 0.1392578042 -0.3593881686 0.9227390792
-0.9797660589 -0.1988509637 0.0227324460 0.1750075064 -0.9062719367 -0.3847642779 0.0971125253 -0.3730006314 0.9227348950
-0.9961105885 -0.0851271861 0.0227389008 0.0698702893 -0.9203625170 -0.3847739337 0.0536827542 -0.3816886159 0.9227307096
-0.9992994150 0.0297208384 0.0227453507 -0.0361888344 -0.9222971080 -0.3847835922 0.0095418803 -0.3853371463 0.9227265230
-0.9892904271 0.1441763039 0.0227517958 -0.1417690598 -0.9120502649 -0.3847932535 -0.0347272876 -0.3838977828 0.9227223352
-0.9662158182 0.2567275898 0.0227582360 -0.2454759197 -0.8897574319 -0.3848029175 -0.0785402159 -0.3773892647 0.9227181462
-0.9303803400 0.3658882243 0.0227646714 -0.3459397020 -0.8557131515 -0.3848125842 -0.1213183644 -0.3658972665 0.9227139561
-0.8822572778 0.4702165168 0.0227711019 -0.4418335402 -0.8103671735 -0.3848222536 -0.1624968262 -0.3495732705 0.9227097648
-0.8224821997 0.5683345981 0.0227775275 -0.5318909379 -0.7543185130 -0.3848319258 -0.2015317873 -0.3286325693 0.9227055723
-0.7518445626 0.6589466180 0.0227839482 -0.6149224961 -0.6883075375 -0.3848416007 -0.2379077080 -0.3033514273 0.9227013786
-0.6712772856 0.7408558599 0.0227903640 -0.6898316210 -0.6132061874 -0.3848512784 -0.2711441326 -0.2740634352 0.9226971837
-0.5818444289 0.8129805457 0.0227967750 -0.7556290074 -0.5300064581 -0.3848609587 -0.3008020343 -0.2411551092 0.9226929877
-0.4847271408 0.8743681227 0.0228031811 -0.8114457038 -0.4398072974 -0.3848706418 -0.3264896151 -0.2050607891 0.9226887904
-0.3812080579 0.9242078443 0.0228095823 -0.8565445884 -0.3438000894 -0.3848803276 -0.3478674815 -0.1662569065 0.9226845920
-0.2726543655 0.9618414776 0.0228159786 -0.8903301033 -0.2432529190 -0.3848900161 -0.3646531284 -0.1252556957 0.9226803925
-0.1604997408 0.9867719963 0.0228223700 -0.9123561196 -0.1394938220 -0.3848997073 -0.3766246729 -0.0825984322 0.9226761917
-0.0462254183 0.9986701450 0.0228287566 -0.9223318279 -0.0338932447 -0.3849094012 -0.3836237869 -0.0388482869 0.9226719898
0.0686593728 0.9973787881 0.0228351383 -0.9201255785 0.0721540570 -0.3849190979 -0.3855577912 0.0054171090 0.9226677867
0.1826373415 0.9829149845 0.0228415150 -0.9057666180 0.1772474393 -0.3849287972 -0.3824008828 0.0496132904 0.9226635824
0.2942031735 0.9554697624 0.0228478869 -0.8794447024 0.2799988699 -0.3849384993 -0.3741944789 0.0931566750 0.9226593769
0.4018834122 0.9154055965 0.0228542539 -0.8415075889 0.3790512605 -0.3849482040 -0.3610466741 0.1354722696 0.9226551703
0.5042559189 0.8632516206 0.0228606160 -0.7924564413 0.4730963908 -0.3849579115 -0.3431308159 0.1760012630 0.9226509625
0.5999686548 0.7996966392 0.0228669732 -0.7329392101 0.5608921862 -0.3849676216 -0.3206832198 0.2142084048 0.9226467535
0.6877575374 0.7255800305 0.0228733256 -0.6637420726 0.6412791225 -0.3849773345 -0.2940000522 0.2495890750 0.9226425434
0.7664631356 0.6418806605 0.0228796730 -0.5857790484 0.7131955396 -0.3849870500 -0.2634334227 0.2816759485 0.9226383321
0.8350459821 0.5497039550 0.0228860155 -0.5000799261 0.7756916629 -0.3849967683 -0.2293867376 0.3100451675 0.9226341196
0.8926003016 0.4502673003 0.0228923531 -0.4077766610 0.8279421465 -0.3850064892 -0.1923093765 0.3343219410 0.9226299060
0.9383659739 0.3448839649 0.0228986859 -0.3100884241 0.8692569730 -0.3850162128 -0.1526907604 0.3541854961 0.9226256912
0.9717385721 0.2349457551 0.0229050137 -0.2083054984 0.8990905658 -0.3850259391 -0.1110538917 0.3693733160 0.9226214752
0.9922773458 0.1219046335 0.0229113366 -0.1037722368 0.9170489939 -0.3850356681 -0.0679484502 0.3796846101 0.9226172581
0.9997110419 0.0072535422 0.0229176546 0.0021306941 0.9228951730 -0.3850453997 -0.0239435359 0.3849829682 0.9226130398
0.9939414868 -0.1074933137 0.0229239677 0.1080045497 0.9165519958 -0.3850551341 0.0203798439 0.3851981653 0.9226088204
0.9750448834 -0.2208204651 0.0229302759 0.2124509820 0.8981033489 -0.3850648711 0.0644364463 0.3803270920 0.9226045998
0.9432708041 -0.3312311933 0.0229365792 0.3140905083 0.8677930034 -0.3850746108 0.1076445198 0.3704337996 0.9226003780
0.8990388951 -0.4372672974 0.0229428776 0.4115807310 0.8260213937 -0.3850843532 0.1494334866 0.3556486577 0.9225961551
0.8429333337 -0.5375283531 0.0229491711 0.5036340669 0.7733403275 -0.3850940982 0.1892514769 0.3361666364 0.9225919310
0.7756951132 -0.6306902078 0.0229554597 0.5890347533 0.7104456962 -0.3851038459 0.2265726171 0.3122447349 0.9225877057
0.6982122563 -0.7155224689 0.0229617433 0.6666549040 0.6381682826 -0.3851135963 0.2609039749 0.2841985918 0.9225834793
0.6115080872 -0.7909047536 0.0229680220 0.7354694060 0.5574627868 -0.3851233493 0.2917920701 0.2523983202 0.9225792518
0.5167277161 -0.8558414860 0.0229742959 0.7945694574 0.4693952160 -0.3851331050 0.3188288643 0.2172636236 0.9225750230
0.4151229160 -0.9094750454 0.0229805648 0.8431745700 0.3751288036 -0.3851428634 0.3416571514 0.1792582563 0.9225707932
0.3080355900 -0.9510970934 0.0229868287 0.8806428762 0.2759086452 -0.3851526244 0.3599752768 0.1388839029 0.9225665622
0.1968800488 -0.9801579282 0.0229930878 0.9064796056 0.1730452527 -0.3851623881 0.3735411237 0.0966735549 0.9225623300
0.0831243322 -0.9962737453 0.0229993419 0.9203436182 0.0678972450 -0.3851721544 0.3821753129 0.0531844757 0.9225580967
-0.0317291799 -0.9992317058 0.0230055912 0.9220519091 -0.0381465966 -0.3851819234 0.3857635754 0.0089908427 0.9225538622
-0.1461636096 -0.9889927475 0.0230118355 0.9115820237 -0.1436856714 -0.3851916951 0.3842582638 -0.0353238330 0.9225496266
-0.2586676140 -0.9656921009 0.0230180748 0.8890723531 -0.2473260579 -0.3852014693 0.3776789859 -0.0791744110 0.9225453898
-0.3677553460 -0.9296375028 0.0230243093 0.8548203049 -0.3476989244 -0.3852112463 0.3661123486 -0.1219818481 0.9225411519
-0.4719860779 -0.8813051325 0.0230305388 0.8092783734 -0.4434786077 -0.3852210259 0.3497108185 -0.1631808441 0.9225369128
-0.5699832290 -0.8213333222 0.0230367634 0.7530481622 -0.5334001218 -0.3852308081 0.3286907118 -0.2022273076 0.9225326726
-0.6604525466 -0.7505141268 0.0230429830 0.6868724366 -0.6162758646 -0.3852405929 0.3033293415 -0.2386055408 0.9225284313
-0.7421991987 -0.6697828633 0.0230491977 0.6116253127 -0.6910113032 -0.3852503804 0.2739613590 -0.2718350509 0.9225241888
-0.8141435545 -0.5802057574 0.0230554075 0.5283007107 -0.7566194288 -0.3852601706 0.2409743383 -0.3014768965 0.9225199451
-0.8753354431 -0.4829658623 0.0230616124 0.4379992267 -0.8122337919 -0.3852699633 0.2048036609 -0.3271394857 0.9225157004
-0.9249667024 -0.3793474339 0.0230678123 0.3419135952 -0.8571199455 -0.3852797587 0.1659267698 -0.3484837493 0.9225114544
-0.9623818525 -0.2707189691 0.0230740072 0.2413129354 -0.8906851434 -0.3852895568 0.1248568671 -0.3652276209 0.9225072074
-0.9870867526 -0.1585151327 0.0230801973 0.1375259880 -0.9124861686 -0.3852993574 0.0821361396 -0.3771497646 0.9225029592
-0.9987551273 -0.0442178089 0.0230863824 0.0319235653 -0.9222351851 -0.3853091607 0.0383286010 -0.3840925002 0.9224987098
-0.9972328753 0.0706634696 0.0230925625 -0.0740995544 -0.9198035388 -0.3853189666 -0.0059873543 -0.3859638896 0.9224944594
-0.9825401050 0.1846114581 0.0230987377 -0.1791430491 -0.9052234548 -0.3853287751 -0.0502265879 -0.3827389534 0.9224902077
-0.9548708684 0.2961212386 0.0231049080 -0.2818195476 -0.8786876103 -0.3853385863 -0.0938049431 -0.3744600052 0.9224859550
-0.9145905987 0.4037200950 0.0231110733 -0.3807729539 -0.8405465890 -0.3853484000 -0.1361469588 -0.3612360955 0.9224817011
-0.8622312837 0.5059869632 0.0231172337 -0.4746963573 -0.7913042483 -0.3853582164 -0.1766934684 -0.3432415762 0.9224774461
-0.7984844396 0.6015711999 0.0231233891 -0.5623492938 -0.7316110641 -0.3853680354 -0.2149089841 -0.3207138013 0.9224731900
-0.7241919785 0.6892104198 0.0231295396 -0.6425741284 -0.6622555375 -0.3853778570 -0.2502887689 -0.2939499965 0.9224689327
-0.6403350886 0.7677471683 0.0231356851 -0.7143113446 -0.5841537796 -0.3853876812 -0.2823655030 -0.2633033373 0.9224646743
-0.5480212760 0.8361442082 0.0231418257 -0.7766135371 -0.4983374106 -0.3853975080 -0.3107154567 -0.2291782892 0.9224604147
-0.4484697376 0.8934982184 0.0231479613 -0.8286579237 -0.4059399336 -0.3854073374 -0.3349640875 -0.1920252690 0.9224561541
-0.3429952590 0.9390517240 0.0231540920 -0.8697572114 -0.3081817625 -0.3854171694 -0.3547909885 -0.1523347003 0.9224518923
-0.2329908501 0.9722031002 0.0231602177 -0.8993686724 -0.2063541026 -0.3854270041 -0.3699341223 -0.1106305396 0.9224476293
-0.1199093475 0.9925145184 0.0231663384 -0.9171013114 -0.1018018957 -0.3854368413 -0.3801932837 -0.0674633595 0.9224433653
-0.0052442266 0.9997177279 0.0231724542 -0.9227210281 0.0040939430 -0.3854466811 -0.3854327469 -0.0234030805 0.9224391001
0.1094901225 0.9937175993 0.0231785651 -0.9161537076 0.1099347650 -0.3854565235 -0.3855830613 0.0209685537 0.9224348338
0.2227783959 0.9745933805 0.0231846709 -0.8974861981 0.2143226608 -0.3854663685 -0.3806419715 0.0650656571 0.9224305664
0.3331243886 0.9425976500 0.0231907718 -0.8669651624 0.3158789231 -0.3854762161 -0.3706744515 0.1083059375 0.9224262978
0.4390707548 0.8981529812 0.0231968678 -0.8249938182 0.4132622565 -0.3854860663 -0.3558118495 0.1501183856 0.9224220282
0.5392182554 0.8418463612 0.0232029588 -0.7721266116 0.5051864924 -0.3854959190 -0.3362501580 0.1899508150 0.9224177574
0.6322442376 0.7744214384 0.0232090448 -0.7090618926 0.5904375754 -0.3855057744 -0.3122474284 0.2272771552 0.9224134855
0.7169201034 0.6967687014 0.0232151258 -0.6366326901 0.6678895980 -0.3855156323 -0.2841203675 0.2616043990 0.9224092124
0.7921275356 0.6099137177 0.0232212019 -0.5557957086 0.7365196703 -0.3855254928 -0.2522401585 0.2924791142 0.9224049383
0.8568732677 0.5150035892 0.0232272730 -0.4676186910 0.7954214287 -0.3855353559 -0.2170275627 0.3194934332 0.9224006630
0.9103022015 0.4132918024 0.0232333391 -0.3732663153 0.8438170062 -0.3855452215 -0.1789473662 0.3422904411 0.9223963866
0.9517087010 0.3061216732 0.0232394003 -0.2739848110 0.8810673051 -0.3855550898 -0.1385022450 0.3605688909 0.9223921092
0.9805459113 0.1949086058 0.0232454565 -0.1710854987 0.9066804362 -0.3855649606 -0.0962261295 0.3740871851 0.9223878305
0.9964329812 0.0811213995 0.0232515077 -0.0659274699 0.9203182146 -0.3855748339 -0.0526771562 0.3826665682 0.9223835508
0.9991600927 -0.0337371501 0.0232575539 0.0401003638 0.9218006250 -0.3855847099 -0.0084302985 0.3861934908 0.9223792700
0.9886912326 -0.1481500986 0.0232635952 0.1455976153 0.9111081977 -0.3855945884 0.0359302240 0.3846211128 0.9223749880
0.9651646675 -0.2606063870 0.0232696314 0.2491709177 0.8883822639 -0.3856044694 0.0798186597 0.3779699249 0.9223707050
0.9288911178 -0.3696207986 0.0232756627 0.3494523280 0.8539230886 -0.3856143531 0.1226554593 0.3663274820 0.9223664208
0.8803496544 -0.4737535741 0.0232816890 0.4451173932 0.8081859021 -0.3856242392 0.1638749287 0.3498472505 0.9223621355
0.8201813709 -0.5716294267 0.0232877104 0.5349026437 0.7517748872 -0.3856341280 0.2029326997 0.3287465856 0.9223578491
0.7491809168 -0.6619557056 0.0232937267 0.6176222800 0.6854351973 -0.3856440193 0.2393129187 0.3033038645 0.9223535617
0.6682860029 -0.7435394680 0.0232997381 0.6921838333 0.6100431134 -0.3856539131 0.2725350607 0.2738548141 0.9223492731
0.5785650161 -0.8153032347 0.0233057444 0.7576025939 0.5265944700 -0.3856638095 0.3021602752 0.2407880806 0.9223449834
0.4812029096 -0.8762992196 0.0233117458 0.8130146159 0.4361915003 -0.3856737084 0.3277971843 0.2045401007 0.9223406925
0.3774855532 -0.9257218481 0.0233177422 0.8576881269 0.3400282782 -0.3856836099 0.3491070524 0.1655893415 0.9223364006
0.2687827503 -0.9629183956 0.0233237336 0.8910331916 0.2393749461 -0.3856935139 0.3658082622 0.1244499842 0.9223321076
0.1565301471 -0.9873976085 0.0233297200 0.9126095021 0.1355609389 -0.3857034205 0.3776800362 0.0816651373 0.9223278135
0.0422102719 -0.9988361918 0.0233357014 0.9221321923 0.0299574241 -0.3857133296 0.3845653558 0.0377996660 0.9223235183
-0.0726670451 -0.9970830791 0.0233416778 0.9194755988 -0.0760408074 -0.3857232413 0.3863730371 -0.0065672650 0.9223192220
-0.1865846116 -0.9821614277 0.0233476493 0.9046749189 -0.1810337647 -0.3857331554 0.3830789395 -0.0508498383 0.9223149246
-0.2980379114 -0.9542683124 0.0233536157 0.8779257445 -0.2836347464 -0.3857430722 0.3747262873 -0.0944633191 0.9223106260
-0.4055549746 -0.9137721230 0.0233595771 0.8395814775 -0.3824886563 -0.3857529914 0.3614251032 -0.1368317764 0.9223063264
-0.5077158175 -0.8612076988 0.0233655335 0.7901486603 -0.4762899006 -0.3857629132 0.3433507584 -0.1773956878 0.9223020257
-0.6031711970 -0.7972692649 0.0233714850 0.7302802845 -0.5637996311 -0.3857728375 0.3207416611 -0.2156193295 0.9222977239
-0.6906604298 -0.7228012634 0.0233774314 0.6607671649 -0.6438621068 -0.3857827643 0.2938961116 -0.2509978508 0.9222934210
-0.7690280424 -0.6387872008 0.0233833728 0.5825274937 -0.7154199582 -0.3857926936 0.2631683664 -0.2830639424 0.9222891170
-0.8372390312 -0.5463366588 0.0233893092 0.4965947119 -0.7775281514 -0.3858026255 0.2289639637 -0.3113940091 0.9222848120
-0.8943925325 -0.4466706400 0.0233952406 0.4041038590 -0.8293664690 -0.3858125599 0.1917343711 -0.3356137655 0.9222805058
-0.9397337192 -0.3411054416 0.0234011670 0.3062765808 -0.8702503416 -0.3858224968 0.1519710267 -0.3554031804 0.9222761985
-0.9726637710 -0.2310352716 0.0234070884 0.2044049939 -0.8996398889 -0.3858324362 0.1101988521 -0.3705007066 0.9222718902
-0.9927477820 -0.1179138349 0.0234130048 0.0998346186 -0.9171470483 -0.3858423781 0.0669693227 -0.3807067367 0.9222675807
-0.9997205051 -0.0032351342 0.0234189161 -0.0060533921 -0.9225406992 -0.3858523225 0.0228531873 -0.3858862426 0.9222632702
-0.9934898546 0.1114862612 0.0234248225 -0.1118604950 -0.9157497140 -0.3858622694 -0.0215670673 -0.3859705622 0.9222589586
-0.9741381230 0.2247352187 0.0234307238 -0.2161892284 -0.8968638961 -0.3858722189 -0.0657049072 -0.3809583091 0.9222546459
-0.9419208934 0.3350160526 0.0234366202 -0.3176616690 -0.8661327925 -0.3858821708 -0.1089774964 -0.3709153950 0.9222503321
-0.8972636643 0.4408722778 0.0234425115 -0.4149376307 -0.8239623962 -0.3858921253 -0.1508133923 -0.3559741625 0.9222460172
-0.8407562302 0.5409058459 0.0234483978 -0.5067323657 -0.7709097824 -0.3859020822 -0.1906600930 -0.3363316419 0.9222417013
-0.7731448914 0.6337956088 0.0234542790 -0.5918335315 -0.7076757499 -0.3859120417 -0.2279913329 -0.3122469523 0.9222373842
-0.6953225983 0.7183147676 0.0234601553 -0.6691172034 -0.6350955638 -0.3859220036 -0.2623140338 -0.2840378838 0.9222330661
-0.6083171577 0.7933470749 0.0234660265 -0.7375627174 -0.5541279220 -0.3859319680 -0.2931748174 -0.2520767041 0.9222287469
-0.5132776583 0.8579015770 0.0234718927 -0.7962661500 -0.4658422923 -0.3859419349 -0.3201659943 -0.2167852462 0.9222244267
-0.4114592950 0.9111257013 0.0234777539 -0.8444522559 -0.3714047860 -0.3859519043 -0.3429309493 -0.1786293407 0.9222201053
-0.3042067913 0.9523165168 0.0234836101 -0.8814847061 -0.2720627556 -0.3859618762 -0.3611688539 -0.1381126670 0.9222157829
-0.1929366390 0.9809300171 0.0234894612 -0.9068744908 -0.1691283196 -0.3859718506 -0.3746386409 -0.0957701048 0.9222114594
-0.0791183912 0.9965883055 0.0234953073 -0.9202863768 -0.0639610314 -0.3859818274 -0.3831621913 -0.0521606724 0.9222071348
0.0357447467 0.9990845856 0.0235011484 -0.9215433338 0.0420500770 -0.3859918068 -0.3866266894 -0.0078601472 0.9222028091
0.1501357699 0.9883858924 0.0235069844 -0.9106288711 0.1475048418 -0.3860017886 -0.3849861163 0.0365465370 0.9221984824
0.2625439091 0.9646335280 0.0235128154 -0.8876872537 0.2510104596 -0.3860117729 -0.3782618609 0.0804730133 0.9221941546
0.3714845835 0.9281411949 0.0235186414 -0.8530215958 0.3511998836 -0.3860217596 -0.3665424414 0.1233392236 0.9221898257
0.4755190079 0.8793908532 0.0235244623 -0.8070898556 0.4467498784 -0.3860317489 -0.3499823397 0.1645790793 0.9221854957
0.5732731945 0.8190263552 0.0235302782 -0.7504987855 0.5363984969 -0.3860417406 -0.3287999656 0.2036479366 0.9221811647
0.6634560995 0.7478449415 0.0235360891 -0.6839959170 0.6189617465 -0.3860517347 -0.3032747758 0.2400297893 0.9221768326
0.7448766736 0.6667867128 0.0235418950 -0.6084596860 0.6933492267 -0.3860617314 -0.2737435874 0.2732440842 0.9221724995
0.8164595928 0.5769222126 0.0235476958 -0.5248878299 0.7585785292 -0.3860717304 -0.2405961334 0.3028520689 0.9221681652
0.8772594597 0.4794382895 0.0235534915 -0.4343842085 0.8137882130 -0.3860817320 -0.2042699190 0.3284625868 0.9221638299
0.9264732896 0.3756224218 0.0235592822 -0.3381442238 0.8582491802 -0.3860917360 -0.1652444476 0.3497372456 0.9221594936
0.9634511158 0.2668457139 0.0235650679 -0.2374390306 0.8913743048 -0.3861017425 -0.1240348911 0.3663948877 0.9221551562
0.9877045731 0.1545447879 0.0235708485 -0.1335987468 0.9127261858 -0.3861117514 -0.0811852894 0.3782153067 0.9221508177
0.9989133480 0.0402028100 0.0235766241 -0.0279948854 0.9220229231 -0.3861217628 -0.0372613677 0.3850421579 0.9221464781
0.9969294093 -0.0746700977 0.0235823946 0.0779777606 0.9191418389 -0.3861317766 0.0071569319 0.3867850263 0.9221421375
0.9817789626 -0.1885568014 0.0235881601 0.1829195403 0.9041210968 -0.3861417928 0.0514831081 0.3834206242 0.9221377958
0.9536621043 -0.2999531925 0.0235939206 0.2854444307 0.8771591962 -0.3861518116 0.0951318443 0.3749931024 0.9221334531
0.9129501792 -0.4073880529 0.0235996759 0.3841983431 0.8386123491 -0.3861618327 0.1375267375 0.3616134708 0.9221291093
