1969
40002
-0.6459110961 0.7633757173 -0.0075080066 -0.7061597559 -0.6011782648 -0.3740629534 -0.2900642258 -0.2363095601 0.9273729221
-0.5540619504 0.8324416873 -0.0074961550 -0.7704747245 -0.5161859927 -0.3740597812 -0.3152523656 -0.2014766940 0.9273742976
-0.4548952266 0.8905135137 -0.0074843017 -0.8246132545 -0.4243755766 -0.3740566139 -0.3362786244 -0.1639849138 0.9273756708
-0.3497206300 0.9368242330 -0.0074724469 -0.8678602428 -0.3269596522 -0.3740534517 -0.3528655266 -0.1243291692 0.9273770419
-0.2399272129 0.9707622119 -0.0074605905 -0.8996444424 -0.2252248975 -0.3740502946 -0.3647942020 -0.0830329659 0.9273784108
-0.1269650292 0.9918792254 -0.0074487324 -0.9195460080 -0.1205150383 -0.3740471424 -0.3719072742 -0.0406414542 0.9273797775
-0.0123259832 0.9998963762 -0.0074368728 -0.9273020421 -0.0142130998 -0.3740439953 -0.3741109365 0.0022857673 0.9273811420
0.1024758738 0.9947077784 -0.0074250116 -0.9228100678 0.0922768599 -0.3740408532 -0.3713761894 0.0451820387 0.9273825043
0.2159243400 0.9763819563 -0.0074131488 -0.9061293824 0.1975482959 -0.3740377162 -0.3637392221 0.0874811190 0.9273838645
0.3265210880 0.9451609387 -0.0074012845 -0.8774802751 0.3002107537 -0.3740345842 -0.3513009335 0.1286246605 0.9273852225
0.4328054527 0.9014570631 -0.0073894186 -0.8372411176 0.3989082350 -0.3740314572 -0.3342255990 0.1680695792 0.9273865782
0.5333737233 0.8458475294 -0.0073775510 -0.7859433670 0.4923371084 -0.3740283353 -0.3127387012 0.2052952231 0.9273879319
0.6268976815 0.7790667774 -0.0073656820 -0.7242645463 0.5792633278 -0.3740252184 -0.2871239521 0.2398102445 0.9273892833
0.7121421441 0.7019967863 -0.0073538113 -0.6530192965 0.6585387326 -0.3740221065 -0.2577195472 0.2711590856 0.9273906325
0.7879812759 0.6156554269 -0.0073419391 -0.5731486162 0.7291162127 -0.3740189997 -0.2249137001 0.2989279908 0.9273919796
0.8534134588 0.5211830182 -0.0073300653 -0.4857074339 0.7900635397 -0.3740158979 -0.1891395172 0.3227504683 0.9273933245
0.9075745204 0.4198272670 -0.0073181900 -0.3918506737 0.8405756802 -0.3740128011 -0.1508692796 0.3423121263 0.9273946672
0.9497491470 0.3129267895 -0.0073063131 -0.2928180015 0.8799854290 -0.3740097094 -0.1106082086 0.3573548225 0.9273960077
0.9793803313 0.2018934322 -0.0072944346 -0.1899174514 0.9077722224 -0.3740066227 -0.0688877956 0.3676800705 0.9273973460
0.9960767284 0.0881936250 -0.0072825546 -0.0845081490 0.9235690142 -0.3740035411 -0.0262587863 0.3731516588 0.9273986821
0.9996178249 -0.0266709855 -0.0072706730 0.0220176405 0.9271671241 -0.3740004645 0.0167160900 0.3736974478 0.9274000161
0.9899568507 -0.1411833692 -0.0072587899 0.1282529009 0.9185189946 -0.3739973929 0.0594695484 0.3693103204 0.9274013479
0.9672213972 -0.2538311471 -0.0072469052 0.2327944498 0.8977388195 -0.3739943264 0.1014372370 0.3600482756 0.9274026775
0.9317117318 -0.3631265665 -0.0072350190 0.3342614719 0.8651010358 -0.3739912650 0.1420651864 0.3460336611 0.9274040049
0.8838968329 -0.4676261490 -0.0072231313 0.4313137575 0.8210366998 -0.3739882085 0.1808171216 0.3274515572 0.9274053301
0.8244081952 -0.5659497554 -0.0072112420 0.5226694040 0.7661277937 -0.3739851572 0.2171815411 0.3045473329 0.9274066531
0.7540314903 -0.6567988132 -0.0071993511 0.6071217482 0.7010995390 -0.3739821108 0.2506784683 0.2776234057 0.9274079739
0.6736961898 -0.7389734665 -0.0071874588 0.6835553042 0.6268108181 -0.3739790695 0.2808657863 0.2470352487 0.9274092926
0.5844632899 -0.8113884236 -0.0071755649 0.7509604972 0.5442428302 -0.3739760333 0.3073450739 0.2131866970 0.9274106091
0.4875112986 -0.8730872898 -0.0071636695 0.8084469986 0.4544861319 -0.3739730021 0.3297668633 0.1765246168 0.9274119233
0.3841206710 -0.9232551989 -0.0071517725 0.8552554863 0.3587262329 -0.3739699759 0.3478352529 0.1375330054 0.9274132354
0.2756568984 -0.9612295754 -0.0071398740 0.8907676738 0.2582279379 -0.3739669548 0.3613118122 0.0967266019 0.9274145453
0.1635524738 -0.9865088851 -0.0071279740 0.9145144775 0.1543186409 -0.3739639388 0.3700187276 0.0546440919 0.9274158530
0.0492879732 -0.9987592589 -0.0071160725 0.9261822126 0.0483707928 -0.3739609278 0.3738411492 0.0118409964 0.9274171586
-0.0656274990 -0.9978189025 -0.0071041695 0.9256167369 -0.0582162263 -0.3739579218 0.3727287052 -0.0311176613 0.9274184619
-0.1796762405 -0.9837002330 -0.0070922649 0.9128254874 -0.1640345900 -0.3739549209 0.3666961661 -0.0736648145 0.9274197630
-0.2913519959 -0.9565897151 -0.0070803589 0.8879773818 -0.2676866211 -0.3739519251 0.3558232481 -0.1152388383 0.9274210620
-0.3991798497 -0.9168453984 -0.0070684513 0.8514005887 -0.3678032520 -0.3739489343 0.3402535603 -0.1552909630 0.9274223588
-0.5017357059 -0.8649921888 -0.0070565423 0.8035781926 -0.4630621080 -0.3739459485 0.3201927072 -0.1932925179 0.9274236533
-0.5976650963 -0.8017149156 -0.0070446317 0.7451418146 -0.5522049737 -0.3739429678 0.2959055742 -0.2287419095 0.9274249457
-0.6857010688 -0.7278492874 -0.0070327196 0.6768632690 -0.6340544119 -0.3739399922 0.2677128300 -0.2611712419 0.9274262359
-0.7646809204 -0.6443708546 -0.0070208060 0.5996443705 -0.7075293158 -0.3739370216 0.2359866921 -0.2901524927 0.9274275239
-0.8335615533 -0.5523821252 -0.0070088910 0.5145050224 -0.7716591888 -0.3739340561 0.2011460135 -0.3153031622 0.9274288097
-0.8914332511 -0.4530980039 -0.0069969744 0.4225697458 -0.8255969632 -0.3739310956 0.1636507522 -0.3362913220 0.9274300934
-0.9375316935 -0.3478297466 -0.0069850563 0.3250528273 -0.8686301891 -0.3739281402 0.1239958994 -0.3528399949 0.9274313748
-0.9712480509 -0.2379676428 -0.0069731368 0.2232422804 -0.9001904447 -0.3739251898 0.0827049449 -0.3647308108 0.9274326540
-0.9921370251 -0.1249626537 -0.0069612158 0.1184828332 -0.9198608445 -0.3739222445 0.0403229662 -0.3718068879 0.9274339311
-0.9999227310 -0.0103072491 -0.0069492933 0.0121581670 -0.9273815465 -0.3739193043 -0.0025905669 -0.3739749026 0.9274352059
-0.9945023395 0.1044843036 -0.0069373693 -0.0943273593 -0.9226531841 -0.3739163691 -0.0454691773 -0.3712063201 0.9274364786
-0.9759474361 0.2178959387 -0.0069254438 -0.1995672586 -0.9057381793 -0.3739134390 -0.0877468587 -0.3635377703 0.9274377491
-0.9445030756 0.3284298151 -0.0069135168 -0.3021714927 -0.8768599184 -0.3739105139 -0.1288655468 -0.3510705627 0.9274390173
-0.9005845452 0.4346260980 -0.0069015884 -0.4007848325 -0.8363998023 -0.3739075939 -0.1682824857 -0.3339693484 0.9274402834
-0.8447718800 0.5350822398 -0.0068896585 -0.4941047580 -0.7848922086 -0.3739046790 -0.2054773924 -0.3124599455 0.9274415473
-0.7778022027 0.6284715032 -0.0068777272 -0.5808986628 -0.7230174345 -0.3739017691 -0.2399593235 -0.2868263571 0.9274428090
-0.7005599879 0.7135604839 -0.0068657944 -0.6600201346 -0.6515927111 -0.3738988643 -0.2712731561 -0.2574070213 0.9274440685
-0.6140653811 0.7892254002 -0.0068538601 -0.7304240976 -0.5715614099 -0.3738959645 -0.2990055942 -0.2245903434 0.9274453258
-0.5194607253 0.8544669349 -0.0068419243 -0.7911806165 -0.4839805826 -0.3738930698 -0.3227906239 -0.1888095674 0.9274465809
-0.4179954743 0.9084234336 -0.0068299871 -0.8414871795 -0.3900069997 -0.3738901802 -0.3423143441 -0.1505370566 0.9274478338
-0.3110096905 0.9503822845 -0.0068180485 -0.8806792985 -0.2908818718 -0.3738872957 -0.3573191089 -0.1102780580 0.9274490845
-0.1999163472 0.9797893299 -0.0068061083 -0.9082392861 -0.1879144554 -0.3738844162 -0.3676069277 -0.0685640318 0.9274503330
-0.0861826666 0.9962561856 -0.0067941668 -0.9238030938 -0.0824647604 -0.3738815417 -0.3730420779 -0.0259456360 0.9274515794
0.0286892572 0.9995653695 -0.0067822238 -0.9271651207 0.0240744133 -0.3738786724 -0.3735528952 0.0170145427 0.9274528235
0.1431822973 0.9896731749 -0.0067702793 -0.9182809297 0.1302958721 -0.3738758081 -0.3691327185 0.0597494155 0.9274540654
0.2557843302 0.9667102468 -0.0067583334 -0.8972678349 0.2347966155 -0.3738729488 -0.3598399769 0.1016948770 0.9274553051
0.3650082073 0.9309798574 -0.0067463861 -0.8644033521 0.3361963671 -0.3738700947 -0.3457974170 0.1422972518 0.9274565427
0.4694113950 0.8829539000 -0.0067344373 -0.8201215341 0.4331558056 -0.3738672456 -0.3271904820 0.1810206024 0.9274577780
0.5676150272 0.8232666573 -0.0067224871 -0.7650072380 0.5243942553 -0.3738644016 -0.3042648626 0.2173538038 0.9274590112
0.6583221159 0.7527064238 -0.0067105355 -0.6997884004 0.6087066014 -0.3738615626 -0.2773232526 0.2508172898 0.9274602421
0.7403346802 0.6722050954 -0.0066985824 -0.6253264230 0.6849792082 -0.3738587288 -0.2467213528 0.2809693830 0.9274614709
0.8125695692 0.5828258609 -0.0066866279 -0.5426047956 0.7522046277 -0.3738559000 -0.2128631743 0.3074121240 0.9274626974
0.8740727664 0.4857491613 -0.0066746720 -0.4527161058 0.8094949073 -0.3738530762 -0.1761957053 0.3297965241 0.9274639217
0.9240319900 0.3822570990 -0.0066627146 -0.3568476085 0.8560933181 -0.3738502576 -0.1372030094 0.3478271713 0.9274651439
0.9617874206 0.2737165048 -0.0066507559 -0.2562655443 0.8913843500 -0.3738474440 -0.0963998360 0.3612661284 0.9274663638
0.9868404158 0.1615608868 -0.0066387957 -0.1522984149 0.9149018425 -0.3738446355 -0.0543248244 0.3699360736 0.9274675816
0.9988600956 0.0472714969 -0.0066268341 -0.0463194363 0.9263351415 -0.3738418321 -0.0115333937 0.3737226393 0.9274687971
0.9976877127 -0.0676422315 -0.0066148711 0.0602715995 0.9255332037 -0.3738390337 0.0314095893 0.3725759216 0.9274700105
0.9833387486 -0.1816626191 -0.0066029067 0.1660668125 0.9125065913 -0.3738362404 0.0739372664 0.3665111372 0.9274712216
0.9560027097 -0.2932837849 -0.0065909408 0.2696688308 0.8874273332 -0.3738334522 0.1154882708 0.3556084220 0.9274724306
0.9160406244 -0.4010315343 -0.0065789736 0.3697092474 0.8506266533 -0.3738306691 0.1555141371 0.3400117722 0.9274736373
0.8639802747 -0.5034828293 -0.0065670050 0.4648666944 0.8025905957 -0.3738278910 0.1934865407 0.3199271421 0.9274748419
0.8005092258 -0.5992845825 -0.0065550349 0.5538842963 0.7439536057 -0.3738251181 0.2289042717 0.2956197249 0.9274760442
0.7264657459 -0.6871715276 -0.0065430635 0.6355862713 0.6754901496 -0.3738223502 0.2612998504 0.2674104511 0.9274772444
0.6428277342 -0.7659829300 -0.0065310907 0.7088934611 0.5981044866 -0.3738195874 0.2902456975 0.2356717509 0.9274784423
0.5506998066 -0.8346779164 -0.0065191165 0.7728375856 0.5128187244 -0.3738168296 0.3153597775 0.2008226375 0.9274796381
0.4512987062 -0.8923492225 -0.0065071409 0.8265740320 0.4207593201 -0.3738140770 0.3363106411 0.1633231756 0.9274808316
0.3459372343 -0.9382351746 -0.0064951639 0.8693930111 0.3231422013 -0.3738113294 0.3528217995 0.1236684073 0.9274820229
0.2360069114 -0.9717297495 -0.0064831855 0.9007289327 0.2212567064 -0.3738085869 0.3646753728 0.0823818173 0.9274832121
0.1229595999 -0.9923905785 -0.0064712058 0.9201678765 0.1164485546 -0.3738058495 0.3717149658 0.0400084220 0.9274843990
0.0082883285 -0.9999447895 -0.0064592247 0.9274530596 0.0101020717 -0.3738031172 0.3738477309 -0.0028924246 0.9274855837
-0.1064924256 -0.9942926110 -0.0064472422 0.9224882283 -0.0963780946 -0.3738003900 0.3710455928 -0.0457544152 0.9274867662
-0.2198667392 -0.9755086901 -0.0064352583 0.9053389302 -0.2015855276 -0.3737976678 0.3633456183 -0.0880117642 0.9274879466
-0.3303372641 -0.9438411061 -0.0064232730 0.8762316487 -0.3041306176 -0.3737949507 0.3508495257 -0.1291066765 0.9274891247
-0.4364450022 -0.8997080946 -0.0064112864 0.8355508117 -0.4026589168 -0.3737922388 0.3337223412 -0.1684967100 0.9274903006
-0.5367885753 -0.8436925236 -0.0063992984 0.7838337147 -0.4958690287 -0.3737895319 0.3121902195 -0.2056619361 0.9274914743
-0.6300427327 -0.7765341958 -0.0063873091 0.7217634241 -0.5825297978 -0.3737868300 0.2865374576 -0.2401118019 0.9274926458
-0.7149758546 -0.6991200774 -0.0063753184 0.6501597557 -0.6614965712 -0.3737841333 0.2571027410 -0.2713916056 0.9274938151
-0.7904662177 -0.6124725845 -0.0063633263 0.5699684465 -0.7317263176 -0.3737814417 0.2242746723 -0.2990884977 0.9274949822
-0.8555168103 -0.5177360794 -0.0063513329 0.4822486636 -0.7922914039 -0.3737787551 0.1884866408 -0.3228369302 0.9274961470
-0.9092684997 -0.4161617573 -0.0063393381 0.3881590146 -0.8423918483 -0.3737760737 0.1502111009 -0.3423234810 0.9274973097
-0.9510113792 -0.3090911215 -0.0063273420 0.2889422447 -0.8813658870 -0.3737733973 0.1099533352 -0.3572909905 0.9274984702
-0.9801941437 -0.1979382659 -0.0063153445 0.1859088221 -0.9086987148 -0.3737707260 0.0682447839 -0.3675419550 0.9274996285
-0.9964313710 -0.0841711989 -0.0063033457 0.0804196299 -0.9240292856 -0.3737680599 0.0256360297 -0.3729411330 0.9275007845
-0.9995086121 0.0307075445 -0.0062913456 -0.0261320096 -0.9271550813 -0.3737653988 -0.0173104706 -0.3734173295 0.9275019384
-0.9893852235 0.1451807470 -0.0062793441 -0.1323387375 -0.9180347873 -0.3737627428 -0.0600278105 -0.3689643343 0.9275030900
-0.9661949040 0.2577365474 -0.0062673412 -0.2367977475 -0.8967888383 -0.3737600918 -0.1019521173 -0.3596410038 0.9275042394
-0.9302439290 0.3668884072 -0.0062553371 -0.3381293142 -0.8636978282 -0.3737574460 -0.1425299951 -0.3455704822 0.9275053867
-0.8820071053 0.4711947443 -0.0062433316 -0.4349950171 -0.8191988041 -0.3737548053 -0.1812258297 -0.3269385758 0.9275065317
-0.8221215006 0.5692779715 -0.0062313247 -0.5261154190 -0.7638794941 -0.3737521697 -0.2175288582 -0.3039912986 0.9275076745
-0.7513780296 0.6598426909 -0.0062193166 -0.6102869651 -0.6984705450 -0.3737495391 -0.2509599111 -0.2770316244 0.9275088151
-0.6707110081 0.7416928023 -0.0062073071 -0.6863978800 -0.6238358717 -0.3737469137 -0.2810777366 -0.2464154868 0.9275099535
-0.5811858137 0.8137473000 -0.0061952963 -0.7534428528 -0.5409612469 -0.3737442934 -0.3074848248 -0.2125470795 0.9275110897
-0.4839848150 0.8750545502 -0.0061832842 -0.8105363157 -0.4509412810 -0.3737416781 -0.3298326541 -0.1758735206 0.9275122237
-0.3803917563 0.9248048589 -0.0061712707 -0.8569241408 -0.3549649645 -0.3737390680 -0.3478262909 -0.1368789496 0.9275133554
-0.2717748026 0.9623411662 -0.0061592560 -0.8919936014 -0.2542999635 -0.3737364629 -0.3612282821 -0.0960781365 0.9275144850
-0.1595684702 0.9871677237 -0.0061472399 -0.9152814652 -0.1502758765 -0.3737338629 -0.3698617886 -0.0540096860 0.9275156123
-0.0452546813 0.9989566421 -0.0061352225 -0.9264801136 -0.0442666727 -0.3737312681 -0.3736129185 -0.0112289278 0.9275167375
0.0696568086 0.9975522219 -0.0061232038 -0.9254416045 0.0623274556 -0.3737286783 -0.3724322297 0.0316994146 0.9275178604
0.1836483497 0.9829730093 -0.0061111838 -0.9121796270 0.1680985873 -0.3737260937 -0.3663353816 0.0742086777 0.9275189811
0.2952144417 0.9554115520 -0.0060991626 -0.8868693211 0.2716496682 -0.3737235141 -0.3554029271 0.1157377387 0.9275200996
0.4028816175 0.9152318553 -0.0060871400 -0.8498449649 0.3716129639 -0.3737209397 -0.3397792489 0.1557384219 0.9275212159
0.5052279032 0.8629645756 -0.0060751161 -0.8015955590 0.4666681257 -0.3737183703 -0.3196706518 0.1936827347 0.9275223300
0.6009015983 0.7993000113 -0.0060630909 -0.7427583688 0.5555596294 -0.3737158061 -0.2953426395 0.2290698367 0.9275234419
0.6886391277 0.7250789864 -0.0060510644 -0.6741105075 0.6371133595 -0.3737132469 -0.2671164083 0.2614326505 0.9275245515
0.7672817301 0.6412817452 -0.0060390367 -0.5965586715 0.7102521169 -0.3737106929 -0.2353646067 0.2903440267 0.9275256590
0.8357907619 0.5490150066 -0.0060270076 -0.5111271657 0.7740098473 -0.3737081439 -0.2005064158 0.3154223817 0.9275267642
0.8932614146 0.4494973474 -0.0060149773 -0.4189443738 0.8275444013 -0.3737056001 -0.1630020151 0.3363367339 0.9275278672
0.9389346646 0.3440431082 -0.0060029457 -0.3212278548 0.8701486581 -0.3737030613 -0.1233465076 0.3528110719 0.9275289681
0.9722072982 0.2340450349 -0.0059909128 -0.2192682614 0.9012598655 -0.3737005277 -0.0820633838 0.3646279974 0.9275300667
0.9926398778 0.1209558848 -0.0059788786 -0.1144122927 0.9204670731 -0.3736979992 -0.0396976112 0.3716315935 0.9275311630
0.9999625460 0.0062692394 -0.0059668432 -0.0080449070 0.9275165610 -0.3736954758 0.0031915595 0.3737294821 0.9275322572
0.9940785896 -0.1085002211 -0.0059548065 0.0984289712 0.9223151908 -0.3736929575 0.0460379770 0.3708940426 0.9275333492
0.9750657167 -0.2218367227 -0.0059427685 0.2036030078 0.9049316367 -0.3736904443 0.0882760627 0.3631627753 0.9275344389
0.9431750309 -0.3322434162 -0.0059307293 0.3060880341 0.8755954784 -0.3736879362 0.1293482763 0.3506378055 0.9275355264
0.8988277142 -0.4382621468 -0.0059186888 0.4045303955 0.8346941692 -0.3736854332 0.1687124752 0.3334845342 0.9275366118
0.8426094654 -0.5384927116 -0.0059066470 0.4976298312 0.7827679190 -0.3736829353 0.2058490709 0.3119294546 0.9275376949
0.7752627638 -0.6316113526 -0.0058946040 0.5841566481 0.7205025589 -0.3736804425 0.2402678870 0.2862571605 0.9275387757
0.6976770639 -0.7163882397 -0.0058825597 0.6629679634 0.6487204833 -0.3736779549 0.2715146293 0.2568065898 0.9275398544
0.6108770480 -0.7917037131 -0.0058705142 0.7330228002 0.5683697879 -0.3736754723 0.2991768818 0.2239665487 0.9275409309
0.5160090930 -0.8565630708 -0.0058584674 0.7933958370 0.4805117467 -0.3736729949 0.3228895504 0.1881705795 0.9275420051
0.4143261303 -0.9101097061 -0.0058464194 0.8432896303 0.3863067952 -0.3736705226 0.3423396810 0.1498912368 0.9275430771
0.3071710981 -0.9516364204 -0.0058343701 0.8820451473 0.2869992030 -0.3736680554 0.3572705902 0.1096338490 0.9275441469
0.1959592050 -0.9805947637 -0.0058223196 0.9091504712 0.1839006394 -0.3736655933 0.3674852524 0.0679298480 0.9275452145
0.0821592395 -0.9966022778 -0.0058102678 0.9242475627 0.0783728489 -0.3736631363 0.3728489000 0.0253297532 0.9275462799
-0.0327258291 -0.9994475478 -0.0057982149 0.9271369898 -0.0281903356 -0.3736606844 0.3732908011 -0.0176040952 0.9275473431
-0.1471786998 -0.9890929939 -0.0057861606 0.9177805621 -0.1343814020 -0.3736582376 0.3688051926 -0.0603049593 0.9275484040
-0.2596877797 -0.9656753682 -0.0057741052 0.8963018356 -0.2387977506 -0.3736557960 0.3594513551 -0.1022091851 0.9275494627
-0.3687671475 -0.9295039482 -0.0057620485 0.8629844808 -0.3400602194 -0.3736533595 0.3453528294 -0.1427636419 0.9275505192
-0.4729761783 -0.8810564524 -0.0057499906 0.8182685370 -0.4368313008 -0.3736509280 0.3266957852 -0.1814330244 0.9275515735
-0.5709385703 -0.8209727311 -0.0057379314 0.7627445996 -0.5278328077 -0.3736485018 0.3037265625 -0.2177069176 0.9275526256
-0.6613605212 -0.7500463155 -0.0057258711 0.6971460203 -0.6118627565 -0.3736460806 0.2767484188 -0.2511065348 0.9275536755
-0.7430478166 -0.6692139379 -0.0057138095 0.6223392209 -0.6878112431 -0.3736436645 0.2461175257 -0.2811910368 0.9275547231
-0.8149216011 -0.5795431599 -0.0057017467 0.5393122494 -0.7546751031 -0.3736412536 0.2122382665 -0.3075633504 0.9275557685
-0.8760326276 -0.4822182731 -0.0056896827 0.4491617304 -0.8115711623 -0.3736388477 0.1755578975 -0.3298754093 0.9275568117
-0.9255737939 -0.3785246580 -0.0056776175 0.3530783802 -0.8577479017 -0.3736364470 0.1365606439 -0.3478327478 0.9275578527
-0.9628908022 -0.2698318078 -0.0056655510 0.2523312804 -0.8925953846 -0.3736340514 0.0957613068 -0.3611983873 0.9275588915
-0.9874908007 -0.1575752414 -0.0056534834 0.1482511149 -0.9156533126 -0.3736316610 0.0536984683 -0.3697959633 0.9275599280
-0.9990488923 -0.0432375443 -0.0056414146 0.0422125946 -0.9266171061 -0.3736292756 0.0109273811 -0.3735120527 0.9275609623
-0.9974124262 0.0716712118 -0.0056293445 -0.0643837003 -0.9253419272 -0.3736268954 -0.0319873609 -0.3722976702 0.9275619944
-0.9826030135 0.1856334132 -0.0056172733 -0.1701298193 -0.9118445933 -0.3736245203 -0.0744792752 -0.3661689139 0.9275630243
-0.9548162422 0.2971439473 -0.0056052009 -0.2736290386 -0.8863033555 -0.3736221503 -0.1159874689 -0.3552067518 0.9275640520
-0.9144190937 0.4047300805 -0.0055931272 -0.3735143088 -0.8490555441 -0.3736197855 -0.1559640415 -0.3395559526 0.9275650774
-0.8619450963 0.5069709093 -0.0055810524 -0.4684663120 -0.8005931137 -0.3736174257 -0.1938813182 -0.3194231730 0.9275661006
-0.7980872788 0.6025161258 -0.0055689764 -0.5572308872 -0.7415561456 -0.3736150711 -0.2292388139 -0.2950742298 0.9275671216
-0.7236890176 0.6901038521 -0.0055568992 -0.6386355961 -0.6727243936 -0.3736127216 -0.2615698400 -0.2668305898 0.9275681404
-0.6397328981 0.7685773052 -0.0055448208 -0.7116052090 -0.5950069853 -0.3736103773 -0.2904476641 -0.2350651260 0.9275691570
-0.5473277377 0.8369000755 -0.0055327413 -0.7751759071 -0.5094304143 -0.3736080380 -0.3154911419 -0.2001971945 0.9275701713
-0.4476939413 0.8941698146 -0.0055206605 -0.8285080128 -0.4171249821 -0.3736057039 -0.3363697484 -0.1626870986 0.9275711834
-0.3421473835 0.9396301525 -0.0055085786 -0.8708970810 -0.3193098693 -0.3736033749 -0.3528079397 -0.1230300121 0.9275721933
-0.2320820298 0.9726806876 -0.0054964956 -0.9017832035 -0.2172770320 -0.3736010511 -0.3645887895 -0.0817494429 0.9275732010
-0.1189515260 0.9928849156 -0.0054844113 -0.9207584050 -0.1123741380 -0.3735987323 -0.3715568518 -0.0393903215 0.9275742064
-0.0042500000 0.9999759953 -0.0054723259 -0.9275720320 -0.0059867662 -0.3735964187 -0.3736202122 0.0034881917 0.9275752097
0.1105076715 0.9938602720 -0.0054602393 -0.9221340638 0.1004798942 -0.3735941102 -0.3707516998 0.0463200879 0.9275762107
0.2238058701 0.9746185152 -0.0054481516 -0.9045163018 0.2056196040 -0.3735918069 -0.3629892454 0.0885399813 0.9275772094
0.3341482524 0.9425048512 -0.0054360627 -0.8749514215 0.3080436478 -0.3735895087 -0.3504353797 0.1295905722 0.9275782060
0.4400775130 0.8979434075 -0.0054239726 -0.8338298996 0.4063991768 -0.3735872156 -0.3332558794 0.1689300032 0.9275792003
0.5401946305 0.8415227107 -0.0054118814 -0.7816948567 0.4993870772 -0.3735849276 -0.3116775774 0.2060390118 0.9275801924
0.6331773454 0.7739879143 -0.0053997890 -0.7192348840 0.5857791300 -0.3735826448 -0.2859853684 0.2404277839 0.9275811823
0.7177976227 0.6962309571 -0.0053876955 -0.6472749486 0.6644342332 -0.3735803671 -0.2565184472 0.2716424197 0.9275821700
0.7929378710 0.6092787832 -0.0053756008 -0.5667654972 0.7343134742 -0.3735780945 -0.2236658307 0.2992709240 0.9275831554
0.8576057028 0.5142797793 -0.0053635050 -0.4787699028 0.7944938525 -0.3735758271 -0.1878612221 0.3229486445 0.9275841386
0.9109470407 0.4124886078 -0.0053514081 -0.3844504192 0.8441804706 -0.3735735648 -0.1495772855 0.3423630844 0.9275851196
0.9522573977 0.3052496361 -0.0053393100 -0.2850528303 0.8827170340 -0.3735713076 -0.1093194058 0.3572580267 0.9275860984
0.9809911814 0.1939791816 -0.0053272107 -0.1818899955 0.9095945197 -0.3735690556 -0.0676190180 0.3674369155 0.9275870749
0.9967688995 0.0801468061 -0.0053151104 -0.0763245091 0.9244578999 -0.3735668087 -0.0250265908 0.3727654500 0.9275880492
0.9993821722 -0.0347440926 -0.0053030089 0.0302492972 0.9271108318 -0.3735645669 0.0178956389 0.3731733560 0.9275890213
0.9887964839 -0.1491761366 -0.0052909063 0.1364237705 0.9175182506 -0.3735623303 0.0605810883 0.3686553133 0.9275899912
0.9651516394 -0.2616380081 -0.0052788025 0.2407965300 0.8958068339 -0.3735600988 0.1024663075 0.3592710244 0.9275909588
0.9287599172 -0.3706444092 -0.0052666977 0.3419889894 0.8622633282 -0.3735578724 0.1429984172 0.3451444260 0.9275919242
0.8801019457 -0.4747556786 -0.0052545917 0.4386645660 0.8173307617 -0.3735556512 0.1816424061 0.3264620523 0.9275928874
0.8198203551 -0.5725968056 -0.0052424846 0.5295463347 0.7616025936 -0.3735534351 0.2178881935 0.3034705713 0.9275938483
0.7487112900 -0.6628755897 -0.0052303763 0.6134338941 0.6958148751 -0.3735512241 0.2512573616 0.2764735288 0.9275948071
0.6677138952 -0.7443997071 -0.0052182670 0.6892192220 0.6208365284 -0.3735490183 0.2813094706 0.2458273401 0.9275957636
0.5778979118 -0.8160924577 -0.0052061565 0.7559013102 0.5376578692 -0.3735468176 0.3076478715 0.2119365853 0.9275967178
0.4804495493 -0.8770069854 -0.0051940450 0.8125993867 0.4473775274 -0.3735446221 0.3299249420 0.1752486675 0.9275976699
0.3766558191 -0.9263387834 -0.0051819323 0.8585645494 0.3511879358 -0.3735424317 0.3478466738 0.1362479072 0.9275986197
0.2678875367 -0.9634363189 -0.0051698186 0.8931896578 0.2503595804 -0.3735402465 0.3611765536 0.0954491480 0.9275995673
0.1555812175 -0.9878096390 -0.0051577037 0.9160173528 0.1462242197 -0.3735380663 0.3697386836 0.0533909611 0.9276005127
0.0412201043 -0.9991368404 -0.0051455877 0.9267460977 0.0401572946 -0.3735358914 0.3734201032 0.0106285350 0.9276014558
-0.0736854222 -0.9972683220 -0.0051334707 0.9252341615 -0.0664402388 -0.3735337215 0.3721722786 -0.0322736524 0.9276023967
-0.1876177908 -0.9822287597 -0.0051213525 0.9115014910 -0.1721604133 -0.3735315568 0.3660117436 -0.0747492859 0.9276033354
-0.2990722826 -0.9542167812 -0.0051092333 0.8857294479 -0.2756068475 -0.3735293973 0.3550198795 -0.1162376878 0.9276042718
-0.4065769044 -0.9136023425 -0.0050971130 0.8482584135 -0.3754131895 -0.3735272429 0.3393418406 -0.1561912191 0.9276052060
-0.5087118291 -0.8609218419 -0.0050849916 0.7995832928 -0.4702611640 -0.3735250936 0.3191846375 -0.1940825079 0.9276061380
-0.6041281476 -0.7968710356 -0.0050728691 0.7403469788 -0.5588979847 -0.3735229495 0.2948144032 -0.2294114108 0.9276070678
-0.6915656841 -0.7222958489 -0.0050607455 0.6713318603 -0.6401529016 -0.3735208105 0.2665528800 -0.2617116145 0.9276079953
-0.7698696396 -0.6381812042 -0.0050486208 0.5934494891 -0.7129526647 -0.3735186766 0.2347731712 -0.2905567904 0.9276089206
-0.8380058430 -0.5456380126 -0.0050364951 0.5077285393 -0.7763356998 -0.3735165479 0.1998948159 -0.3155662219 0.9276098437
-0.8950744099 -0.4458885022 -0.0050243683 0.4153012214 -0.8294648096 -0.3735144244 0.1623782505 -0.3364098293 0.9276107645
-0.9403216275 -0.3402500761 -0.0050122405 0.3173883270 -0.8716382318 -0.3735123060 0.1227187301 -0.3528125261 0.9276116832
-0.9731499088 -0.2301179131 -0.0050001115 0.2152831054 -0.9022989086 -0.3735101927 0.0814397909 -0.3645578495 0.9276125995
-0.9931256851 -0.1169465414 -0.0049879815 0.1103341815 -0.9210418444 -0.3735080846 0.0390863390 -0.3714908173 0.9276135137
-0.9999851325 -0.0022306288 -0.0049758505 0.0039277430 -0.9276194556 -0.3735059817 -0.0037825425 -0.3735199724 0.9276144256
-0.9936376557 0.1125147579 -0.0049637184 -0.1025307686 -0.9219448412 -0.3735038838 -0.0466009736 -0.3706185897 0.9276153353
-0.9741670850 0.2257741624 -0.0049515852 -0.2076352212 -0.9040929305 -0.3735017912 -0.0888037472 -0.3628250277 0.9276162427
-0.9418305690 0.3360517538 -0.0049394510 -0.3099973651 -0.8742994939 -0.3734997037 -0.1298337899 -0.3502422216 0.9276171480
-0.8970551784 0.4418910821 -0.0049273157 -0.4082651692 -0.8329580293 -0.3734976213 -0.1691495152 -0.3330363239 0.9276180510
-0.8404322658 0.5418943140 -0.0049151794 -0.5011406790 -0.7806145646 -0.3734955441 -0.2062319722 -0.3114345101 0.9276189517
-0.7727096555 0.6347406939 -0.0049030420 -0.5873971605 -0.7179604461 -0.3734934720 -0.2405916958 -0.2857219791 0.9276198502
-0.6947817668 0.7192039874 -0.0048909036 -0.6658953034 -0.6458232074 -0.3734914051 -0.2717751668 -0.2562381886 0.9276207465
-0.6076778017 0.7941686766 -0.0048787641 -0.7355982696 -0.5651556389 -0.3734893433 -0.2993707986 -0.2233723727 0.9276216406
-0.5125481517 0.8586446926 -0.0048666236 -0.7955853881 -0.4770232038 -0.3734872867 -0.3230143689 -0.1875584038 0.9276225324
-0.4106492047 0.9117804915 -0.0048544821 -0.8450643156 -0.3825899652 -0.3734852352 -0.3423938275 -0.1492690652 0.9276234220
-0.3033267517 0.9528743010 -0.0048423396 -0.8833815028 -0.2831032109 -0.3734831889 -0.3572534144 -0.1090098093 0.9276243094
-0.1919982128 0.9813833886 -0.0048301960 -0.9100308262 -0.1798769792 -0.3734811477 -0.3673970354 -0.0673120857 0.9276251945
-0.0781339171 0.9969312300 -0.0048180513 -0.9246602736 -0.0742747027 -0.3734791117 -0.3726908496 -0.0247263253 0.9276260774
0.0367623162 0.9993124813 -0.0048059057 -0.9270765942 0.0323088002 -0.3734770809 -0.3730650353 0.0181853252 0.9276269581
0.1511730385 0.9884956916 -0.0047937590 -0.9172478508 0.1384657480 -0.3734750551 -0.3685147115 0.0608564241 0.9276278365
0.2635872136 0.9646237178 -0.0047816114 -0.8953038425 0.2427939910 -0.3734730346 -0.3591000006 0.1027237116 0.9276287127
0.3725201734 0.9280118386 -0.0047694627 -0.8615343901 0.3439155310 -0.3734710192 -0.3449452349 0.1432345449 0.9276295867
0.4765332266 0.8791435900 -0.0047573129 -0.8163855087 0.4404947225 -0.3734690090 -0.3262373141 0.1818541932 0.9276304584
0.5742526597 0.8186643795 -0.0047451622 -0.7604535167 0.5312559138 -0.3734670039 -0.3032232375 0.2180728956 0.9276313279
0.6643878794 0.7473729620 -0.0047330105 -0.6944771597 0.6150002971 -0.3734650039 -0.2762068433 0.2514125897 0.9276321951
0.7457484580 0.6662108907 -0.0047208577 -0.6193278534 0.6906217422 -0.3734630092 -0.2455447970 0.2814332219 0.9276330602
0.8172598555 0.5762500817 -0.0047087040 -0.5359981737 0.7571214068 -0.3734610195 -0.2116418825 0.3077385556 0.9276339229
0.8779776109 0.4786786576 -0.0046965492 -0.4455887468 0.8136209301 -0.3734590351 -0.1749456588 0.3299814009 0.9276347835
0.9270998161 0.3747852550 -0.0046843935 -0.3492937121 0.8593740339 -0.3734570558 -0.1359405518 0.3478681969 0.9276356418
0.9639777070 0.2659420061 -0.0046722367 -0.2483849497 0.8937763807 -0.3734550816 -0.0951414588 0.3611628865 0.9276364979
0.9881242312 0.1535864164 -0.0046600790 -0.1441952813 0.9163735557 -0.3734531126 -0.0530869521 0.3696900312 0.9276373517
0.9992204813 0.0392023794 -0.0046479203 -0.0381008660 0.9268670689 -0.3734511488 -0.0103321694 0.3733371265 0.9276382033
0.9971199062 -0.0756994211 -0.0046357606 0.0684969764 0.9251182987 -0.3734491901 0.0325585144 0.3720560859 0.9276390527
0.9818502470 -0.1896014632 -0.0046235998 0.1741902742 0.9111503223 -0.3734472366 0.0750189370 0.3658638754 0.9276398998
0.9536131703 -0.3009994286 -0.0046114382 0.2775830009 0.8851476116 -0.3734452883 0.1164886219 0.3548422885 0.9276407447
0.9127816053 -0.4084220705 -0.0045992755 0.3773095139 0.8474535968 -0.3734433451 0.1564201768 0.3391368656 0.9276415874
0.8598948180 -0.5104506444 -0.0045871118 0.4720525929 0.7985661307 -0.3734414071 0.1942865190 0.3189549727 0.9276424278
0.7956512893 -0.6057376460 -0.0045749472 0.5605608378 0.7391309128 -0.3734394742 0.2295878329 0.2945630629 0.9276432660
0.7208994899 -0.6930246074 -0.0045627816 0.6416651976 0.6699329616 -0.3734375465 0.2618581668 0.2662831586 0.9276441020
0.6366266750 -0.7711587182 -0.0045506151 0.7142944122 0.5918862454 -0.3734356239 0.2906715835 0.2344886007 0.9276449357
0.5439458446 -0.8391080506 -0.0045384475 0.7774891612 0.5060216112 -0.3734337066 0.3156477821 0.1995991192 0.9276457671
0.4440810450 -0.8959751884 -0.0045262790 0.8304147360 0.4134731687 -0.3734317943 0.3364571172 0.1620752927 0.9276465964
0.3383512020 -0.9410090791 -0.0045141096 0.8723720643 0.3154633112 -0.3734298873 0.3528249503 0.1224124681 0.9276474234
0.2281527017 -0.9736149533 -0.0045019391 0.9028069444 0.2132865697 -0.3734279854 0.3645352737 0.0811342218 0.9276482481
0.1149409488 -0.9933621798 -0.0044897678 0.9213173653 0.1082925148 -0.3734260887 0.3714335617 0.0387854479 0.9276490707
0.0002111444 -0.9999899532 -0.0044775954 0.9276588165 0.0018679312 -0.3734241971 0.3734288092 -0.0040748345 0.9276498909
-0.1145214612 -0.9934107383 -0.0044654221 0.9217475185 -0.1045814993 -0.3734223107 0.3704947328 -0.0468808605 0.9276507090
-0.2277415804 -0.9737114260 -0.0044532479 0.9036615291 -0.2096497644 -0.3734204295 0.3626701165 -0.0890675876 0.9276515248
-0.3379539012 -0.9411521862 -0.0044410727 0.8736397128 -0.3119490923 -0.3734185534 0.3500582993 -0.1300781544 0.9276523384
-0.4437028356 -0.8961630312 -0.0044288966 0.8320785862 -0.4101282818 -0.3734166825 0.3328258103 -0.1693712309 0.9276531497
-0.5435917440 -0.8393381371 -0.0044167195 0.7795270810 -0.5028905494 -0.3734148168 0.3112001702 -0.2064281640 0.9276539588
-0.6363013808 -0.7714279958 -0.0044045415 0.7166792933 -0.5890106576 -0.3734129562 0.2854668865 -0.2407598234 0.9276547656
-0.7206073178 -0.6933295037 -0.0043923626 0.6443653168 -0.6673510982 -0.3734111008 0.2559656852 -0.2719130579 0.9276555702
-0.7953961152 -0.6060741159 -0.0043801827 0.5635402784 -0.7368771174 -0.3734092505 0.2230860250 -0.2994766766 0.9276563726
-0.8596800271 -0.5108142241 -0.0043680019 0.4752717230 -0.7966703828 -0.3734074055 0.1872619564 -0.3230868763 0.9276571727
-0.9126100471 -0.4088079364 -0.0043558202 0.3807255130 -0.8459411134 -0.3734055656 0.1489663913 -0.3424320426 0.9276579706
-0.9534871205 -0.3014024616 -0.0043436375 0.2811504299 -0.8840385113 -0.3734037309 0.1087048608 -0.3572568637 0.9276587662
-0.9817713777 -0.1900163163 -0.0043314539 0.1778616799 -0.9104593582 -0.3734019013 0.0670088410 -0.3673656987 0.9276595597
-0.9970892636 -0.0761205905 -0.0043192694 0.0722235222 -0.9248546618 -0.3734000769 0.0244287379 -0.3726251606 0.9276603508
-0.9992384717 0.0387804812 -0.0043070840 -0.0343687500 -0.9270342659 -0.3733982577 -0.0184733785 -0.3729658752 0.9276611397
-0.9881906157 0.1531693864 -0.0042948976 -0.1405072391 -0.9169693624 -0.3733964436 -0.0611311937 -0.3683833973 0.9276619264
-0.9640916046 0.2655353769 -0.0042827104 -0.2447900389 -0.8947928719 -0.3733946348 -0.1029816238 -0.3589382677 0.9276627109
-0.9272597155 0.3743944211 -0.0042705222 -0.3458397517 -0.8607976881 -0.3733928311 -0.1434722485 -0.3447552140 0.9276634931
-0.8781813905 0.4783088039 -0.0042583331 -0.4423216807 -0.8154328100 -0.3733910325 -0.1820686027 -0.3260215031 0.9276642730
-0.8175048117 0.5759061149 -0.0042461432 -0.5329614598 -0.7592974111 -0.3733892392 -0.2182612316 -0.3029844690 0.9276650507
-0.7460313408 0.6658973736 -0.0042339523 -0.6165618856 -0.6931329257 -0.3733874510 -0.2515724147 -0.2759482471 0.9276658262
-0.6647049356 0.7470940539 -0.0042217605 -0.6920187303 -0.6178132565 -0.3733856679 -0.2815624719 -0.2452697590 0.9276665994
-0.5745996828 0.8184237803 -0.0042095678 -0.7583353271 -0.5343332315 -0.3733838901 -0.3078355668 -0.2113540008 0.9276673704
-0.4769056126 0.8789444913 -0.0041973742 -0.8146357347 -0.4437954643 -0.3733821174 -0.3300449309 -0.1746486964 0.9276681392
-0.3729129818 0.9278568814 -0.0041851798 -0.8601763067 -0.3473957910 -0.3733803499 -0.3478974409 -0.1356383871 0.9276689057
-0.2639952330 0.9645149574 -0.0041729844 -0.8943555146 -0.2464074753 -0.3733785876 -0.3611574871 -0.0948380356 0.9276696699
-0.1515908559 0.9884345705 -0.0041607882 -0.9167218927 -0.1421643905 -0.3733768305 -0.3696500830 -0.0527862277 0.9276704320
-0.0371843884 0.9992998101 -0.0041485911 -0.9269800019 -0.0360434022 -0.3733750785 -0.3732631744 -0.0100380630 0.9276711917
0.0777131895 0.9969671762 -0.0041363930 -0.9249943318 0.0705538182 -0.3733733317 -0.3719491178 0.0328421726 0.9276719493
0.1915844114 0.9814674749 -0.0041241942 -0.9107910911 0.1762193069 -0.3733715901 -0.3657253091 0.0752884556 0.9276727045
0.3029253662 0.9530054113 -0.0041119944 -0.8845578613 0.2795574045 -0.3733698536 -0.3546739524 0.1167404966 0.9276734576
0.4102655599 0.9119568861 -0.0040997938 -0.8466411197 0.3792031904 -0.3733681223 -0.3389409753 0.1566511357 0.9276742084
0.5121873370 0.8588640308 -0.0040875922 -0.7975416632 0.4738405108 -0.3733663962 -0.3187341012 0.1944935653 0.9276749569
0.6073446037 0.7944280481 -0.0040753899 -0.7379079935 0.5622193631 -0.3733646753 -0.2943201072 0.2297682835 0.9276757033
0.6944806055 0.7194999507 -0.0040631866 -0.6685277524 0.6431724066 -0.3733629596 -0.2660213015 0.2620096873 0.9276764473
0.7724445258 0.6350693222 -0.0040509825 -0.5903173180 0.7156303807 -0.3733612490 -0.2342112692 0.2907922181 0.9276771891
0.8402066848 0.5422512473 -0.0040387775 -0.5043097013 0.7786362285 -0.3733595436 -0.1993099397 0.3157359791 0.9276779287
0.8968721381 0.4422715847 -0.0040265717 -0.4116409024 0.8313577378 -0.3733578434 -0.1617780435 0.3365117489 0.9276786661
0.9416924972 0.3364507774 -0.0040143650 -0.3135349056 0.8730985336 -0.3733561484 -0.1221110301 0.3528453273 0.9276794011
0.9740758129 0.2261864131 -0.0040021575 -0.2112875131 0.9033072761 -0.3733544586 -0.0808325278 0.3645211536 0.9276801340
0.9935943935 0.1129347665 -0.0039899491 -0.1062492297 0.9215849431 -0.3733527739 -0.0384874313 0.3713851520 0.9276808646
0.9999904535 -0.0018084344 -0.0039777399 0.0001925750 0.9276901008 -0.3733510944 0.0043652909 0.3733467642 0.9276815929
0.9931795181 -0.1165277624 -0.0039655298 0.1066319913 0.9215420929 -0.3733494201 0.0471599751 0.3703801448 0.9276823190
0.9732515388 -0.2297081050 -0.0039533189 0.2116631389 0.9032221058 -0.3733477510 0.0893317294 0.3625245013 0.9276830429
0.9404697056 -0.3398546757 -0.0039411071 0.3138987363 0.8729720973 -0.3733460870 0.1303238899 0.3498835760 0.9276837645
0.8952669709 -0.4455127548 -0.0039288945 0.4119884243 0.8311916001 -0.3733444283 0.1695953688 0.3326242763 0.9276844839
0.8382403315 -0.5452869026 -0.0039166811 0.5046366021 0.7784324456 -0.3733427747 0.2066277969 0.3109744706 0.9276852010
0.7701429443 -0.6378593893 -0.0039044668 0.5906195399 0.7153914750 -0.3733411263 0.2409323651 0.2852199798 0.9276859159
0.6918741785 -0.7220075980 -0.0038922517 0.6688015425 0.6429013355 -0.3733394831 0.2720562773 0.2557008042 0.9276866285
0.6044677384 -0.7966201721 -0.0038800358 0.7381499499 0.5619194826 -0.3733378451 0.2995887261 0.2228066346 0.9276873389
0.5090780107 -0.8607116933 -0.0038678190 0.7977487771 0.4735155343 -0.3733362122 0.3231663158 0.1869717083 0.9276880470
0.4069648184 -0.9134356961 -0.0038556015 0.8468108131 0.3788571430 -0.3733345845 0.3424778583 0.1486690764 0.9276887529
0.2994767824 -0.9540958470 -0.0038433831 0.8846880183 0.2791945731 -0.3733329621 0.3572684804 0.1084043593 0.9276894566
0.1880335097 -0.9821551412 -0.0038311639 0.9108800847 0.1758441875 -0.3733313448 0.3673429875 0.0667090722 0.9276901580
0.0741068450 -0.9972429951 -0.0038189439 0.9250410439 0.0701710606 -0.3733297327 0.3725684401 0.0241336088 0.9276908571
-0.0407985685 -0.9991601402 -0.0038067230 0.9269838373 -0.0364290521 -0.3733281257 0.3728759071 -0.0187600238 0.9276915540
-0.1551651610 -0.9878812553 -0.0037945014 0.9166827869 -0.1425481488 -0.3733265240 0.3682613760 -0.0614056243 0.9276922487
-0.2674824790 -0.9635553009 -0.0037822790 0.8942739344 -0.2467845796 -0.3733249274 0.3587858047 -0.1032402705 0.9276929411
-0.3762671336 -0.9265035515 -0.0037700557 0.8600532453 -0.3477615591 -0.3733233361 0.3445743163 -0.1437117502 0.9276936312
-0.4800823921 -0.8772153530 -0.0037578317 0.8144726991 -0.4441453517 -0.3733217499 0.3258145471 -0.1822858500 0.9276943191
-0.5775571534 -0.8163416594 -0.0037456068 0.7581343202 -0.5346628882 -0.3733201689 0.3027541692 -0.2184534071 0.9276950048
-0.6674040558 -0.7446864362 -0.0037333812 0.6917822262 -0.6181185805 -0.3733185931 0.2756976204 -0.2517370298 0.9276956882
-0.7484364793 -0.6631960415 -0.0037211547 0.6162927995 -0.6934101139 -0.3733170225 0.2450020852 -0.2816973988 0.9276963694
-0.8195842181 -0.5729467282 -0.0037089275 0.5326631122 -0.7595430063 -0.3733154570 0.2110727797 -0.3079390658 0.9276970483
-0.8799076144 -0.4751304291 -0.0036966995 0.4419977565 -0.8156437443 -0.3733138968 0.1743576021 -0.3301156732 0.9276977250
-0.9286099686 -0.3710390154 -0.0036844707 0.3454942552 -0.8609713207 -0.3733123417 0.1353412201 -0.3479345254 0.9276983994
-0.9650480618 -0.2620472346 -0.0036722411 0.2444272445 -0.8949270221 -0.3733107919 0.0945386729 -0.3611604519 0.9276990715
-0.9887406504 -0.1495945541 -0.0036600107 0.1401316383 -0.9170623370 -0.3733092472 0.0524885724 -0.3696189112 0.9276997415
-0.9993748224 -0.0351661499 -0.0036477796 0.0339849968 -0.9270848803 -0.3733077077 0.0097459935 -0.3731982938 0.9277004091
-0.9968101298 0.0797267082 -0.0036355477 -0.0726106693 -0.9248622555 -0.3733061734 -0.0331248532 -0.3718513956 0.9277010745
-0.9810804435 0.1935666161 -0.0036233150 -0.1782474165 -0.9104238030 -0.3733046443 -0.0755580690 -0.3655960395 0.9277017377
-0.9523935065 0.3048500762 -0.0036110815 -0.2815299649 -0.8839602136 -0.3733031204 -0.1169935371 -0.3545148401 0.9277023986
-0.9111281892 0.4121073539 -0.0035988473 -0.3810941278 -0.8458210094 -0.3733016016 -0.1568843159 -0.3387541127 0.9277030573
