1996
49863
-0.9257166874 0.3779226727 0.0149354664 -0.3491560564 -0.8387394886 -0.4178589697 -0.1453914132 -0.3920338298 0.9083891310
-0.8762438811 0.4816366867 0.0149252418 -0.4430758127 -0.7931408452 -0.4178653179 -0.1894214483 -0.3727649416 0.9083863788
-0.8151984178 0.5789897080 0.0149150139 -0.5311437032 -0.7370682742 -0.4178716617 -0.2309500078 -0.3485703332 0.9083836286
-0.7433865276 0.6686959832 0.0149047829 -0.6121967413 -0.6712623377 -0.4178780012 -0.2694283215 -0.3197695358 0.9083808802
-0.6617566341 0.7495707502 0.0148945487 -0.6851645860 -0.5965921316 -0.4178843363 -0.3043479049 -0.2867429492 0.9083781337
-0.5713868286 0.8205458850 0.0148843113 -0.7490836761 -0.5140438079 -0.4178906671 -0.3352472793 -0.2499268176 0.9083753891
-0.4734706315 0.8806840087 0.0148740707 -0.8031099547 -0.4247075504 -0.4178969936 -0.3617180694 -0.2098074677 0.9083726464
-0.3693012298 0.9291908676 0.0148638269 -0.8465300146 -0.3297631774 -0.4179033157 -0.3834104017 -0.1669148840 0.9083699056
-0.2602543973 0.9654258231 0.0148535799 -0.8787705189 -0.2304645601 -0.4179096335 -0.4000375281 -0.1218157079 0.9083671666
-0.1477703251 0.9889103127 0.0148433297 -0.8994057715 -0.1281230638 -0.4179159469 -0.4113796168 -0.0751057518 0.9083644296
-0.0333346009 0.9993341704 0.0148330764 -0.9081633382 -0.0240902297 -0.4179222559 -0.4172866587 -0.0274021278 0.9083616944
0.0815414117 0.9965597233 0.0148228199 -0.9049276428 0.0802600741 -0.4179285607 -0.4176804514 0.0206649054 0.9083589611
0.1953405337 0.9806236097 0.0148125602 -0.8897414930 0.1835497958 -0.4179348610 -0.4125556344 0.0684602694 0.9083562297
0.3065598081 0.9517362954 0.0148022973 -0.8628055138 0.2844148987 -0.4179411570 -0.4019797624 0.1153524572 0.9083535002
0.4137303499 0.9102792942 0.0147920312 -0.8244754971 0.3815233740 -0.4179474487 -0.3860924142 0.1607218769 0.9083507725
0.5154367455 0.8568001289 0.0147817620 -0.7752577018 0.4735928319 -0.4179537360 -0.3651033514 0.2039690386 0.9083480468
0.6103357465 0.7920051008 0.0147714896 -0.7158021678 0.5594074357 -0.4179600189 -0.3392897480 0.2445224758 0.9083453229
0.6971740100 0.7167499608 0.0147612141 -0.6468941301 0.6378339585 -0.4179662975 -0.3089925309 0.2818462969 0.9083426010
0.7748046518 0.6320286081 0.0147509354 -0.5694436484 0.7078367472 -0.4179725717 -0.2746118768 0.3154472664 0.9083398809
0.8422023932 0.5389599634 0.0147406535 -0.4844735878 0.7684913992 -0.4179788415 -0.2366019265 0.3448813234 0.9083371627
0.8984771021 0.4387731910 0.0147303685 -0.3931061107 0.8189969695 -0.4179851070 -0.1954647863 0.3697594499 0.9083344464
0.9428855495 0.3327914659 0.0147200803 -0.2965478560 0.8586865466 -0.4179913682 -0.1517438950 0.3897528126 0.9083317320
0.9748412247 0.2224144977 0.0147097889 -0.1960740046 0.8870360592 -0.4179976249 -0.1060168450 0.4045971094 0.9083290195
0.9939220820 0.1091000450 0.0146994944 -0.0930114384 0.9036711962 -0.4180038773 -0.0588877515 0.4140960629 0.9083263089
0.9998761147 -0.0056553376 0.0146891968 0.0112787826 0.9083723489 -0.4180101253 -0.0109792718 0.4181240163 0.9083236002
0.9926246831 -0.1203360645 0.0146788960 0.1154193947 0.9010775097 -0.4180163690 0.0370756217 0.4166275951 0.9083208933
0.9722635538 -0.2334275355 0.0146685920 0.2180351189 0.8818830908 -0.4180226083 0.0846420040 0.4096264149 0.9083181884
0.9390616342 -0.3434361395 0.0146582849 0.3177708225 0.8510426491 -0.4180288432 0.1310913865 0.3972128239 0.9083154854
0.8934574214 -0.4489089807 0.0146479747 0.4133094150 0.8089635373 -0.4180350737 0.1758100214 0.3795506849 0.9083127842
0.8360532113 -0.5484530671 0.0146376613 0.5033892412 0.7562015230 -0.4180412999 0.2182070113 0.3568732125 0.9083100850
0.7676071434 -0.6407537078 0.0146273448 0.5868207425 0.6934534489 -0.4180475217 0.2577221168 0.3294798933 0.9083073876
0.6890231887 -0.7245918768 0.0146170252 0.6625021655 0.6215480286 -0.4180537391 0.2938331602 0.2977325312 0.9083046922
0.6013392104 -0.7988603121 0.0146067024 0.7294341113 0.5414349026 -0.4180599521 0.3260629253 0.2620504685 0.9083019986
0.5057132571 -0.8625781399 0.0145963765 0.7867327327 0.4541720958 -0.4180661608 0.3539854644 0.2229050470 0.9082993070
0.4034082679 -0.9149038291 0.0145860475 0.8336414057 0.3609120452 -0.4180723650 0.3772317274 0.1808133818 0.9082966172
0.2957753935 -0.9551463056 0.0145757153 0.8695407206 0.2628863800 -0.4180785649 0.3954944397 0.1363315301 0.9082939293
0.1842361506 -0.9827740791 0.0145653801 0.8939566612 0.1613896561 -0.4180847604 0.4085321637 0.0900471454 0.9082912434
0.0702636482 -0.9974222629 0.0145550417 0.9065668633 0.0577622599 -0.4180909515 0.4161724909 0.0425717140 0.9082885593
-0.0446368678 -0.9988973930 0.0145447001 0.9072048713 -0.0466272930 -0.4180971382 0.4183143214 -0.0054675239 0.9082858772
-0.1589478949 -0.9871799832 0.0145343555 0.8958623353 -0.1504004307 -0.4181033206 0.4149292023 -0.0534358610 0.9082831969
-0.2711597153 -0.9624247825 0.0145240077 0.8726891201 -0.2521867302 -0.4181094985 0.4060617052 -0.1006995091 0.9082805186
-0.3797903354 -0.9249587314 0.0145136569 0.8379913255 -0.3506420157 -0.4181156721 0.3918288395 -0.1466339728 0.9082778421
-0.4834050584 -0.8752766441 0.0145033029 0.7922272426 -0.4444661088 -0.4181218412 0.3724185086 -0.1906323014 0.9082751676
-0.5806354323 -0.8140346733 0.0144929458 0.7360013010 -0.5324199992 -0.4181280060 0.3480870289 -0.2321131086 0.9082724950
-0.6701973237 -0.7420416444 0.0144825856 0.6700560853 -0.6133422058 -0.4181341664 0.3191557454 -0.2705282546 0.9082698242
-0.7509078772 -0.6602483735 0.0144722223 0.5952625282 -0.6861641154 -0.4181403224 0.2860067874 -0.3053700902 0.9082671554
-0.8217011375 -0.5697351099 0.0144618559 0.5126084080 -0.7499240938 -0.4181464739 0.2490780215 -0.3361781643 0.9082644885
-0.8816421276 -0.4716972688 0.0144514864 0.4231853028 -0.8037801844 -0.4181526211 0.2088572677 -0.3625453099 0.9082618235
-0.9299391975 -0.3674296438 0.0144411138 0.3281741755 -0.8470212269 -0.4181587639 0.1658758556 -0.3841230247 0.9082591604
-0.9659544793 -0.2583093064 0.0144307381 0.2288297763 -0.8790762470 -0.4181649023 0.1207016050 -0.4006260778 0.9082564992
-0.9892123116 -0.1457774185 0.0144203594 0.1264640730 -0.8995219968 -0.4181710362 0.0739313246 -0.4118362800 0.9082538399
-0.9994055221 -0.0313201994 0.0144099775 0.0224289242 -0.9080885427 -0.4181771658 0.0261829277 -0.4176053685 0.9082511825
-0.9963994840 0.0835507032 0.0143995925 -0.0819017732 -0.9046628293 -0.4181832910 -0.0219127319 -0.4178569675 0.9082485270
-0.9802338943 0.1973181775 0.0143892045 -0.1851502278 -0.8892901715 -0.4181894117 -0.0697201945 -0.4125876001 0.9082458735
-0.9511222498 0.3084796845 0.0143788133 -0.2859529493 -0.8621736548 -0.4181955281 -0.1166077905 -0.4018667356 0.9082432218
-0.9094490268 0.4155671018 0.0143684191 -0.3829787539 -0.8236714529 -0.4182016400 -0.1619559869 -0.3858358738 0.9082405721
-0.8557646043 0.5171661138 0.0143580218 -0.4749463441 -0.7742920961 -0.4182077476 -0.2051655727 -0.3647066776 0.9082379243
-0.7907779943 0.6119348899 0.0143476215 -0.5606412292 -0.7146877551 -0.4182138507 -0.2456655773 -0.3387581782 0.9082352784
-0.7153474782 0.6986218073 0.0143372180 -0.6389317632 -0.6456456272 -0.4182199494 -0.2829208147 -0.3083330901 0.9082326344
-0.6304692716 0.7760819803 0.0143268115 -0.7087840888 -0.5680775404 -0.4182260437 -0.3164389563 -0.2738332851 0.9082299923
-0.5372643667 0.8432923816 0.0143164019 -0.7692757901 -0.4830079101 -0.4182321335 -0.3457770366 -0.2357144838 0.9082273521
-0.4369637280 0.8993653535 0.0143059893 -0.8196080730 -0.3915602110 -0.4182382190 -0.3705473075 -0.1944802357 0.9082247139
-0.3308920342 0.9435603310 0.0142955735 -0.8591163135 -0.2949421391 -0.4182443000 -0.3904223631 -0.1506752677 0.9082220775
-0.2204501833 0.9752936230 0.0142851548 -0.8872788337 -0.1944296628 -0.4182503766 -0.4051394673 -0.1048782877 0.9082194431
-0.1070967911 0.9941461207 0.0142747329 -0.9037237903 -0.0913501718 -0.4182564488 -0.4145040268 -0.0576943393 0.9082168106
0.0076710734 0.9998688335 0.0142643080 -0.9082340842 0.0129350523 -0.4182625166 -0.4183921641 -0.0097468083 0.9082141800
0.1223376595 0.9923861768 0.0142538800 -0.9007502263 0.1170488136 -0.4182685800 -0.4167523567 0.0383308134 0.9082115513
0.2353885537 0.9717969711 0.0142434490 -0.8813711227 0.2196161891 -0.4182746389 -0.4096061191 0.0859032976 0.9082089246
0.3453306807 0.9383731360 0.0142330149 -0.8503527669 0.3192826858 -0.4182806934 -0.3970477212 0.1323420729 0.9082062997
0.4507120224 0.8925560997 0.0142225778 -0.8081048584 0.4147321282 -0.4182867434 -0.3792429443 0.1770335298 0.9082036768
0.5501407952 0.8349509690 0.0142121376 -0.7551853915 0.5047040391 -0.4182927891 -0.3564268928 0.2193871289 0.9082010558
0.6423038311 0.7663185372 0.0142016944 -0.6922932854 0.5880102853 -0.4182988303 -0.3289008901 0.2588432036 0.9081984367
0.7259839213 0.6875652366 0.0141912482 -0.6202591532 0.6635507675 -0.4183048671 -0.2970284985 0.2948803561 0.9081958196
0.8000758915 0.5997311672 0.0141807989 -0.5400343323 0.7303279478 -0.4183108994 -0.2612307177 0.3270223475 0.9081932043
0.8636011984 0.5039763599 0.0141703465 -0.4526783202 0.7874600223 -0.4183169273 -0.2219804237 0.3548443911 0.9081905910
0.9157208537 0.4015654561 0.0141598911 -0.3593447821 0.8341925656 -0.4183229508 -0.1797961225 0.3779787666 0.9081879796
0.9557465042 0.2938510052 0.0141494327 -0.2612663152 0.8699084926 -0.4183289698 -0.1352351000 0.3961196804 0.9081853701
0.9831495233 0.1822556016 0.0141389713 -0.1597381704 0.8941362076 -0.4183349844 -0.0888860604 0.4090273071 0.9081827626
0.9975679927 0.0682530962 0.0141285068 -0.0561011471 0.9065558303 -0.4183409946 -0.0413613483 0.4165309608 0.9081801570
0.9988114824 -0.0466508688 0.0141180393 0.0482761140 0.9070034201 -0.4183470003 0.0067111411 0.4185313516 0.9081775533
0.9868635655 -0.1609387451 0.0141075688 0.1520152049 0.8954731395 -0.4183530016 0.0546962582 0.4150018997 0.9081749515
0.9618820353 -0.2731011205 0.0140970952 0.2537461537 0.8721173304 -0.4183589984 0.1019599902 0.4059890886 0.9081723517
0.9241968218 -0.3816566544 0.0140866186 0.3521255166 0.8372445013 -0.4183649908 0.1478778387 0.3916118527 0.9081697538
0.8743056335 -0.4851716412 0.0140761390 0.4458541189 0.7913152525 -0.4183709788 0.1918430709 0.3720600082 0.9081671578
0.8128673851 -0.5822789465 0.0140656564 0.5336942115 0.7349361919 -0.4183769623 0.2332747369 0.3475917467 0.9081645637
0.7406934944 -0.6716960619 0.0140551708 0.6144858166 0.6688519236 -0.4183829413 0.2716253460 0.3185302259 0.9081619716
0.6587371662 -0.7522420440 0.0140446821 0.6871620455 0.5939352139 -0.4183889159 0.3063881020 0.2852593014 0.9081593814
0.5680808035 -0.8228531109 0.0140341905 0.7507631875 0.5111754646 -0.4183948860 0.3371035997 0.2482184566 0.9081567931
0.4699217117 -0.8825966921 0.0140236958 0.8044493830 0.4216656465 -0.4184008517 0.3633658969 0.2078969979 0.9081542067
0.3655562858 -0.9306837444 0.0140131982 0.8475117141 0.3265878647 -0.4184068130 0.3848278789 0.1648275901 0.9081516223
0.2563628892 -0.9664791739 0.0140026975 0.8793815654 0.2271977476 -0.4184127698 0.4012058467 0.1195792206 0.9081490398
0.1437836489 -0.9895102227 0.0139921938 0.8996381328 0.1248078643 -0.4184187221 0.4122832671 0.0727496818 0.9081464593
0.0293054098 -0.9994727137 0.0139816872 0.9080139792 0.0207703909 -0.4184246700 0.4179136353 0.0249576738 0.9081438807
-0.0855599027 -0.9962350673 0.0139711775 0.9043985656 -0.0835407470 -0.4184306134 0.4180224129 -0.0231653697 0.9081413040
-0.1992952506 -0.9798400395 0.0139606648 0.8888397097 -0.1867480178 -0.4184365523 0.4126080144 -0.0709836243 0.9081387292
-0.3103985188 -0.9505041572 0.0139501492 0.8615429538 -0.2874884763 -0.4184424868 0.4017418304 -0.1178652754 0.9081361564
-0.4174023541 -0.9086148587 0.0139396305 0.8228688491 -0.3844317619 -0.4184484169 0.3855672859 -0.1631908665 0.9081335855
-0.5188935445 -0.8547253766 0.0139291089 0.7733281935 -0.4762976678 -0.4184543424 0.3642979475 -0.2063614843 0.9081310166
-0.6135316835 -0.7895474314 0.0139185843 0.7135752852 -0.5618730463 -0.4184602635 0.3382147036 -0.2468066722 0.9081284495
-0.7000668734 -0.7139418315 0.0139080567 0.6443992808 -0.6400278298 -0.4184661802 0.3076620545 -0.2839919686 0.9081258845
-0.7773562323 -0.6289071051 0.0138975261 0.5667137734 -0.7097299536 -0.4184720923 0.2730435627 -0.3174259696 0.9081233213
-0.8443789890 -0.5355663118 0.0138869926 0.4815447266 -0.7700589846 -0.4184780000 0.2348165224 -0.3466668226 0.9081207601
-0.9002499638 -0.4351522108 0.0138764560 0.3900169252 -0.8202182763 -0.4184839033 0.1934859186 -0.3713280661 0.9081182008
-0.9442312596 -0.3289909796 0.0138659165 0.2933391207 -0.8595454880 -0.4184898020 0.1495977559 -0.3910837372 0.9081156435
-0.9757420074 -0.2184846989 0.0138553740 0.1927880679 -0.8875213310 -0.4184956963 0.1037318462 -0.4056726800 0.9081130881
-0.9943660375 -0.1050928356 0.0138448286 0.0896916641 -0.9037764258 -0.4185015861 0.0564941481 -0.4149019982 0.9081105346
-0.9998573769 0.0096870331 0.0138342802 -0.0145885880 -0.9080961785 -0.4185074715 0.0085087612 -0.4186496052 0.9081079831
-0.9921434968 0.1243389978 0.0138237288 -0.1186755598 -0.9004236144 -0.4185133523 -0.0395903190 -0.4168658396 0.9081054335
-0.9713262713 0.2373488379 0.0138131744 -0.2211946835 -0.8808601292 -0.4185192287 -0.0871675780 -0.4095741227 0.9081028859
-0.9376806320 0.3472240201 0.0138026171 -0.3207921045 -0.8496641489 -0.4185251006 -0.1335943790 -0.3968706514 0.9081003402
-0.8916509365 0.4525134105 0.0137920569 -0.4161525603 -0.8072477162 -0.4185309680 -0.1782572693 -0.3789231294 0.9080977965
-0.8338451001 0.5518264397 0.0137814936 -0.5060167496 -0.7541710484 -0.4185368310 -0.2205660858 -0.3559685523 0.9080952547
-0.7650265672 0.6438514682 0.0137709275 -0.5891979620 -0.6911351378 -0.4185426895 -0.2599617533 -0.3283100793 0.9080927148
-0.6861042280 0.7273731098 0.0137603583 -0.6645977494 -0.6189724940 -0.4185485434 -0.2959236723 -0.2963130285 0.9080901769
-0.5981204153 0.8012882828 0.0137497863 -0.7312204315 -0.5386361488 -0.4185543929 -0.3279765989 -0.2604000520 0.9080876409
-0.5022371378 0.8646207790 0.0137392112 -0.7881862440 -0.4511870698 -0.4185602379 -0.3556969245 -0.2210455532 0.9080851069
-0.3997207338 0.9165341563 0.0137286333 -0.8347429563 -0.3577801488 -0.4185660784 -0.3787182751 -0.1787694199 0.9080825748
-0.2919251461 0.9563427859 0.0137180523 -0.8702758042 -0.2596489497 -0.4185719145 -0.3967363529 -0.1341301563 0.9080800446
-0.1802740410 0.9835209075 0.0137074685 -0.8943156080 -0.1580894174 -0.4185777460 -0.4095129589 -0.0877175048 0.9080775164
-0.0662420051 0.9977095731 0.0136968817 -0.9065449674 -0.0544427638 -0.4185835731 -0.4168791419 -0.0401446544 0.9080749902
0.0486649291 0.9987213876 0.0136862920 -0.9068024522 0.0499222450 -0.4185893956 -0.4187374325 0.0079598601 0.9080724659
0.1629291740 0.9865429841 0.0136756993 -0.8950847334 0.1536273644 -0.4185952137 -0.4150631329 0.0559604627 0.9080699435
0.2750416293 0.9613352002 0.0136651037 -0.8715466259 0.2553030727 -0.4186010272 -0.4059046453 0.1032229335 0.9080674231
0.3835216136 0.9234309538 0.0136545052 -0.8364990431 0.3536066564 -0.4186068363 -0.3913828341 0.1491227888 0.9080649047
0.4869364190 0.8733308467 0.0136439038 -0.7904048905 0.4472399424 -0.4186126409 -0.3716894308 0.1930535321 0.9080623882
0.5839202340 0.8116965526 0.0136332994 -0.7338729509 0.5349664408 -0.4186184410 -0.3470845030 0.2344346684 0.9080598736
0.6731921812 0.7393420788 0.0136226921 -0.6676498449 0.6156276742 -0.4186242365 -0.3178930195 0.2727193746 0.9080573610
0.7535732343 0.6572230153 0.0136120819 -0.5926101693 0.6881584753 -0.4186300276 -0.2845005585 0.3074017257 0.9080548503
0.8240017896 0.5664239144 0.0136014687 -0.5097449474 0.7516010535 -0.4186358142 -0.2473482148 0.3380233801 0.9080523416
0.8835476869 0.4681439669 0.0135908527 -0.4201485401 0.8051176424 -0.4186415962 -0.2069267729 0.3641796371 0.9080498349
0.9314244940 0.3636811642 0.0135802337 -0.3250041935 0.8480015629 -0.4186473738 -0.1637702237 0.3855247854 0.9080473301
0.9669998936 0.2544151558 0.0135696119 -0.2255684127 0.8796865543 -0.4186531469 -0.1184487107 0.4017766726 0.9080448272
0.9898040338 0.1417890280 0.0135589871 -0.1231543678 0.8997542521 -0.4186589154 -0.0715609969 0.4127204348 0.9080423263
0.9995357345 0.0272902449 0.0135483594 -0.0191145518 0.9079397117 -0.4186646794 -0.0237265551 0.4182113370 0.9080398274
0.9960664640 -0.0875689965 0.0135377288 0.0851770804 0.9041349061 -0.4186704390 0.0244226170 0.4181766880 0.9080373304
0.9794420377 -0.2012717380 0.0135270953 0.1883432563 0.8883901521 -0.4186761940 0.0722503470 0.4126168017 0.9080348354
0.9498820121 -0.3123162954 0.0135164589 0.2890215746 0.8609134444 -0.4186819445 0.1191246926 0.4016049961 0.9080323423
0.9077767861 -0.4192360905 0.0135058196 0.3858824965 0.8220677081 -0.4186876905 0.1644262923 0.3852866254 0.9080298512
0.8536824439 -0.5206190211 0.0134951774 0.4776469032 0.7723660051 -0.4186934320 0.2075565484 0.3638771620 0.9080273620
0.7883134120 -0.6151261106 0.0134845324 0.5631029880 0.7124647576 -0.4186991689 0.2479455372 0.3376593509 0.9080248748
0.7125330226 -0.7015091918 0.0134738844 0.6411222586 0.6431550786 -0.4187049014 0.2850595398 0.3069794761 0.9080223896
0.6273421125 -0.7786273918 0.0134632335 0.7106744396 0.5653523237 -0.4187106293 0.3184080948 0.2722427866 0.9080199063
0.5338658042 -0.8454621997 0.0134525798 0.7708410775 0.4800840023 -0.4187163527 0.3475504803 0.2339081435 0.9080174250
0.4333386469 -0.9011309182 0.0134419232 0.8208276694 0.3884762076 -0.4187220716 0.3721015375 0.1924819584 0.9080149456
0.3270883113 -0.9448983214 0.0134312637 0.8599741542 0.2917387451 -0.4187277859 0.3917367621 0.1485115040 0.9080124682
0.2165180552 -0.9761863650 0.0134206013 0.8877636284 0.1911491552 -0.4187334958 0.4061965926 0.1025776838 0.9080099928
0.1030881904 -0.9945818210 0.0134099360 0.9038291719 0.0880358418 -0.4187392011 0.4152898421 0.0552873579 0.9080075193
-0.0117032036 -0.9998417348 0.0133992679 0.9079586922 -0.0162394707 -0.4187449019 0.4188962262 0.0072653249 0.9080050478
-0.1263400651 -0.9918966345 0.0133885969 0.9000977246 -0.1202997206 -0.4187505981 0.4169679534 -0.0408539322 0.9080025782
-0.2393083728 -0.9708514479 0.0133779230 0.8803501504 -0.2227706946 -0.4187562899 0.4095303595 -0.0884346298 0.9080001106
-0.3491161420 -0.9369841173 0.0133672462 0.8489768244 -0.3222991750 -0.4187619771 0.3966815739 -0.1348480836 0.9079976450
-0.4543131287 -0.8907419285 0.0133565666 0.8063921287 -0.4175708106 -0.4187676598 0.3785912252 -0.1794810155 0.9079951813
-0.5535099839 -0.8327356034 0.0133458841 0.7531585000 -0.5073274734 -0.4187733379 0.3554982019 -0.2217436574 0.9079927196
-0.6453966024 -0.7637312342 0.0133351988 0.6899790008 -0.5903838734 -0.4187790115 0.3277074976 -0.2610775440 0.9079902599
-0.7287594259 -0.6846401658 0.0133245106 0.6176880341 -0.6656432106 -0.4187846806 0.2955861832 -0.2969628926 0.9079878021
-0.8024974701 -0.5965069595 0.0133138196 0.5372403238 -0.7321116591 -0.4187903451 0.2595585579 -0.3289254717 0.9079853463
-0.8656368661 -0.5004955972 0.0133031256 0.4496983054 -0.7889114907 -0.4187960051 0.2201005454 -0.3565428684 0.9079828924
-0.9173437222 -0.3978741090 0.0132924289 0.3562180957 -0.8352926657 -0.4188016606 0.1777334059 -0.3794500705 0.9079804406
-0.9569351371 -0.2899978259 0.0132817293 0.2580342240 -0.8706427368 -0.4188073115 0.1330168509 -0.3973442913 0.9079779906
-0.9838882193 -0.1782914799 0.0132710268 0.1564433286 -0.8944949364 -0.4188129579 0.0865416484 -0.4099889717 0.9079755427
-0.9978469929 -0.0642303875 0.0132603215 0.0527870335 -0.9065343400 -0.4188185997 0.0389218178 -0.4172169073 0.9079730967
-0.9986270992 0.0506790349 0.0132496134 -0.0515657695 -0.9066020240 -0.4188242370 -0.0092134818 -0.4189324594 0.9079706527
-0.9862182314 0.1649191667 0.0132389024 -0.1552369988 -0.8946971635 -0.4188298698 -0.0572282647 -0.4151128209 0.9079682107
-0.9607842710 0.2769812261 0.0132281886 -0.2568575814 -0.8709770425 -0.4188354980 -0.1044881212 -0.4058083191 0.9079657706
-0.9226611233 0.3853851968 0.0132174719 -0.3550855328 -0.8357549756 -0.4188411216 -0.1503686002 -0.3911417529 0.9079633326
-0.8723522812 0.4886993751 0.0132067524 -0.4486236793 -0.7894961698 -0.4188467408 -0.1942634600 -0.3713067716 0.9079608964
-0.8105221752 0.5855592781 0.0131960301 -0.5362367881 -0.7328115798 -0.4188523553 -0.2355926792 -0.3465653190 0.9079584623
-0.7379873991 0.6746856649 0.0131853050 -0.6167678791 -0.6664498392 -0.4188579653 -0.2738101205 -0.3172441730 0.9079560301
-0.6557059242 0.7549014316 0.0131745770 -0.6891535035 -0.5912873732 -0.4188635708 -0.3084107482 -0.2837306307 0.9079535999
-0.5647644479 0.8251471575 0.0131638462 -0.7524377873 -0.5083168237 -0.4188691717 -0.3389373019 -0.2464673918 0.9079511717
-0.4663640416 0.8844950968 0.0131531126 -0.8057850538 -0.4186339401 -0.4188747681 -0.3649863392 -0.2059467113 0.9079487454
-0.3618042878 0.9321614320 0.0131423761 -0.8484908587 -0.3234231081 -0.4188803599 -0.3862135680 -0.1627038963 0.9079463211
-0.2524661165 0.9675166252 0.0131316369 -0.8799912923 -0.2239417085 -0.4188859471 -0.4023383967 -0.1173102345 0.9079438988
-0.1397935674 0.9900937333 0.0131208948 -0.8998704256 -0.1215035115 -0.4188915298 -0.4131476438 -0.0703654465 0.9079414785
-0.0252747178 0.9995945741 0.0131101499 -0.9078658023 -0.0174613273 -0.4188971079 -0.4184983556 -0.0224897630 0.9079390601
0.0895779701 0.9958936655 0.0130994022 -0.9038719036 0.0868108595 -0.4189026815 -0.4183196973 0.0256842703 0.9079366438
0.2032476247 0.9790398819 0.0130886517 -0.8879415410 0.1899360350 -0.4189082505 -0.4126138907 0.0735201493 0.9079342294
0.3142329983 0.9492558092 0.0130778984 -0.8602851580 0.2905523403 -0.4189138150 -0.4014561864 0.1203858222 0.9079318169
0.4210682945 0.9069348053 0.0130671423 -0.8212680501 0.3873310564 -0.4189193749 -0.3849938717 0.1656620402 0.9079294065
0.5223425269 0.8526358047 0.0130563834 -0.7714055394 0.4789941509 -0.4189249302 -0.3634443262 0.2087505402 0.9079269980
0.6167181544 0.7870759365 0.0130456217 -0.7113561693 0.5643311551 -0.4189304809 -0.3370921514 0.2490819496 0.9079245915
0.7029487458 0.7111210538 0.0130348572 -0.6419130059 0.6422151493 -0.4189360271 -0.3062854118 0.2861233105 0.9079221870
0.7798954424 0.6257742980 0.0130240899 -0.5639931652 0.7116176442 -0.4189415688 -0.2714310382 0.3193851224 0.9079197845
0.8465419981 0.5321628500 0.0130133198 -0.4786257001 0.7716221625 -0.4189471058 -0.2329894518 0.3484278108 0.9079173839
0.9020082019 0.4315230440 0.0130025469 -0.3869380106 0.8214363413 -0.4189526383 -0.1914684823 0.3728675363 0.9079149854
0.9455615024 0.3251840387 0.0129917712 -0.2901409548 0.8604023950 -0.4189581662 -0.1474166596 0.3923812682 0.9079125888
0.9766266833 0.2145502631 0.0129809927 -0.1895128578 0.8880058015 -0.4189636895 -0.1014159667 0.4067110535 0.9079101942
0.9947934597 0.1010828681 0.0129702115 -0.0863826301 0.9038820961 -0.4189692083 -0.0540741512 0.4156674272 0.9079078015
0.9998218974 -0.0137195711 0.0129594275 0.0178877825 0.9078216836 -0.4189747225 -0.0060166958 0.4191319174 0.9079054109
0.9916455817 -0.1283408466 0.0129486407 0.1219213846 0.8997726052 -0.4189802321 0.0421214455 0.4170586122 0.9079030222
0.9703724943 -0.2412671430 0.0129378511 0.2243443160 0.8798412243 -0.4189857371 0.0897042370 0.4094747682 0.9079006356
0.9362835874 -0.3510070300 0.0129270587 0.3238039947 0.8482908203 -0.4189912376 0.1361029646 0.3964804523 0.9078982509
0.8898290733 -0.4561111603 0.0129162636 0.4189869787 0.8055381115 -0.4189967335 0.1807045436 0.3782472213 0.9078958682
0.8316224781 -0.5551914110 0.0129054657 0.5086363113 0.7521477504 -0.4190022248 0.2229196194 0.3550158570 0.9078934875
0.7624325394 -0.6469392170 0.0128946651 0.5915681201 0.6888248667 -0.4190077115 0.2621903548 0.3270931863 0.9078911087
0.6831730530 -0.7301428530 0.0128838617 0.6666872502 0.6164057544 -0.4190131936 0.2979978022 0.2948480290 0.9078887320
0.5948908046 -0.8037034372 0.0128730555 0.7330017268 0.5358468267 -0.4190186712 0.3298687603 0.2587063263 0.9078863572
0.4987517449 -0.8666494445 0.0128622465 0.7896358544 0.4482119857 -0.4190241441 0.3573820287 0.2191455141 0.9078839845
0.3960255905 -0.9181495370 0.0128514348 0.8358417804 0.3546585711 -0.4190296125 0.3801739732 0.1766882159 0.9078816137
0.2880690549 -0.9575235444 0.0128406204 0.8710093704 0.2564220767 -0.4190350763 0.3979433329 0.1318953390 0.9078792449
0.1763079302 -0.9842514465 0.0128298032 0.8946742654 0.1547998338 -0.4190405355 0.4104552018 0.0853586642 0.9078768781
0.0622182566 -0.9979802414 0.0128189832 0.9065240122 0.0511338782 -0.4190459901 0.4175441340 0.0376930270 0.9078745133
-0.0526931720 -0.9985286078 0.0128081605 0.9064021899 -0.0532067726 -0.4190514401 0.4191163320 -0.0104718049 0.9078721505
-0.1669087082 -0.9858892997 0.0127973350 0.8943104741 -0.1568441988 -0.4190568855 0.4151508872 -0.0584994527 0.9078697896
-0.2789198949 -0.9602292421 0.0127865069 0.8704086137 -0.2584097750 -0.4190623264 0.4057000584 -0.1057553343 0.9078674308
-0.3872473877 -0.9218873265 0.0127756759 0.8350123211 -0.3565622442 -0.4190677626 0.3908885830 -0.1516150495 0.9078650739
-0.4904604928 -0.8713699351 0.0127648422 0.7885891013 -0.4500054301 -0.4190731942 0.3709120304 -0.1954726299 0.9078627191
-0.5871960619 -0.8093442532 0.0127540058 0.7317520778 -0.5375053543 -0.4190786213 0.3460342202 -0.2367485458 0.9078603662
-0.6761764964 -0.7366294574 0.0127431667 0.6652518943 -0.6179065313 -0.4190840437 0.3165837376 -0.2748973646 0.9078580153
-0.7562266197 -0.6541858968 0.0127323248 0.5899668016 -0.6901472279 -0.4190894615 0.2829495939 -0.3094149579 0.9078556665
-0.8262891988 -0.5631024098 0.0127214802 0.5068910585 -0.7532734834 -0.4190948748 0.2455760876 -0.3398451637 0.9078533196
-0.8854389068 -0.4645819434 0.0127106329 0.4171218009 -0.8064517069 -0.4191002834 0.2049569357 -0.3657858147 0.9078509747
-0.9328945442 -0.3599256658 0.0126997828 0.3218445528 -0.8489796856 -0.4191056875 0.1616287512 -0.3868940534 0.9078486318
-0.9680293559 -0.2505157823 0.0126889300 0.2223175698 -0.8802958565 -0.4191110869 0.1161639543 -0.4028908634 0.9078462909
-0.9903793092 -0.1377972795 0.0126780745 0.1198552220 -0.8999867224 -0.4191164817 0.0691632097 -0.4135647582 0.9078439520
-0.9996492224 -0.0232588421 0.0126672163 0.0158106366 -0.9077923112 -0.4191218719 0.0212474910 -0.4187745766 0.9078416151
-0.9957166631 0.0915868090 0.0126563554 -0.0884421718 -0.9036096083 -0.4191272576 -0.0269501238 -0.4184513498 0.9078392802
-0.9786335652 0.2052228950 0.0126454917 -0.1915264465 -0.8874939164 -0.4191326386 -0.0747928165 -0.4125992144 0.9078369473
-0.9486255435 0.3161486114 0.0126346253 -0.2920808699 -0.8596581238 -0.4191380149 -0.1216484431 -0.4012953596 0.9078346164
-0.9060889135 0.4228989495 0.0126237563 -0.3887775410 -0.8204698928 -0.4191433867 -0.1668978860 -0.3846890088 0.9078322875
-0.8515854578 0.5240640450 0.0126128845 -0.4803395114 -0.7704468027 -0.4191487539 -0.2099432349 -0.3629994502 0.9078299605
-0.7858350058 0.6183077979 0.0126020100 -0.5655576482 -0.7102495147 -0.4191541165 -0.2502156872 -0.3365131407 0.9078276356
-0.7097059280 0.7043855188 0.0125911328 -0.6433066013 -0.6406730459 -0.4191594744 -0.2871830644 -0.3055799226 0.9078253127
-0.6242036663 0.7811603678 0.0125802529 -0.7125596643 -0.5626362697 -0.4191648277 -0.3203568444 -0.2706084031 0.9078229918
-0.5304574558 0.8476183684 0.0125693704 -0.7724023327 -0.4771697808 -0.4191701764 -0.3492986173 -0.2320605563 0.9078206729
-0.4297054106 0.9028817999 0.0125584851 -0.8220443797 -0.3854022844 -0.4191755205 -0.3736258796 -0.1904456212 0.9078183560
-0.3232781719 0.9462207889 0.0125475971 -0.8608302918 -0.2885456901 -0.4191808600 -0.3930170890 -0.1463133738 0.9078160411
-0.2125813342 0.9770629495 0.0125367065 -0.8882479244 -0.1878791071 -0.4191861948 -0.4072159147 -0.1002468641 0.9078137282
-0.0990768814 0.9950009425 0.0125258131 -0.9039352640 -0.0847319522 -0.4191915251 -0.4160346259 -0.0528547132 0.9078114173
0.0157361215 0.9997978552 0.0125149171 -0.9076852090 0.0195336072 -0.4191968507 -0.4193565737 -0.0047630726 0.9078091084
0.1303413273 0.9913903308 0.0125040184 -0.8994483027 0.1235406413 -0.4192021717 -0.4171377341 0.0433926493 0.9078068015
0.2432251323 0.9698894045 0.0124931170 -0.8793333865 0.2259156420 -0.4192074880 -0.4094072915 0.0909761819 0.9078044966
0.3528966676 0.9355790380 0.0124822129 -0.8476061613 0.3253066613 -0.4192127998 -0.3962672549 0.1373587995 0.9078021937
0.4579074884 0.8889123683 0.0124713062 -0.8046856775 0.4204011646 -0.4192181069 -0.3778911119 0.1819276290 0.9077998928
0.5568707040 0.8305057240 0.0124603967 -0.7511388010 0.5099433642 -0.4192234093 -0.3545215377 0.2240937476 0.9077975939
0.6484792949 0.7611304845 0.0124494847 -0.6876727254 0.5927508024 -0.4192287072 -0.3264671910 0.2632999654 0.9077952971
0.7315233744 0.6817028933 0.0124385699 -0.6151256331 0.6677299667 -0.4192340004 -0.2940986369 0.2990281875 0.9077930022
0.8049061680 0.5932719563 0.0124276525 -0.5344556248 0.7338907300 -0.4192392890 -0.2578434521 0.3308062608 0.9077907094
0.8676584985 0.4970055882 0.0124167324 -0.4467280669 0.7903594260 -0.4192445730 -0.2181805770 0.3582142138 0.9077884185
0.9189515862 0.3941751871 0.0124058096 -0.3531015211 0.8363903856 -0.4192498523 -0.1756339889 0.3808898065 0.9077861297
0.9581079945 0.2861388436 0.0123948842 -0.2548124447 0.8713757838 -0.4192551270 -0.1307657791 0.3985333181 0.9077838429
0.9846105771 0.1743234038 0.0123839561 -0.1531588611 0.8948536656 -0.4192603970 -0.0841687280 0.4109115088 0.9077815580
0.9981093081 0.0602056256 0.0123730254 -0.0494832181 0.9065140459 -0.4192656624 -0.0364584728 0.4178607031 0.9077792752
0.9984259047 -0.0547073259 0.0123620920 0.0548453405 0.9062030024 -0.4192709232 0.0117346261 0.4192889539 0.9077769944
0.9855561820 -0.1688977829 0.0123511560 0.1584490560 0.8939247072 -0.4192761793 0.0597738136 0.4151772595 0.9077747157
0.9596701082 -0.2808576196 0.0123402173 0.2599597494 0.8698413709 -0.4192814308 0.1070243531 0.4055798159 0.9077724389
0.9211095599 -0.3891081695 0.0123292760 0.3580368894 0.8342710997 -0.4192866777 0.1528619130 0.3906233028 0.9077701641
0.8703838071 -0.4922197549 0.0123183320 0.4513852952 0.7876836936 -0.4192919199 0.1966808168 0.3705052114 0.9077678914
0.8081627869 -0.5888305683 0.0123073854 0.5387722401 0.7306944417 -0.4192971574 0.2379020454 0.3454912369 0.9077656207
0.7352682560 -0.6776646585 0.0122964361 0.6190437308 0.6640559953 -0.4193023903 0.2759808890 0.3159117690 0.9077633519
0.6526629376 -0.7575487818 0.0122854843 0.6911397462 0.5886484284 -0.4193076186 0.3104141447 0.2821575286 0.9077610852
0.5614378063 -0.8274278975 0.0122745297 0.7541082356 0.5054676145 -0.4193128422 0.3407467662 0.2446744063 0.9077588205
0.4627976802 -0.8863791017 0.0122635726 0.8071176908 0.4156120748 -0.4193180612 0.3665778776 0.2039575724 0.9077565579
0.3580453081 -0.9336238165 0.0122526128 0.8494681264 0.3202684700 -0.4193232755 0.3875660713 0.1605449354 0.9077542972
0.2485641644 -0.9685380727 0.0122416504 0.8806003225 0.2206959299 -0.4193284852 0.4034339205 0.1150100358 0.9077520385
0.1358001771 -0.9906607503 0.0122306854 0.9001032098 0.1182094242 -0.4193336902 0.4139716459 0.0679544686 0.9077497819
0.0212426318 -0.9996996694 0.0122197177 0.9077192965 0.0141623973 -0.4193388906 0.4190398898 0.0199999352 0.9077475273
-0.0935954982 -0.9955354485 0.0122087474 0.9033480687 -0.0900711057 -0.4193440863 0.4185715584 -0.0282199703 0.9077452747
-0.2071975331 -0.9782230812 0.0121977745 0.8870473161 -0.1931145842 -0.4193492774 0.4125727104 -0.0760681326 0.9077430241
-0.3180631181 -0.9479912103 0.0121867990 0.8590323686 -0.2936072606 -0.4193544638 0.4011224784 -0.1229123335 0.9077407756
-0.4247280386 -0.9052391080 0.0121758209 0.8196732516 -0.3902220500 -0.4193596455 0.3843720252 -0.1681336050 0.9077385290
-0.5257835582 -0.8505314025 0.0121648402 0.7694897988 -0.4816830858 -0.4193648226 0.3625425485 -0.2111344082 0.9077362845
-0.6198950241 -0.7845906212 0.0121538569 0.7091447862 -0.5667825681 -0.4193699951 0.3359223591 -0.2513465290 0.9077340420
-0.7058194939 -0.7082876483 0.0121428709 0.6394351790 -0.6443967137 -0.4193751628 0.3048630739 -0.2882385864 0.9077318015
-0.7824221516 -0.6226302226 0.0121318824 0.5612816064 -0.7135005960 -0.4193803259 0.2697749710 -0.3213230545 0.9077295631
-0.8486912950 -0.5287496286 0.0121208912 0.4757162028 -0.7731816798 -0.4193854844 0.2311215701 -0.3501627055 0.9077273266
-0.9037516975 -0.4278857554 0.0121098975 0.3838689771 -0.8226518711 -0.4193906382 0.1894135098 -0.3743763872 0.9077250922
-0.9468761673 -0.3213707212 0.0120989011 0.2869528896 -0.8612579247 -0.4193957873 0.1452018011 -0.3936440610 0.9077228598
-0.9774951515 -0.2106112804 0.0120879022 0.1862478329 -0.8884900693 -0.4194009317 0.0990705483 -0.4077110317 0.9077206294
-0.9952042586 -0.0970702438 0.0120769006 0.0830837299 -0.9039887394 -0.4194060715 0.0516292318 -0.4163913145 0.9077184011
-0.9997695989 0.0177528405 0.0120658965 -0.0211770298 -0.9075493227 -0.4194112066 0.0035046560 -0.4195700936 0.9077161748
-0.9911308739 0.1323414916 0.0120548898 -0.1251575814 -0.8991248612 -0.4194163371 -0.0446673325 -0.4172052415 0.9077139505
-0.9694021728 0.2451823248 0.0120438805 -0.2274847678 -0.8788266706 -0.4194214628 -0.0922502459 -0.4093278767 0.9077117282
-0.9348704652 0.3547850382 0.0120328686 -0.3268072733 -0.8469228695 -0.4194265839 -0.1386153650 -0.3960419546 0.9077095079
-0.8879918119 0.4597020959 0.0120218542 -0.4218134688 -0.8038348377 -0.4194317004 -0.1831500465 -0.3775228956 0.9077072897
-0.8293853410 0.5585478456 0.0120108372 -0.5112487330 -0.7501316509 -0.4194368121 -0.2252658187 -0.3540152687 0.9077050735
-0.7598250715 0.6500168190 0.0119998176 -0.5939320205 -0.6865225644 -0.4194419192 -0.2644061566 -0.3258295621 0.9077028593
-0.6802296906 0.7329009734 0.0119887954 -0.6687714581 -0.6138476463 -0.4194470216 -0.3000538366 -0.2933380819 0.9077006472
-0.5916504205 0.8061056463 0.0119777706 -0.7347787633 -0.5330666830 -0.4194521193 -0.3317377713 -0.2569700342 0.9076984370
-0.4952571349 0.8686640129 0.0119667433 -0.7910822955 -0.4452465034 -0.4194572124 -0.3590392347 -0.2172058560 0.9076962290
-0.3923229085 0.9197498553 0.0119557134 -0.8369385655 -0.3515468900 -0.4194623007 -0.3815973965 -0.1745708675 0.9076940229
-0.2842072031 0.9586884741 0.0119446810 -0.8717420538 -0.2532052627 -0.4194673844 -0.3991140906 -0.1296283329 0.9076918189
-0.1723379135 0.9849655992 0.0119336460 -0.8950332061 -0.1515203368 -0.4194724634 -0.4113577562 -0.0829720185 0.9076896168
-0.0581925085 0.9982341826 0.0119226084 -0.9065045012 -0.0478349723 -0.4194775377 -0.4181664994 -0.0352183483 0.9076874169
0.0567214815 0.9983189811 0.0119115683 -0.9060045118 0.0564815605 -0.4194826074 -0.4194502332 0.0130017404 0.9076852189
0.1708863751 0.9852188713 0.0119005256 -0.8935399028 0.1600516630 -0.4194876723 -0.4151918700 0.0610511332 0.9076830230
0.2827943836 0.9591068641 0.0118894804 -0.8692753429 0.2615076013 -0.4194927326 -0.4054475488 0.1082949566 0.9076808291
0.3909675252 0.9203278204 0.0118784326 -0.8335313289 0.3595095679 -0.4194977882 -0.3903458952 0.1541089664 0.9076786373
0.4939771442 0.8693938959 0.0118673822 -0.7867799527 0.4527633753 -0.4195028391 -0.3700863236 0.1978877960 0.9076764474
0.5904627800 0.8069777772 0.0118563294 -0.7296386659 0.5400375463 -0.4195078853 -0.3449364038 0.2390529558 0.9076742597
0.6791501343 0.7339037979 0.0118452740 -0.6628621250 0.6201795768 -0.4195129268 -0.3152283272 0.2770604771 0.9076720739
0.7588679014 0.6511370512 0.0118342160 -0.5873322251 0.6921311549 -0.4195179636 -0.2813545194 0.3114081002 0.9076698902
0.8285632377 0.5597706442 0.0118231555 -0.5040464524 0.7549421368 -0.4195229957 -0.2437624559 0.3416419121 0.9076677085
0.8873156665 0.4610112607 0.0118120925 -0.4141047117 0.8077830931 -0.4195280232 -0.2029487514 0.3673623443 0.9076655288
0.9343492351 0.3561632248 0.0118010269 -0.3186947999 0.8499562623 -0.4195330459 -0.1594525993 0.3882294546 0.9076633512
0.9690427628 0.2466112745 0.0117899588 -0.2190767201 0.8809047642 -0.4195380640 -0.1138486476 0.4039674191 0.9076611756
0.9909380452 0.1338022732 0.0117788882 -0.1165660414 0.9002199533 -0.4195430773 -0.0667394077 0.4143681785 0.9076590021
0.9997459055 0.0192261011 0.0117678151 -0.0125165255 0.9076468147 -0.4195480860 -0.0187472938 0.4192941889 0.9076568306
0.9953500138 -0.0956040223 0.0117567394 0.0916977509 0.9030873309 -0.4195530899 0.0294936005 0.4186802404 0.9076546611
0.9778084237 -0.2091715228 0.0117456612 0.1947005426 0.8866017756 -0.4195580892 0.0773458803 0.4125343204 0.9076524937
0.9473528054 -0.3199765017 0.0117345805 0.2951316103 0.8584079167 -0.4195630837 0.1241772710 0.4009375101 0.9076503283
0.9043853863 -0.4265555446 0.0117234973 0.3916646833 0.8188781396 -0.4195680736 0.1693689725 0.3840429142 0.9076481649
0.8494736385 -0.5275010492 0.0117124115 0.4830249747 0.7685345290 -0.4195730587 0.2123238360 0.3620736401 0.9076460036
0.7833427844 -0.6214798156 0.0117013233 0.5680060150 0.7080419733 -0.4195780392 0.2524742544 0.3353198515 0.9076438443
0.7068662184 -0.7072506541 0.0116902325 0.6454855850 0.6381993836 -0.4195830149 0.2892896625 0.3041349356 0.9076416871
0.6210539725 -0.7836807775 0.0116791393 0.7144405347 0.5599291424 -0.4195879859 0.3222835486 0.2689308360 0.9076395318
0.5270393759 -0.8497607622 0.0116680435 0.7739602948 0.4742649223 -0.4195929522 0.3510198832 0.2301726101 0.9076373787
0.4260640876 -0.9046178800 0.0116569452 0.8232589008 0.3823380348 -0.4195979139 0.3751188818 0.1883722862 0.9076352276
0.3194616976 -0.9475276239 0.0116458445 0.8616853719 0.2853624899 -0.4196028708 0.3942620239 0.1440820992 0.9076330785
0.2086401141 -0.9779232769 0.0116347412 0.8887323069 0.1846189632 -0.4196078230 0.4081962634 0.0978871944 0.9076309314
0.0950629688 -0.9954033972 0.0116236354 0.9040425842 0.0814378837 -0.4196127704 0.4167373729 0.0503978971 0.9076287864
-0.0197697131 -0.9997371193 0.0116125272 0.9074140771 -0.0228181365 -0.4196177132 0.4197723800 0.0022416488 0.9076266435
-0.1343413240 -0.9908672039 0.0116014164 0.8988023227 -0.1267722967 -0.4196226513 0.4172610614 -0.0459452825 0.9076245026
-0.2471387038 -0.9689107936 0.0115903032 0.8783211076 -0.2290517893 -0.4196275846 0.4092364757 -0.0935262094 0.9076223637
-0.3566721246 -0.9341578656 0.0115791875 0.8462409648 -0.3283059295 -0.4196325132 0.3958045288 -0.1398724373 0.9076202269
-0.4614949656 -0.8870674025 0.0115680693 0.8029856003 -0.4232239916 -0.4196374371 0.3771425758 -0.1843715716 0.9076180921
-0.5602228185 -0.8282613299 0.0115569486 0.7491262968 -0.5125525185 -0.4196423563 0.3534970792 -0.2264356095 0.9076159594
-0.6515517723 -0.7585163030 0.0115458254 0.6853743687 -0.5951118742 -0.4196472708 0.3251803543 -0.2655087102 0.9076138287
-0.7342756332 -0.6787534495 0.0115346998 0.6125717678 -0.6698118218 -0.4196521806 0.2925664434 -0.3010745392 0.9076117000
-0.8073018559 -0.5900262035 0.0115235717 0.5316799639 -0.7356659205 -0.4196570856 0.2560861759 -0.3326630919 0.9076095734
-0.8696659724 -0.4935063932 0.0115124411 0.4437672471 -0.7918045516 -0.4196619859 0.2162214763 -0.3598569048 0.9076074489
-0.9205443302 -0.3904687645 0.0115013081 0.3499946198 -0.8374864027 -0.4196668815 0.1734989978 -0.3822965724 0.9076053264
-0.9592649701 -0.2822741451 0.0114901725 0.2516004637 -0.8721082560 -0.4196717724 0.1284831651 -0.3996854974 0.9076032059
-0.9853165013 -0.1703514720 0.0114790346 0.1498841859 -0.8952129541 -0.4196766585 0.0817687170 -0.4117938111 0.9076010875
-0.9983548550 -0.0561789194 0.0114678941 0.0461890583 -0.9064954363 -0.4196815399 0.0339728491 -0.4184614117 0.9075989712
-0.9982078287 0.0587356238 0.0114567512 -0.0581155213 -0.9058067663 -0.4196864166 -0.0142729407 -0.4196000817 0.9075968569
-0.9848773610 0.1728744685 0.0114456059 -0.1616521134 -0.8931560986 -0.4196912885 -0.0623311958 -0.4151946551 0.9075947446
